-1.5 0.003849191008333481
-1.49 0.004520306613683817
-1.48 0.005273556800299847
-1.47 0.006113325029762484
-1.46 0.0070435464285190505
-1.45 0.008067667495768501
-1.44 0.009188622561566853
-1.43 0.010408827278169126
-1.42 0.01173018851915734
-1.41 0.01315412923508567
-1.4000000000000001 0.014681626126192962
-1.3900000000000001 0.016313257482321788
-1.3800000000000001 0.0180492582302738
-1.37 0.01988957912420733
-1.36 0.021833947103458033
-1.35 0.023881924098597653
-1.34 0.026032961954845092
-1.33 0.028286451620571276
-1.32 0.03064176527455856
-1.31 0.03309829059814048
-1.3 0.03565545690190174
-1.29 0.038312753263127684
-1.28 0.04106973919992796
-1.27 0.043926048689723135
-1.26 0.04688138853033318
-1.25 0.04993553214479112
-1.24 0.0530883099550867
-1.23 0.056339597407866815
-1.22 0.05968930164132726
-1.21 0.06313734765240597
-1.2 0.0666836646716852
-1.19 0.07032817329339855
-1.18 0.0740707737508199
-1.17 0.07791133558184085
-1.16 0.0818496888019663
-1.1500000000000001 0.08588561659606571
-1.1400000000000001 0.09001884945765486
-1.1300000000000001 0.09424906064503497
-1.12 0.09857586278567797
-1.11 0.10299880544117195
-1.1 0.10751737344160923
-1.09 0.11213098580701121
-1.08 0.11683899509078176
-1.07 0.12164068700307337
-1.06 0.12653528019755508
-1.05 0.13152192613111124
-1.04 0.13659970893074042
-1.03 0.14176764522414323
-1.02 0.1470246839094488
-1.01 0.1523697058549012
-1.0 0.15780152353108878
-0.99 0.1633188805866952
-0.98 0.16892045138415945
-0.97 0.17460484051454395
-0.96 0.18037058231183706
-0.9500000000000001 0.1862161403863574
-0.9400000000000001 0.1921399071953515
-0.93 0.19814020366666996
-0.92 0.20421527888890204
-0.91 0.2103633098787839
-0.9 0.21658240143426954
-0.89 0.22287058607945293
-0.88 0.22922582410566017
-0.87 0.23564600371147615
-0.86 0.24212894124325418
-0.85 0.2486723815367415
-0.84 0.2552739983597957
-0.8300000000000001 0.26193139495574047
-0.8200000000000001 0.2686421046866286
-0.81 0.2754035917755589
-0.8 0.28221325214713605
-0.79 0.28906841436517267
-0.78 0.29596634066676875
-0.77 0.30290422809195333
-0.76 0.30987920970810673
-0.75 0.3168883559284143
-0.74 0.3239286759235954
-0.73 0.33099711912613966
-0.72 0.33809057682623356
-0.71 0.34520588385849044
-0.7000000000000001 0.35233982037851014
-0.6900000000000001 0.35948911372819203
-0.68 0.36665044038859773
-0.67 0.3738204280190382
-0.66 0.38099565758091425
-0.65 0.3881726655446994
-0.64 0.39534794617830843
-0.63 0.4025179539149429
-0.62 0.40967910579836236
-0.61 0.41682778400338094
-0.6 0.42396033842925074
-0.59 0.4310730893634438
-0.58 0.43816233021322126
-0.5700000000000001 0.44522433030223024
-0.56 0.4522553377292597
-0.55 0.4592515822861385
-0.54 0.4662092784316636
-0.53 0.47312462831831054
-0.52 0.4799938248683835
-0.51 0.48681305489614146
-0.5 0.4935785022723515
-0.49 0.5002863511276088
-0.48 0.5069327890906846
-0.47000000000000003 0.5135140105580647
-0.46 0.5200262199907737
-0.45 0.526465635234496
-0.44 0.5328284908589342
-0.43 0.5391110415122954
-0.42 0.5453095652867154
-0.41000000000000003 0.5514203670904086
-0.4 0.5574397820222607
-0.39 0.5633641787445574
-0.38 0.5691899628495095
-0.37 0.5749135802152125
-0.36 0.5805315203466458
-0.35000000000000003 0.5860403196973337
-0.34 0.5914365649672618
-0.33 0.5967168963726585
-0.32 0.601878010883264
-0.31 0.606916665422723
-0.3 0.6118296800277606
-0.29 0.616613940961852
-0.28 0.6212664037791015
-0.27 0.6257840963341418
-0.26 0.6301641217338788
-0.25 0.6344036612269887
-0.24 0.638499977027145
-0.23 0.6424504150660223
-0.22 0.646252407672208
-0.21 0.6499034761722565
-0.2 0.6534012334101916
-0.19 0.6567433861818973
-0.18 0.6599277375809223
-0.17 0.6629521892523542
-0.16 0.6658147435515364
-0.15 0.668513505604526
-0.14 0.6710466852673389
-0.13 0.6734125989811397
-0.12 0.6756096715207163
-0.11 0.6776364376336875
-0.1 0.6794915435680814
-0.09 0.6811737484860539
-0.08 0.6826819257616967
-0.07 0.6840150641610376
-0.06 0.685172268902518
-0.05 0.6861527625963889
-0.04 0.6869558860616587
-0.03 0.6875810990193936
-0.02 0.6880279806613565
-0.01 0.6882962300931461
0.0 0.6883856666511937
0.01 0.6882962300931458
0.02 0.6880279806613563
0.03 0.6875810990193936
0.04 0.6869558860616581
0.05 0.6861527625963888
0.06 0.6851722689025179
0.07 0.6840150641610376
0.08 0.6826819257616964
0.09 0.6811737484860538
0.1 0.6794915435680808
0.11 0.6776364376336872
0.12 0.6756096715207162
0.13 0.6734125989811396
0.14 0.6710466852673386
0.15 0.6685135056045257
0.16 0.6658147435515361
0.17 0.662952189252354
0.18 0.6599277375809219
0.19 0.6567433861818969
0.2 0.6534012334101911
0.21 0.6499034761722562
0.22 0.6462524076722074
0.23 0.6424504150660214
0.24 0.6384999770271448
0.25 0.634403661226988
0.26 0.6301641217338783
0.27 0.6257840963341411
0.28 0.621266403779101
0.29 0.6166139409618514
0.3 0.6118296800277603
0.31 0.6069166654227222
0.32 0.6018780108832632
0.33 0.5967168963726578
0.34 0.5914365649672616
0.35000000000000003 0.5860403196973337
0.36 0.580531520346645
0.37 0.574913580215212
0.38 0.5691899628495091
0.39 0.5633641787445565
0.4 0.5574397820222601
0.41000000000000003 0.5514203670904083
0.42 0.5453095652867149
0.43 0.5391110415122949
0.44 0.5328284908589335
0.45 0.5264656352344955
0.46 0.5200262199907734
0.47000000000000003 0.5135140105580638
0.48 0.5069327890906841
0.49 0.5002863511276083
0.5 0.49357850227235095
0.51 0.4868130548961407
0.52 0.47999382486838305
0.53 0.4731246283183102
0.54 0.466209278431663
0.55 0.4592515822861379
0.56 0.45225533772925924
0.5700000000000001 0.4452243303022298
0.58 0.4381623302132208
0.59 0.4310730893634435
0.6 0.4239603384292504
0.61 0.41682778400338066
0.62 0.409679105798362
0.63 0.40251795391494233
0.64 0.395347946178308
0.65 0.388172665544699
0.66 0.3809956575809139
0.67 0.37382042801903786
0.68 0.36665044038859773
0.6900000000000001 0.3594891137281918
0.7000000000000001 0.3523398203785099
0.71 0.34520588385849005
0.72 0.33809057682623306
0.73 0.3309971191261393
0.74 0.3239286759235952
0.75 0.3168883559284142
0.76 0.30987920970810656
0.77 0.30290422809195305
0.78 0.29596634066676863
0.79 0.28906841436517244
0.8 0.28221325214713594
0.81 0.2754035917755586
0.8200000000000001 0.2686421046866284
0.8300000000000001 0.2619313949557404
0.84 0.25527399835979564
0.85 0.2486723815367414
0.86 0.24212894124325413
0.87 0.23564600371147612
0.88 0.22922582410565998
0.89 0.22287058607945284
0.9 0.21658240143426952
0.91 0.21036330987878374
0.92 0.20421527888890195
0.93 0.19814020366666985
0.9400000000000001 0.1921399071953515
0.9500000000000001 0.18621614038635734
0.96 0.18037058231183703
0.97 0.17460484051454395
0.98 0.16892045138415931
0.99 0.16331888058669514
1.0 0.15780152353108876
1.01 0.15236970585490112
1.02 0.14702468390944876
1.03 0.14176764522414315
1.04 0.1365997089307404
1.05 0.13152192613111122
1.06 0.12653528019755503
1.07 0.12164068700307334
1.08 0.11683899509078177
1.09 0.11213098580701121
1.1 0.10751737344160926
1.11 0.10299880544117197
1.12 0.09857586278567795
1.1300000000000001 0.09424906064503498
1.1400000000000001 0.09001884945765484
1.1500000000000001 0.08588561659606572
1.16 0.08184968880196632
1.17 0.0779113355818409
1.18 0.07407077375081988
1.19 0.07032817329339862
1.2 0.06668366467168517
1.21 0.06313734765240597
1.22 0.05968930164132724
1.23 0.056339597407866815
1.24 0.05308830995508668
1.25 0.04993553214479114
1.26 0.04688138853033318
1.27 0.04392604868972315
1.28 0.04106973919992797
1.29 0.03831275326312769
1.3 0.03565545690190174
1.31 0.033098290598140505
1.32 0.03064176527455856
1.33 0.0282864516205713
1.34 0.02603296195484511
1.35 0.023881924098597664
1.36 0.021833947103458044
1.37 0.019889579124207326
1.3800000000000001 0.018049258230273802
1.3900000000000001 0.0163132574823218
1.4000000000000001 0.014681626126192969
1.41 0.01315412923508567
1.42 0.011730188519157346
1.43 0.010408827278169129
1.44 0.009188622561566863
1.45 0.008067667495768507
1.46 0.007043546428519052
1.47 0.006113325029762486
1.48 0.005273556800299848
1.49 0.00452030661368382
1.5 0.0038491910083334802
