-1.5 0.0038491910083334776
-1.49 0.004520306613683811
-1.48 0.005273556800299839
-1.47 0.006113325029762483
-1.46 0.007043546428519046
-1.45 0.008067667495768495
-1.44 0.009188622561566844
-1.43 0.010408827278169117
-1.42 0.011730188519157326
-1.41 0.01315412923508566
-1.4000000000000001 0.014681626126192952
-1.3900000000000001 0.016313257482321774
-1.3800000000000001 0.018049258230273802
-1.37 0.019889579124207316
-1.36 0.02183394710345802
-1.35 0.02388192409859763
-1.34 0.02603296195484507
-1.33 0.02828645162057125
-1.32 0.03064176527455853
-1.31 0.03309829059814047
-1.3 0.03565545690190172
-1.29 0.038312753263127636
-1.28 0.04106973919992791
-1.27 0.04392604868972312
-1.26 0.046881388530333176
-1.25 0.04993553214479108
-1.24 0.053088309955086635
-1.23 0.056339597407866766
-1.22 0.05968930164132724
-1.21 0.06313734765240592
-1.2 0.06668366467168513
-1.19 0.07032817329339847
-1.18 0.07407077375081986
-1.17 0.07791133558184082
-1.16 0.08184968880196625
-1.1500000000000001 0.08588561659606565
-1.1400000000000001 0.09001884945765475
-1.1300000000000001 0.09424906064503484
-1.12 0.09857586278567791
-1.11 0.10299880544117192
-1.1 0.10751737344160922
-1.09 0.11213098580701117
-1.08 0.11683899509078169
-1.07 0.12164068700307329
-1.06 0.12653528019755494
-1.05 0.1315219261311112
-1.04 0.13659970893074042
-1.03 0.14176764522414306
-1.02 0.14702468390944864
-1.01 0.15236970585490098
-1.0 0.15780152353108873
-0.99 0.1633188805866951
-0.98 0.16892045138415926
-0.97 0.17460484051454386
-0.96 0.18037058231183695
-0.9500000000000001 0.18621614038635748
-0.9400000000000001 0.19213990719535134
-0.93 0.19814020366666985
-0.92 0.20421527888890184
-0.91 0.21036330987878385
-0.9 0.2165824014342694
-0.89 0.22287058607945262
-0.88 0.22922582410565992
-0.87 0.23564600371147598
-0.86 0.2421289412432541
-0.85 0.2486723815367411
-0.84 0.2552739983597955
-0.8300000000000001 0.26193139495574025
-0.8200000000000001 0.2686421046866283
-0.81 0.27540359177555873
-0.8 0.2822132521471359
-0.79 0.28906841436517233
-0.78 0.29596634066676847
-0.77 0.3029042280919531
-0.76 0.3098792097081065
-0.75 0.31688835592841424
-0.74 0.3239286759235951
-0.73 0.3309971191261394
-0.72 0.33809057682623334
-0.71 0.3452058838584902
-0.7000000000000001 0.35233982037850986
-0.6900000000000001 0.3594891137281916
-0.68 0.36665044038859756
-0.67 0.37382042801903803
-0.66 0.38099565758091375
-0.65 0.3881726655446992
-0.64 0.39534794617830804
-0.63 0.4025179539149425
-0.62 0.4096791057983618
-0.61 0.4168277840033806
-0.6 0.42396033842925074
-0.59 0.4310730893634438
-0.58 0.4381623302132209
-0.5700000000000001 0.4452243303022299
-0.56 0.45225533772925897
-0.55 0.459251582286138
-0.54 0.46620927843166327
-0.53 0.47312462831831026
-0.52 0.4799938248683832
-0.51 0.4868130548961412
-0.5 0.49357850227235095
-0.49 0.5002863511276087
-0.48 0.5069327890906843
-0.47000000000000003 0.5135140105580641
-0.46 0.5200262199907733
-0.45 0.5264656352344953
-0.44 0.532828490858934
-0.43 0.5391110415122949
-0.42 0.5453095652867147
-0.41000000000000003 0.5514203670904084
-0.4 0.5574397820222604
-0.39 0.5633641787445566
-0.38 0.5691899628495093
-0.37 0.574913580215212
-0.36 0.5805315203466452
-0.35000000000000003 0.5860403196973334
-0.34 0.5914365649672615
-0.33 0.596716896372658
-0.32 0.6018780108832632
-0.31 0.6069166654227219
-0.3 0.6118296800277603
-0.29 0.6166139409618514
-0.28 0.6212664037791009
-0.27 0.6257840963341412
-0.26 0.630164121733878
-0.25 0.6344036612269884
-0.24 0.6384999770271446
-0.23 0.6424504150660214
-0.22 0.6462524076722079
-0.21 0.6499034761722561
-0.2 0.6534012334101915
-0.19 0.6567433861818968
-0.18 0.6599277375809216
-0.17 0.6629521892523539
-0.16 0.665814743551536
-0.15 0.6685135056045256
-0.14 0.6710466852673383
-0.13 0.6734125989811389
-0.12 0.6756096715207154
-0.11 0.677636437633687
-0.1 0.6794915435680812
-0.09 0.6811737484860533
-0.08 0.6826819257616964
-0.07 0.6840150641610372
-0.06 0.6851722689025174
-0.05 0.6861527625963886
-0.04 0.6869558860616585
-0.03 0.6875810990193933
-0.02 0.6880279806613561
-0.01 0.6882962300931454
0.0 0.6883856666511935
0.01 0.6882962300931454
0.02 0.688027980661356
0.03 0.6875810990193932
0.04 0.6869558860616581
0.05 0.6861527625963886
0.06 0.6851722689025171
0.07 0.6840150641610371
0.08 0.6826819257616958
0.09 0.6811737484860532
0.1 0.6794915435680808
0.11 0.6776364376336866
0.12 0.6756096715207154
0.13 0.6734125989811387
0.14 0.6710466852673379
0.15 0.6685135056045255
0.16 0.6658147435515356
0.17 0.6629521892523538
0.18 0.6599277375809214
0.19 0.6567433861818962
0.2 0.653401233410191
0.21 0.6499034761722553
0.22 0.6462524076722074
0.23 0.6424504150660212
0.24 0.6384999770271442
0.25 0.6344036612269874
0.26 0.6301641217338778
0.27 0.6257840963341407
0.28 0.6212664037791001
0.29 0.6166139409618511
0.3 0.61182968002776
0.31 0.6069166654227216
0.32 0.6018780108832629
0.33 0.5967168963726573
0.34 0.591436564967261
0.35000000000000003 0.5860403196973334
0.36 0.5805315203466447
0.37 0.5749135802152116
0.38 0.5691899628495085
0.39 0.5633641787445559
0.4 0.5574397820222597
0.41000000000000003 0.551420367090408
0.42 0.545309565286714
0.43 0.5391110415122945
0.44 0.5328284908589332
0.45 0.5264656352344951
0.46 0.5200262199907729
0.47000000000000003 0.5135140105580636
0.48 0.5069327890906836
0.49 0.5002863511276082
0.5 0.4935785022723505
0.51 0.48681305489614063
0.52 0.47999382486838255
0.53 0.47312462831831
0.54 0.46620927843166277
0.55 0.4592515822861374
0.56 0.45225533772925863
0.5700000000000001 0.44522433030222963
0.58 0.4381623302132205
0.59 0.4310730893634434
0.6 0.4239603384292503
0.61 0.41682778400338016
0.62 0.4096791057983615
0.63 0.40251795391494194
0.64 0.3953479461783076
0.65 0.3881726655446987
0.66 0.3809956575809133
0.67 0.37382042801903753
0.68 0.3666504403885975
0.6900000000000001 0.35948911372819137
0.7000000000000001 0.3523398203785097
0.71 0.34520588385848977
0.72 0.33809057682623306
0.73 0.3309971191261391
0.74 0.3239286759235948
0.75 0.3168883559284141
0.76 0.30987920970810645
0.77 0.3029042280919529
0.78 0.29596634066676847
0.79 0.2890684143651722
0.8 0.28221325214713583
0.81 0.2754035917755585
0.8200000000000001 0.26864210468662814
0.8300000000000001 0.2619313949557402
0.84 0.2552739983597955
0.85 0.24867238153674104
0.86 0.24212894124325407
0.87 0.23564600371147598
0.88 0.2292258241056598
0.89 0.22287058607945245
0.9 0.21658240143426938
0.91 0.2103633098787837
0.92 0.20421527888890176
0.93 0.19814020366666973
0.9400000000000001 0.1921399071953513
0.9500000000000001 0.18621614038635728
0.96 0.18037058231183686
0.97 0.17460484051454395
0.98 0.16892045138415915
0.99 0.16331888058669505
1.0 0.15780152353108867
1.01 0.15236970585490095
1.02 0.14702468390944862
1.03 0.14176764522414304
1.04 0.1365997089307404
1.05 0.13152192613111113
1.06 0.12653528019755494
1.07 0.12164068700307323
1.08 0.1168389950907817
1.09 0.11213098580701118
1.1 0.10751737344160926
1.11 0.10299880544117192
1.12 0.09857586278567787
1.1300000000000001 0.09424906064503485
1.1400000000000001 0.09001884945765475
1.1500000000000001 0.08588561659606568
1.16 0.08184968880196626
1.17 0.07791133558184084
1.18 0.07407077375081983
1.19 0.07032817329339854
1.2 0.06668366467168513
1.21 0.06313734765240593
1.22 0.05968930164132722
1.23 0.056339597407866766
1.24 0.05308830995508662
1.25 0.049935532144791094
1.26 0.04688138853033318
1.27 0.043926048689723135
1.28 0.041069739199927915
1.29 0.038312753263127663
1.3 0.035655456901901736
1.31 0.0330982905981405
1.32 0.030641765274558544
1.33 0.028286451620571272
1.34 0.02603296195484509
1.35 0.023881924098597643
1.36 0.02183394710345802
1.37 0.019889579124207316
1.3800000000000001 0.018049258230273806
1.3900000000000001 0.01631325748232178
1.4000000000000001 0.014681626126192959
1.41 0.01315412923508566
1.42 0.011730188519157334
1.43 0.010408827278169119
1.44 0.00918862256156685
1.45 0.008067667495768501
1.46 0.007043546428519049
1.47 0.006113325029762483
1.48 0.00527355680029984
1.49 0.004520306613683815
1.5 0.0038491910083334785
