-5.002273760800364 4.406371985174462e-12
-4.997726239199636 4.6987105485967674e-12
-4.993178717598909 5.007690451089134e-12
-4.988631195998181 5.334102616730102e-12
-4.9840836743974535 5.678769314697374e-12
-4.979536152796726 6.042545344490837e-12
-4.974988631195998 6.426319278436388e-12
-4.970441109595271 6.831014764399676e-12
-4.965893587994543 7.2575918917098225e-12
-4.961346066393816 7.707048623362888e-12
-4.956798544793088 8.18042229764365e-12
-4.95225102319236 8.678791202372591e-12
-4.947703501591633 9.203276225053196e-12
-4.943155979990905 9.755042582263081e-12
-4.938608458390178 1.0335301631701311e-11
-4.93406093678945 1.0945312770374767e-11
-4.9295134151887225 1.1586385422477715e-11
-4.924965893587995 1.2259881120592597e-11
-4.920418371987267 1.2967215683916462e-11
-4.91587085038654 1.3709861497296586e-11
-4.911323328785812 1.4489349894941525e-11
-4.906775807185085 1.5307273652761415e-11
-4.902228285584357 1.616528959338198e-11
-4.8976807639836295 1.706512130797441e-11
-4.893133242382902 1.800856199914481e-11
-4.8885857207821735 1.899747744923629e-11
-4.884038199181446 2.0033809118510004e-11
-4.879490677580718 2.111957737779895e-11
-4.874943155979991 2.2256884880350287e-11
-4.870395634379263 2.3447920077718486e-11
-4.865848112778536 2.4694960884712906e-11
-4.861300591177808 2.6000378498562082e-11
-4.85675306957708 2.736664137762093e-11
-4.852205547976353 2.8796319385123397e-11
-4.847658026375625 3.029208810366782e-11
-4.843110504774898 3.1856733326318914e-11
-4.83856298317417 3.3493155730417307e-11
-4.8340154615734425 3.52043757404067e-11
-4.829467939972715 3.69935385862176e-11
-4.824920418371987 3.8863919563990595e-11
-4.82037289677126 4.081892950617593e-11
-4.815825375170532 4.286212046831253e-11
-4.811277853569805 4.499719164007164e-11
-4.806730331969077 4.722799548844206e-11
-4.8021828103683495 4.9558544141240645e-11
-4.797635288767622 5.199301601945344e-11
-4.793087767166894 5.453576272724596e-11
-4.788540245566167 5.719131620883026e-11
-4.783992723965439 5.996439618173994e-11
-4.779445202364712 6.285991785644134e-11
-4.774897680763984 6.588299995260224e-11
-4.770350159163256 6.903897302274935e-11
-4.765802637562529 7.233338809446594e-11
-4.761255115961801 7.577202564272489e-11
-4.756707594361074 7.93609049044049e-11
-4.752160072760346 8.310629354751201e-11
-4.7476125511596186 8.701471770811675e-11
-4.743065029558891 9.109297240852275e-11
-4.738517507958163 9.53481323707097e-11
-4.733969986357435 9.978756323963044e-11
-4.729422464756707 1.0441893323150234e-10
-4.72487494315598 1.0925022522282376e-10
-4.720327421555252 1.142897492964192e-10
-4.715779899954525 1.1954615576146065e-10
-4.711232378353797 1.2502844866503382e-10
-4.7066848567530695 1.307459998134801e-10
-4.702137335152342 1.3670856332242817e-10
-4.697589813551614 1.4292629071512197e-10
-4.693042291950887 1.49409746589384e-10
-4.688494770350159 1.5616992487429263e-10
-4.683947248749432 1.6321826569842267e-10
-4.679399727148704 1.7056667289229723e-10
-4.674852205547976 1.7822753214851052e-10
-4.670304683947249 1.8621372986383084e-10
-4.665757162346521 1.9453867268846402e-10
-4.661209640745794 2.032163078085527e-10
-4.656662119145066 2.1226114398891884e-10
-4.6521145975443385 2.21688273404005e-10
-4.647567075943611 2.315133942859652e-10
-4.643019554342883 2.4175283441986404e-10
-4.638472032742156 2.524235755169975e-10
-4.633924511141428 2.6354327849842625e-10
-4.629376989540701 2.75130309721934e-10
-4.624829467939973 2.872037681867639e-10
-4.6202819463392455 2.997835137516859e-10
-4.615734424738518 3.1289019640316414e-10
-4.61118690313779 3.2654528661166016e-10
-4.606639381537063 3.4077110681540813e-10
-4.602091859936335 3.5559086407235177e-10
-4.597544338335608 3.710286839223092e-10
-4.59299681673488 3.871096455028715e-10
-4.5884492951341525 4.038598179640189e-10
-4.583901773533425 4.213062982279543e-10
-4.579354251932697 4.394772501422411e-10
-4.574806730331969 4.5840194507594595e-10
-4.570259208731241 4.781108040101442e-10
-4.565711687130514 4.986354411759528e-10
-4.561164165529786 5.200087092949062e-10
-4.5566166439290585 5.422647464784602e-10
-4.552069122328331 5.654390248452456e-10
-4.547521600727603 5.895684009166494e-10
-4.542974079126876 6.146911678533616e-10
-4.538426557526148 6.408471095975811e-10
-4.533879035925421 6.680775569877363e-10
-4.529331514324693 6.964254459148167e-10
-4.5247839927239655 7.25935377591678e-10
-4.520236471123238 7.5665368100908e-10
-4.51568894952251 7.886284776546299e-10
-4.511141427921783 8.219097485733426e-10
-4.506593906321055 8.565494038511359e-10
-4.502046384720328 8.926013546052259e-10
-4.4974988631196 9.301215875682008e-10
-4.492951341518872 9.691682423553717e-10
-4.488403819918145 1.009801691507949e-09
-4.483856298317417 1.0520846234076537e-09
-4.47930877671669 1.0960821281614643e-09
-4.474761255115962 1.141861786558458e-09
-4.4702137335152345 1.1894937622040449e-09
-4.465666211914507 1.239050896940295e-09
-4.461118690313779 1.2906088096646056e-09
-4.456571168713052 1.3442459986626673e-09
-4.452023647112324 1.4000439475753472e-09
-4.447476125511597 1.4580872351230934e-09
-4.442928603910869 1.518463648715376e-09
-4.4383810823101415 1.5812643020768879e-09
-4.433833560709414 1.6465837570264111e-09
-4.429286039108686 1.7145201495486566e-09
-4.424738517507959 1.7851753203039337e-09
-4.42019099590723 1.8586549497251102e-09
-4.415643474306503 1.9350686978560653e-09
-4.411095952705775 2.0145303490910817e-09
-4.406548431105048 2.0971579619791415e-09
-4.40200090950432 2.183074024262936e-09
-4.397453387903592 2.2724056133274214e-09
-4.392905866302865 2.365284562238433e-09
-4.388358344702137 2.4618476315576246e-09
-4.38381082310141 2.5622366871258373e-09
-4.379263301500682 2.666598884013128e-09
-4.3747157798999545 2.775086856839932e-09
-4.370168258299227 2.8878589166802683e-09
-4.365620736698499 3.0050792547645375e-09
-4.361073215097772 3.126918153206317e-09
-4.356525693497044 3.2535522029845364e-09
-4.351978171896317 3.385164529419702e-09
-4.347430650295589 3.5219450253903183e-09
-4.3428831286948615 3.6640905925432097e-09
-4.338335607094134 3.8118053907595005e-09
-4.333788085493406 3.965301096146e-09
-4.329240563892679 4.124797167830188e-09
-4.324693042291951 4.2905211238455596e-09
-4.320145520691224 4.462708826402978e-09
-4.315597999090496 4.641604776852737e-09
-4.311050477489768 4.827462420651498e-09
-4.306502955889041 5.0205444626578026e-09
-4.301955434288313 5.221123193089913e-09
-4.297407912687586 5.4294808244897975e-09
-4.292860391086858 5.645909840047692e-09
-4.2883128694861306 5.870713353652391e-09
-4.283765347885403 6.104205482043601e-09
-4.279217826284675 6.346711729454011e-09
-4.274670304683948 6.598569385140587e-09
-4.27012278308322 6.860127934216571e-09
-4.265575261482492 7.131749482208201e-09
-4.261027739881764 7.413809193772656e-09
-4.256480218281037 7.706695746027621e-09
-4.251932696680309 8.010811796955025e-09
-4.2473851750795815 8.326574469356787e-09
-4.242837653478854 8.654415850853737e-09
-4.238290131878126 8.994783510433958e-09
-4.233742610277399 9.34814103207166e-09
-4.229195088676671 9.714968565953305e-09
-4.224647567075944 1.0095763397863512e-08
-4.220100045475216 1.0491040537299674e-08
-4.215552523874488 1.0901333324901094e-08
-4.211005002273761 1.1327194059795408e-08
-4.206457480673033 1.1769194647483274e-08
-4.201909959072306 1.2227927268899938e-08
-4.197362437471578 1.2704005071311615e-08
-4.1928149158708505 1.3198062881723286e-08
-4.188267394270123 1.3710757943494715e-08
-4.183719872669395 1.4242770676881313e-08
-4.179172351068668 1.4794805464237747e-08
-4.17462482946794 1.5367591460643302e-08
-4.170077307867213 1.5961883430730005e-08
-4.165529786266485 1.6578462612517e-08
-4.1609822646657575 1.7218137609078178e-08
-4.15643474306503 1.7881745308893188e-08
-4.151887221464302 1.857015183575701e-08
-4.147339699863575 1.9284253529147895e-08
-4.142792178262847 2.0024977955979256e-08
-4.13824465666212 2.0793284954687676e-08
-4.133697135061392 2.159016771263606e-08
-4.1291496134606644 2.241665387783886e-08
-4.124602091859937 2.327380670604468e-08
-4.120054570259209 2.4162726244241088e-08
-4.115507048658482 2.50845505516763e-08
-4.110959527057753 2.604045695952348e-08
-4.106412005457026 2.7031663370343294e-08
-4.101864483856298 2.8059429598537797e-08
-4.0973169622555705 2.9125058753014047e-08
-4.092769440654843 3.022989866331724e-08
-4.088221919054115 3.137534335052458e-08
-4.083674397453388 3.256283454422757e-08
-4.07912687585266 3.3793863246966806e-08
-4.074579354251933 3.506997134752291e-08
-4.070031832651205 3.639275328450298e-08
-4.0654843110504775 3.7763857761704414e-08
-4.06093678944975 3.918498951677701e-08
-4.056389267849022 4.065791114474621e-08
-4.051841746248295 4.218444497800382e-08
-4.047294224647567 4.376647502441495e-08
-4.04274670304684 4.540594896523643e-08
-4.038199181446112 4.710488021458673e-08
-4.033651659845384 4.8865350042255086e-08
-4.029104138244657 5.068950976168597e-08
-4.024556616643929 5.257958298502434e-08
-4.020009095043202 5.4537867947157564e-08
-4.015461573442474 5.6566739900742584e-08
-4.0109140518417465 5.866865358425966e-08
-4.006366530241019 6.08461457651886e-08
-4.001819008640291 6.310183786045928e-08
-3.997271487039564 6.543843863638543e-08
-3.992723965438836 6.785874699035012e-08
-3.988176443838108 7.036565481656832e-08
-3.9836289222373806 7.296214995831996e-08
-3.979081400636653 7.565131924910058e-08
-3.9745338790359255 7.843635164520927e-08
-3.969986357435198 8.132054145235586e-08
-3.9654388358344703 8.430729164893547e-08
-3.9608913142337427 8.740011730869326e-08
-3.956343792633015 9.06026491255643e-08
-3.9517962710322876 9.391863704355559e-08
-3.94724874943156 9.735195399460285e-08
-3.9427012278308324 1.0090659974741625e-07
-3.938153706230105 1.0458670487040496e-07
-3.9336061846293773 1.0839653481184837e-07
-3.9290586630286497 1.1234049410056501e-07
-3.924511141427922 1.1642313067041388e-07
-3.9199636198271945 1.2064914031204394e-07
-3.9154160982264665 1.2502337125540123e-07
-3.910868576625739 1.2955082888658222e-07
-3.9063210550250114 1.34236680602727e-07
-3.901773533424284 1.3908626080872196e-07
-3.897226011823556 1.4410507605959117e-07
-3.8926784902228286 1.492988103525463e-07
-3.888130968622101 1.5467333057276286e-07
-3.8835834470213735 1.602346920970584e-07
-3.879035925420646 1.6598914455974572e-07
-3.8744884038199183 1.719431377850436e-07
-3.8699408822191907 1.7810332789053697e-07
-3.865393360618463 1.8447658356628762e-07
-3.8608458390177356 1.9106999253430912e-07
-3.856298317417008 1.9789086819323996e-07
-3.8517507958162804 2.049467564531597e-07
-3.847203274215553 2.1224544276562445e-07
-3.8426557526148253 2.1979495935411155e-07
-3.8381082310140973 2.2760359265019258e-07
-3.8335607094133697 2.3567989094088806e-07
-3.829013187812642 2.44032672232784e-07
-3.8244656662119145 2.5267103233862374e-07
-3.819918144611187 2.6160435319222796e-07
-3.8153706230104594 2.7084231139773827e-07
-3.810823101409732 2.8039488701932133e-07
-3.806275579809004 2.902723726176139e-07
-3.8017280582082766 3.0048538253934245e-07
-3.797180536607549 3.110448624667023e-07
-3.7926330150068215 3.219620992332357e-07
-3.788085493406094 3.3324873091310855e-07
-3.7835379718053663 3.449167571908475e-07
-3.7789904502046388 3.569785500187621e-07
-3.774442928603911 3.694468645694501e-07
-3.7698954070031836 3.8233485049095086e-07
-3.765347885402456 3.9565606347229207e-07
-3.760800363801728 4.0942447712735295e-07
-3.7562528422010004 4.2365449520514086e-07
-3.751705320600273 4.3836096413479536e-07
-3.7471577989995453 4.535591859137698e-07
-3.7426102773988177 4.692649313478954e-07
-3.73806275579809 4.854944536521822e-07
-3.7335152341973625 5.022645024214444e-07
-3.728967712596635 5.195923379800255e-07
-3.7244201909959074 5.374957461201119e-07
-3.71987266939518 5.559930532383451e-07
-3.715325147794452 5.751031418806512e-07
-3.7107776261937246 5.948454667054301e-07
-3.706230104592997 6.152400708754797e-07
-3.7016825829922695 6.363076028892487e-07
-3.697135061391542 6.580693338622569e-07
-3.6925875397908143 6.805471752697662e-07
-3.6880400181900868 7.037636971619998e-07
-3.6834924965893587 7.277421468635e-07
-3.678944974988631 7.525064681684192e-07
-3.6743974533879036 7.780813210438573e-07
-3.669849931787176 8.044921018535411e-07
-3.6653024101864484 8.317649641144785e-07
-3.660754888585721 8.599268397994719e-07
-3.6562073669849933 8.890054611986155e-07
-3.6516598453842657 9.190293833532499e-07
-3.647112323783538 9.500280070760669e-07
-3.6425648021828105 9.82031602571398e-07
-3.638017280582083 1.0150713336699968e-06
-3.6334697589813554 1.0491792826929192e-06
-3.628922237380628 1.0843884759594352e-06
-3.6243747157799002 1.1207329099542046e-06
-3.6198271941791726 1.1582475781692694e-06
-3.615279672578445 1.1969684986367329e-06
-3.6107321509777175 1.236932742168344e-06
-3.6061846293769895 1.2781784613185325e-06
-3.601637107776262 1.3207449200877346e-06
-3.5970895861755343 1.3646725243833143e-06
-3.5925420645748067 1.4100028532555822e-06
-3.587994542974079 1.4567786909268943e-06
-3.5834470213733516 1.505044059632117e-06
-3.578899499772624 1.554844253289147e-06
-3.5743519781718964 1.6062258720185003e-06
-3.569804456571169 1.6592368575314358e-06
-3.5652569349704413 1.7139265294063933e-06
-3.5607094133697137 1.7703456222739992e-06
-3.556161891768986 1.8285463239312053e-06
-3.5516143701682585 1.8885823144056068e-06
-3.547066848567531 1.9505088059913698e-06
-3.5425193269668034 2.0143825842785947e-06
-3.537971805366076 2.0802620501984153e-06
-3.5334242837653482 2.1482072631065265e-06
-3.52887676216462 2.218279984928302e-06
-3.5243292405638926 2.290543725389038e-06
-3.519781718963165 2.365063788353485e-06
-3.5152341973624375 2.4419073192990245e-06
-3.51068667576171 2.521143353947553e-06
-3.5061391541609823 2.602842868081485e-06
-3.5015916325602547 2.6870788285697986e-06
-3.497044110959527 2.7739262456305106e-06
-3.4924965893587996 2.8634622263564825e-06
-3.487949067758072 2.9557660295319816e-06
-3.4834015461573444 3.050919121767875e-06
-3.478854024556617 3.1490052349838258e-06
-3.4743065029558893 3.2501104252665583e-06
-3.4697589813551617 3.3543231331335074e-06
-3.465211459754434 3.461734245231938e-06
-3.4606639381537065 3.572437157504063e-06
-3.456116416552979 3.6865278398492446e-06
-3.451568894952251 3.8041049023149035e-06
-3.4470213733515234 3.925269662848328e-06
-3.442473851750796 4.050126216642321e-06
-3.437926330150068 4.178781507107758e-06
-3.4333788085493406 4.311345398507281e-06
-3.428831286948613 4.447930750284449e-06
-3.4242837653478855 4.5886534931236265e-06
-3.419736243747158 4.733632706776285e-06
-3.4151887221464303 4.882990699690018e-06
-3.4106412005457027 5.036853090477396e-06
-3.406093678944975 5.195348891262093e-06
-3.4015461573442476 5.358610592940632e-06
-3.39699863574352 5.526774252398609e-06
-3.3924511141427924 5.699979581720902e-06
-3.387903592542065 5.8783700394360786e-06
-3.3833560709413373 6.062092923835818e-06
-3.3788085493406097 6.2512994684109575e-06
-3.3742610277398817 6.446144939446255e-06
-3.369713506139154 6.6467887358167676e-06
-3.3651659845384265 6.8533944910296105e-06
-3.360618462937699 7.0661301775550764e-06
-3.3560709413369714 7.285168213492339e-06
-3.351523419736244 7.510685571615326e-06
-3.346975898135516 7.742863890845222e-06
-3.3424283765347886 7.981889590196768e-06
-3.337880854934061 8.227953985246127e-06
-3.3333333333333335 8.481253407169118e-06
-3.328785811732606 8.741989324399021e-06
-3.3242382901318783 9.010368466954141e-06
-3.3196907685311507 9.286602953486021e-06
-3.315143246930423 9.57091042109996e-06
-3.3105957253296956 9.863514158000198e-06
-3.306048203728968 1.0164643239012993e-05
-3.3015006821282404 1.0474532664041591e-05
-3.2969531605275124 1.0793423499507908e-05
-3.292405638926785 1.1121563022836212e-05
-3.2878581173260573 1.1459204870035748e-05
-3.2833105957253297 1.1806609186438776e-05
-3.278763074124602 1.2164042780652577e-05
-3.2742155525238745 1.2531779281783887e-05
-3.269668030923147 1.2910099299995627e-05
-3.2651205093224194 1.3299290590456179e-05
-3.260572987721692 1.3699648220742674e-05
-3.256025466120964 1.4111474741760227e-05
-3.2514779445202366 1.453508036224036e-05
-3.246930422919509 1.4970783126882092e-05
-3.2423829013187815 1.541890909820066e-05
-3.237835379718054 1.5879792542149182e-05
-3.2332878581173263 1.6353776117579727e-05
-3.2287403365165988 1.6841211069611117e-05
-3.224192814915871 1.734245742697123e-05
-3.219645293315143 1.7857884203383317e-05
-3.2150977717144156 1.8387869603065364e-05
-3.210550250113688 1.8932801230414353e-05
-3.2060027285129604 1.949307630394577e-05
-3.201455206912233 2.006910187456162e-05
-3.1969076853115053 2.0661295048220106e-05
-3.1923601637107777 2.1270083213080965e-05
-3.18781264211005 2.1895904271201917e-05
-3.1832651205093225 2.2539206874861892e-05
-3.178717598908595 2.320045066758806e-05
-3.1741700773078674 2.3880106529964326e-05
-3.16962255570714 2.4578656830300023e-05
-3.165075034106412 2.5296595680238188e-05
-3.1605275125056846 2.6034429195383798e-05
-3.155979990904957 2.6792675761033425e-05
-3.1514324693042295 2.7571866303088158e-05
-3.146884947703502 2.8372544564233068e-05
-3.142337426102774 2.9195267385467054e-05
-3.1377899045020463 3.0040604993067393e-05
-3.1332423829013187 3.090914129107576e-05
-3.128694861300591 3.1801474159390715e-05
-3.1241473396998636 3.2718215757555215e-05
-3.119599818099136 3.36599928343267e-05
-3.1150522964984084 3.46274470431193e-05
-3.110504774897681 3.562123526340729e-05
-3.1059572532969533 3.664202992818167e-05
-3.1014097316962257 3.7690519357550394e-05
-3.096862210095498 3.876740809857532e-05
-3.0923146884947705 3.9873417271438643e-05
-3.087767166894043 4.1009284922033605e-05
-3.0832196452933154 4.2175766381073154e-05
-3.078672123692588 4.337363462981328e-05
-3.0741246020918602 4.460368067248711e-05
-3.0695770804911326 4.586671391554652e-05
-3.0650295588904046 4.71635625538101e-05
-3.060482037289677 4.8495073963614634e-05
-3.0559345156889495 4.986211510307237e-05
-3.051386994088222 5.1265572919530906e-05
-3.0468394724874943 5.270635476433891e-05
-3.0422919508867667 5.418538881501855e-05
-3.037744429286039 5.570362450494679e-05
-3.0331969076853116 5.726203296064896e-05
-3.028649386084584 5.8861607446807737e-05
-3.0241018644838564 6.050336381909218e-05
-3.019554342883129 6.218834098491159e-05
-3.0150068212824013 6.391760137219979e-05
-3.0104592996816737 6.569223140633544e-05
-3.005911778080946 6.751334199530613e-05
-3.0013642564802185 6.938206902322226e-05
-2.996816734879491 7.12995738522891e-05
-2.9922692132787634 7.326704383334533e-05
-2.9877216916780354 7.528569282507684e-05
-2.983174170077308 7.735676172201337e-05
-2.97862664847658 7.948151899142181e-05
-2.9740791268758526 8.1661261219201e-05
-2.969531605275125 8.389731366489167e-05
-2.9649840836743975 8.619103082591223e-05
-2.96043656207367 8.854379701113028e-05
-2.9558890404729423 9.09570269238821e-05
-2.9513415188722147 9.343216625455173e-05
-2.946793997271487 9.59706922828217e-05
-2.9422464756707596 9.857411448970713e-05
-2.937698954070032 0.00010124397517948651
-2.9331514324693044 0.00010398185011164076
-2.928603910868577 0.00010678934914291348
-2.9240563892678493 0.00010966811687960541
-2.9195088676671217 0.00011261983334021613
-2.914961346066394 0.00011564621462854474
-2.9104138244656665 0.00011874901361736316
-2.9058663028649385 0.00012193002064277534
-2.901318781264211 0.00012519106420937236
-2.8967712596634834 0.0001285340117063001
-2.892223738062756 0.00013196077013434844
-2.887676216462028 0.00013547328684417428
-2.8831286948613006 0.00013907355028577179
-2.878581173260573 0.00014276359076930093
-2.8740336516598455 0.00014654548123738408
-2.869486130059118 0.00015042133804898282
-2.8649386084583903 0.00015439332177496462
-2.8603910868576627 0.00015846363800546952
-2.855843565256935 0.00016263453816918555
-2.8512960436562076 0.00016690832036464113
-2.84674852205548 0.0001712873302036241
-2.8422010004547524 0.00017577396166683248
-2.837653478854025 0.00018037065797186483
-2.8331059572532973 0.00018507991245365557
-2.8285584356525693 0.00018990426945745932
-2.8240109140518417 0.00019484632524448785
-2.819463392451114 0.00019990872891030687
-2.8149158708503865 0.00020509418331608655
-2.810368349249659 0.00021040544603281194
-2.8058208276489314 0.00021584533029855328
-2.801273306048204 0.00022141670598889044
-2.796725784447476 0.00022712250060059208
-2.7921782628467486 0.0002329657002486422
-2.787630741246021 0.00023894935067671094
-2.7830832196452935 0.0002450765582811612
-2.778535698044566 0.00025135049114867903
-2.7739881764438383 0.000257774380107624
-2.7694406548431107 0.00026435151979317814
-2.764893133242383 0.00027108526972638967
-2.7603456116416556 0.00027797905540718457
-2.755798090040928 0.0002850363694214381
-2.7512505684402 0.0002922607725621776
-2.7467030468394724 0.00029965589496499986
-2.742155525238745 0.0003072254372577791
-2.7376080036380173 0.0003149731717247348
-2.7330604820372897 0.0003229029434849333
-2.728512960436562 0.00033101867168528983
-2.7239654388358345 0.00033932435070814244
-2.719417917235107 0.000347824051393453
-2.7148703956343794 0.0003565219222757034
-2.710322874033652 0.00036542219083553993
-2.705775352432924 0.0003745291647662254
-2.7012278308321966 0.0003838472332549469
-2.696680309231469 0.0003933808682790322
-2.6921327876307415 0.00040313462591711667
-2.687585266030014 0.00041311314767530867
-2.6830377444292863 0.0004233211618283899
-2.6784902228285588 0.0004337634847760829
-2.6739427012278307 0.0004444450224144284
-2.669395179627103 0.0004553707715222886
-2.6648476580263756 0.0004665458211630165
-2.660300136425648 0.00047797535410129733
-2.6557526148249204 0.0004896646482351887
-2.651205093224193 0.0005016190780433719
-2.6466575716234653 0.0005138441160476231
-2.6421100500227377 0.0005263453342905054
-2.63756252842201 0.00053912840582829
-2.6330150068212825 0.000552199106239098
-2.628467485220555 0.0005655633151462519
-2.6239199636198274 0.0005792270177568338
-2.6193724420191 0.0005931963064154187
-2.6148249204183722 0.0006074773821729752
-2.6102773988176446 0.0006220765563708932
-2.605729877216917 0.0006370002522401133
-2.6011823556161895 0.0006522550065153193
-2.5966348340154615 0.0006678474710641513
-2.592087312414734 0.0006837844145313771
-2.5875397908140063 0.0007000727239980015
-2.5829922692132787 0.0007167194066552126
-2.578444747612551 0.0007337315914931259
-2.5738972260118236 0.0007511165310042508
-2.569349704411096 0.0007688816029015924
-2.5648021828103684 0.0007870343118513172
-2.560254661209641 0.0008055822912198827
-2.5557071396089133 0.0008245333048355435
-2.5511596180081857 0.0008438952487641241
-2.546612096407458 0.000863676153098949
-2.5420645748067305 0.0008838841837648239
-2.537517053206003 0.0009045276443359321
-2.5329695316052754 0.0009256149778675272
-2.528422010004548 0.0009471547687412718
-2.5238744884038202 0.0009691557445240979
-2.519326966803092 0.0009916267778404212
-2.5147794452023646 0.0010145768882575449
-2.510231923601637 0.0010380152441841232
-2.5056844020009095 0.0010619511647814563
-2.501136880400182 0.0010863941218874794
-2.4965893587994543 0.0011113537419532409
-2.4920418371987267 0.0011368398079916553
-2.487494315597999 0.001162862261538358
-2.4829467939972716 0.0011894312046244265
-2.478399272396544 0.0012165569017607313
-2.4738517507958164 0.0012442497819337346
-2.469304229195089 0.0012725204406124307
-2.4647567075943613 0.001301379641766243
-2.4602091859936337 0.0013308383198935739
-2.455661664392906 0.0013609075820607676
-2.4511141427921785 0.001391598709951196
-2.446566621191451 0.001422923161924191
-2.442019099590723 0.001454892575083531
-2.4374715779899954 0.0014875187673551568
-2.432924056389268 0.001520813739573853
-2.42837653478854 0.0015547896775785098
-2.4238290131878126 0.0015894589543156736
-2.419281491587085 0.0016248341319510446
-2.4147339699863575 0.001660927963988545
-2.41018644838563 0.0016977533973966074
-2.4056389267849023 0.0017353235747413316
-2.4010914051841747 0.0017736518363260856
-2.396543883583447 0.0018127517223372007
-2.3919963619827196 0.0018526369749953143
-2.387448840381992 0.001893321540711989
-2.3829013187812644 0.0019348195722511546
-2.378353797180537 0.0019771454308949387
-2.3738062755798093 0.002020313688613458
-2.3692587539790817 0.0020643391302380947
-2.3647112323783537 0.0021092367556377997
-2.360163710777626 0.0021550217818979154
-2.3556161891768985 0.002201709645501104
-2.351068667576171 0.00224931600450977
-2.3465211459754434 0.0022978567407495507
-2.341973624374716 0.0023473479619933067
-2.337426102773988 0.002397806004145095
-2.3328785811732606 0.002449247433423567
-2.328331059572533 0.002501689048544231
-2.3237835379718055 0.0025551478829000116
-2.319236016371078 0.0026096412067395324
-2.3146884947703503 0.002665186529342502
-2.3101409731696227 0.002721801601191619
-2.305593451568895 0.002779504416140374
-2.3010459299681676 0.0028383132135761067
-2.29649840836744 0.0028982464805776785
-2.2919508867667124 0.002959322954067124
-2.2874033651659844 0.0030215616229545953
-2.282855843565257 0.0030849817302758924
-2.2783083219645293 0.003149602775321982
-2.2737608003638017 0.0032154445157596963
-2.269213278763074 0.0032825269697429396
-2.2646657571623465 0.0033508704180136946
-2.260118235561619 0.003420495405992049
-2.2555707139608914 0.00349142274585454
-2.251023192360164 0.003563673518599972
-2.246475670759436 0.0036372690761020325
-2.2419281491587086 0.0037122310431478385
-2.237380627557981 0.0037885813194616187
-2.2328331059572535 0.003866342081712795
-2.228285584356526 0.003945535785507512
-2.2237380627557983 0.004026185167362904
-2.2191905411550708 0.004108313246663132
-2.214643019554343 0.00419194332759645
-2.210095497953615 0.004277099001072316
-2.2055479763528876 0.004363804146617693
-2.20100045475216 0.0044520829342517216
-2.1964529331514324 0.004541959826337743
-2.191905411550705 0.004633459579411786
-2.1873578899499773 0.004726607245986628
-2.1828103683492497 0.004821428176330419
-2.178262846748522 0.0049179480202189724
-2.1737153251477945 0.00501619272866068
-2.169167803547067 0.005116188555593173
-2.1646202819463394 0.005217962059550633
-2.160072760345612 0.005321540105300795
-2.155525238744884 0.0054269498654506655
-2.1509777171441566 0.005534218822019868
-2.146430195543429 0.0056433747679805885
-2.1418826739427015 0.005754445808763137
-2.137335152341974 0.005867460363725977
-2.132787630741246 0.005982447167589248
-2.1282401091405183 0.006099435271830546
-2.1236925875397907 0.00621845404604217
-2.119145065939063 0.006339533179248353
-2.1145975443383356 0.006462702681181681
-2.110050022737608 0.00658799288351741
-2.1055025011368804 0.006715434441064647
-2.100954979536153 0.006845058332913163
-2.0964074579354253 0.006976895863534818
-2.0918599363346977 0.007110978663838291
-2.08731241473397 0.007247338692176122
-2.0827648931332425 0.007386008235302692
-2.078217371532515 0.007527019909282194
-2.0736698499317874 0.0076704066603451625
-2.06912232833106 0.007816201765692603
-2.0645748067303322 0.007964438834246301
-2.0600272851296046 0.00811515180734428
-2.0554797635288766 0.008268374959380029
-2.050932241928149 0.0084241428983844
-2.0463847203274215 0.008582490566548962
-2.041837198726694 0.00874345324068937
-2.0372896771259663 0.008907066532647749
-2.0327421555252387 0.009073366389632739
-2.028194633924511 0.009242389094495884
-2.0236471123237836 0.009414171265943244
-2.019099590723056 0.009588749858680851
-2.0145520691223284 0.009766162163492811
-2.010004547521601 0.009946445807250697
-2.0054570259208733 0.010129638752853108
-2.0009095043201457 0.010315779299093943
-1.996361982719418 0.010504906080458197
-1.9918144611186903 0.010697058066843993
-1.9872669395179627 0.010892274563209611
-1.9827194179172352 0.011090595209144079
-1.9781718963165076 0.01129205997836017
-1.97362437471578 0.011496709178108475
-1.9690768531150524 0.011704583448511252
-1.9645293315143249 0.01191572376181482
-1.9599818099135973 0.01213017142155905
-1.9554342883128695 0.012347968061662863
-1.950886766712142 0.012569155645424315
-1.9463392451114143 0.012793776464434048
-1.9417917235106867 0.01302187313740078
-1.9372442019099592 0.013253488608887528
-1.9326966803092316 0.01348866614795744
-1.928149158708504 0.013727449346727738
-1.9236016371077764 0.01396988211883065
-1.9190541155070486 0.014216008697780058
-1.914506593906321 0.01446587363524251
-1.9099590723055935 0.014719521799211488
-1.905411550704866 0.014976998372083473
-1.9008640291041383 0.015238348848634856
-1.8963165075034107 0.015503619033898092
-1.8917689859026832 0.015772855040936222
-1.8872214643019556 0.016046103288514395
-1.882673942701228 0.01632341049866697
-1.8781264211005002 0.016604823694159502
-1.8735788994997726 0.01689039019584389
-1.869031377899045 0.017180157619905823
-1.8644838562983175 0.01747417387500329
-1.85993633469759 0.017772487159294942
-1.8553888130968623 0.018075145957357153
-1.8508412914961347 0.018382199036988744
-1.8462937698954072 0.0186936954459022
-1.8417462482946794 0.019009684508300276
-1.8371987266939518 0.019330215821336708
-1.8326512050932242 0.01965533925146048
-1.8281036834924966 0.01998510493064197
-1.823556161891769 0.02031956325248024
-1.8190086402910415 0.020658764868190578
-1.814461118690314 0.021002760682470905
-1.8099135970895863 0.021351601849246366
-1.8053660754888587 0.021705339767291103
-1.800818553888131 0.022064026075726117
-1.7962710322874034 0.022427712649392244
-1.7917235106866758 0.022796451594097742
-1.7871759890859482 0.0231702952417391
-1.7826284674852206 0.023549296145294413
-1.778080945884493 0.023933507073688604
-1.7735334242837655 0.024322981006529423
-1.768985902683038 0.02471777112871371
-1.76443838108231 0.025117930824902806
-1.7598908594815825 0.025523513673866717
-1.755343337880855 0.02593457344269608
-1.7507958162801274 0.026351164080881326
-1.7462482946793998 0.026773339714258416
-1.7417007730786722 0.027201154638820335
-1.7371532514779446 0.027634663314394015
-1.732605729877217 0.028073920358181785
-1.7280582082764895 0.028518980538167243
-1.7235106866757617 0.02896989876638442
-1.718963165075034 0.02942673009205029
-1.7144156434743065 0.029889529694560078
-1.709868121873579 0.030358352876344568
-1.7053206002728514 0.03083325505558957
-1.7007730786721238 0.031314291758816844
-1.6962255570713962 0.031801518613325995
-1.6916780354706686 0.03229499133949776
-1.6871305138699408 0.032794765742957734
-1.6825829922692133 0.03330089770660037
-1.6780354706684857 0.033813443182473917
-1.673487949067758 0.03433245818352479
-1.6689404274670305 0.03485799877520257
-1.664392905866303 0.035390121066924865
-1.6598453842655754 0.03592888120340214
-1.6552978626648478 0.036474335355822445
-1.6507503410641202 0.0370265397128968
-1.6462028194633924 0.03758555047176411
-1.6416552978626648 0.03815142382875684
-1.6371077762619373 0.0387242159700272
-1.6325602546612097 0.03930398306203407
-1.628012733060482 0.03989078124189112
-1.6234652114597545 0.040484666607576054
-1.618917689859027 0.0410856952080019
-1.6143701682582994 0.04169392303295049
-1.6098226466575716 0.04230940600286854
-1.605275125056844 0.042932199958526526
-1.6007276034561164 0.043562360650542
-1.5961800818553888 0.04419994372876694
-1.5916325602546613 0.044845004731539545
-1.5870850386539337 0.04549759907480259
-1.582537517053206 0.04615778204108772
-1.5779899954524785 0.046825608768366916
-1.573442473851751 0.047501134238772516
-1.5688949522510232 0.04818441326718574
-1.5643474306502956 0.04887550048969532
-1.559799909049568 0.04957445035192743
-1.5552523874488404 0.05028131709724709
-1.5507048658481128 0.050996154754833094
-1.5461573442473853 0.05171901712762712
-1.5416098226466577 0.05244995778015832
-1.5370623010459301 0.053189030026244685
-1.5325147794452023 0.05393628691657273
-1.5279672578444747 0.054691781226156325
-1.5234197362437472 0.05545556544167661
-1.5188722146430196 0.056227691748704685
-1.514324693042292 0.057008212018807444
-1.5097771714415644 0.057797177796539874
-1.5052296498408368 0.05859464028632387
-1.5006821282401093 0.0594006503392164
-1.4961346066393817 0.060215258439568
-1.491587085038654 0.06103851469157444
-1.4870395634379263 0.06187046880572164
-1.4824920418371987 0.0627111700851284
-1.4779445202364712 0.06356066741178612
-1.4733969986357436 0.06441900923269965
-1.468849477035016 0.06528624354593052
-1.4643019554342884 0.06616241788654441
-1.4597544338335608 0.06704757931246622
-1.4552069122328333 0.0679417743902433
-1.4506593906321055 0.06884504918072154
-1.446111869031378 0.0697574492246335
-1.4415643474306503 0.0706790195281048
-1.4370168258299227 0.0716098045480779
-1.4324693042291952 0.07254984817765787
-1.4279217826284676 0.07349919373138204
-1.42337426102774 0.07445788393041661
-1.4188267394270124 0.07542596088768222
-1.4142792178262846 0.0764034660929122
-1.409731696225557 0.0773904403976451
-1.4051841746248295 0.07838692400015652
-1.400636653024102 0.07939295643033044
-1.3960891314233743 0.08040857653447533
-1.3915416098226467 0.08143382246008693
-1.3869940882219192 0.08246873164056118
-1.3824465666211916 0.08351334077986089
-1.377899045020464 0.08456768583713788
-1.3733515234197362 0.08563180201131625
-1.3688040018190086 0.08670572372563778
-1.364256480218281 0.0877894846121741
-1.3597089586175535 0.08888311749630978
-1.355161437016826 0.08998665438119706
-1.3506139154160983 0.09110012643218938
-1.3460663938153707 0.0922235639612547
-1.3415188722146432 0.09335699641137306
-1.3369713506139154 0.09450045234092257
-1.3324238290131878 0.09565395940805652
-1.3278763074124602 0.09681754435507661
-1.3233287858117326 0.09799123299280511
-1.318781264211005 0.09917505018496045
-1.3142337426102775 0.1003690198325405
-1.30968622100955 0.10157316485821564
-1.3051386994088223 0.10278750719073877
-1.3005911778080947 0.10401206774937317
-1.296043656207367 0.10524686642834499
-1.2914961346066394 0.10649192208132188
-1.2869486130059118 0.10774725250592515
-1.2824010914051842 0.10901287442827608
-1.2778535698044566 0.1102888034875839
-1.273306048203729 0.11157505422077776
-1.2687585266030015 0.11287164004718767
-1.264211005002274 0.11417857325327892
-1.259663483401546 0.11549586497744442
-1.2551159618008185 0.11682352519485882
-1.250568440200091 0.11816156270240002
-1.2460209185993634 0.11950998510364133
-1.2414733969986358 0.12086879879392014
-1.2369258753979082 0.12223800894548599
-1.2323783537971806 0.12361761949273503
-1.227830832196453 0.12500763311753338
-1.2232833105957255 0.12640805123463467
-1.2187357889949977 0.12781887397719738
-1.21418826739427 0.12924010018240542
-1.2096407457935425 0.13067172737719743
-1.205093224192815 0.13211375176410967
-1.2005457025920874 0.1335661682072368
-1.1959981809913598 0.13502897021831506
-1.1914506593906322 0.13650214994293497
-1.1869031377899046 0.13798569814688408
-1.1823556161891768 0.13947960420262936
-1.1778080945884493 0.14098385607594086
-1.1732605729877217 0.1424984403126624
-1.168713051386994 0.144023342025636
-1.1641655297862665 0.14555854488178055
-1.159618008185539 0.14710403108933492
-1.1550704865848114 0.14865978138526698
-1.1505229649840838 0.15022577502285342
-1.1459754433833562 0.15180198975943826
-1.1414279217826284 0.1533884018443708
-1.1368804001819008 0.15498498600713187
-1.1323328785811733 0.15659171544564987
-1.1277853569804457 0.15820856181481543
-1.123237835379718 0.1598354952151943
-1.1186903137789905 0.16147248418194887
-1.114142792178263 0.16311949567396938
-1.1095952705775354 0.164776495063222
-1.1050477489768076 0.1664434461243168
-1.10050022737608 0.16812031102430183
-1.0959527057753524 0.16980705031268734
-1.0914051841746248 0.1715036229117062
-1.0868576625738973 0.173209986106813
-1.0823101409731697 0.17492609553742905
-1.077762619372442 0.17665190518793647
-1.0732150977717145 0.17838736737892708
-1.068667576170987 0.18013243275871038
-1.0641200545702592 0.18188705029508445
-1.0595725329695316 0.18365116726737535
-1.055025011368804 0.18542472925875106
-1.0504774897680764 0.18720768014881056
-1.0459299681673488 0.18899996210645714
-1.0413824465666213 0.1908015155830564
-1.0368349249658937 0.1926122793058873
-1.0322874033651661 0.19443219027188688
-1.0277398817644383 0.19626118374169518
-1.0231923601637107 0.19809919323400565
-1.0186448385629832 0.1999461505202223
-1.0140973169622556 0.20180198561943086
-1.009549795361528 0.20366662679368566
-1.0050022737608004 0.20554000054361835
-1.0004547521600728 0.207422031604371
-0.9959072305593452 0.2093126429418594
-0.9913597089586176 0.21121175574936768
-0.98681218735789 0.21311928944448147
-0.9822646657571624 0.2150351616663614
-0.9777171441564347 0.21695928827336033
-0.9731696225557072 0.21889158334098943
-0.9686221009549796 0.2208319591602367
-0.964074579354252 0.22278032623624003
-0.9595270577535243 0.2247365932873196
-0.9549795361527967 0.22670066724437263
-0.9504320145520692 0.22867245325063337
-0.9458844929513416 0.2306518546618034
-0.941336971350614 0.23263877304655278
-0.9367894497498863 0.23463310818739713
-0.9322419281491587 0.23663475808195197
-0.9276944065484312 0.23864361894457103
-0.9231468849477036 0.24065958520836464
-0.9185993633469759 0.24268254952760934
-0.9140518417462483 0.24471240278054368
-0.9095043201455207 0.24674903407255813
-0.9049567985447932 0.24879233073977808
-0.9004092769440655 0.25084217835304684
-0.8958617553433379 0.2528984607223044
-0.8913142337426103 0.2549610599013701
-0.8867667121418827 0.25702985619312857
-0.882219190541155 0.25910472815512153
-0.8776716689404275 0.2611855526055465
-0.8731241473396999 0.2632722046296657
-0.8685766257389723 0.2653645575866268
-0.8640291041382447 0.26746248311669507
-0.859481582537517 0.2695658511489005
-0.8549340609367895 0.27167452990909996
-0.8503865393360619 0.27378838592845856
-0.8458390177353343 0.2759072840523463
-0.8412914961346066 0.2780310874496551
-0.836743974533879 0.28015965762253653
-0.8321964529331515 0.2822928544165594
-0.8276489313324239 0.2844305360312907
-0.8231014097316962 0.28657255903129636
-0.8185538881309686 0.2887187783575672
-0.814006366530241 0.2908690473393659
-0.8094588449295135 0.29302321770649864
-0.8049113233287858 0.2951811396020104
-0.8003638017280582 0.2973426615953031
-0.7958162801273306 0.2995076306956748
-0.791268758526603 0.30167589236628883
-0.7867212369258755 0.3038472905385558
-0.7821737153251478 0.3060216676269468
-0.7776261937244202 0.30819886454422335
-0.7730786721236926 0.31037872071708805
-0.7685311505229651 0.3125610741022577
-0.7639836289222374 0.3147457612029535
-0.7594361073215098 0.31693261708580805
-0.7548885857207822 0.31912147539819236
-0.7503410641200546 0.32131216838595444
-0.745793542519327 0.3235045269115721
-0.7412460209185994 0.32569838047272043
-0.7366984993178718 0.3278935572212448
-0.7321509777171442 0.3300898839825462
-0.7276034561164166 0.33228718627536996
-0.723055934515689 0.334485288332
-0.7185084129149614 0.33668401311885343
-0.7139608913142338 0.3388831823574763
-0.7094133697135062 0.3410826165459323
-0.7048658481127785 0.3432821349805905
-0.700318326512051 0.34548155577829787
-0.6957708049113234 0.34768069589894696
-0.6912232833105958 0.34987937116842166
-0.6866757617098681 0.3520773963019291
-0.6821282401091405 0.3542745849277076
-0.677580718508413 0.35647074961111164
-0.6730331969076854 0.3586657018790652
-0.6684856753069577 0.3608592522448847
-0.6639381537062301 0.36305121023346393
-0.6593906321055025 0.36524138440681986
-0.654843110504775 0.3674295823899935
-0.6502955889040474 0.3696156108972993
-0.6457480673033197 0.3717992757589251
-0.6412005457025921 0.3739803819478717
-0.6366530241018645 0.37615873360722984
-0.632105502501137 0.37833413407779176
-0.6275579809004093 0.380506385925987
-0.6230104592996817 0.38267529097214353
-0.6184629376989541 0.384840650319067
-0.6139154160982265 0.3870022643809297
-0.6093678944974988 0.3891599329124679
-0.6048203728967713 0.3913134550384796
-0.6002728512960437 0.3934626292836193
-0.5957253296953161 0.39560725360248034
-0.5911778080945884 0.39774712540996443
-0.5866302864938608 0.3998820416119262
-0.5820827648931333 0.40201179863609154
-0.5775352432924057 0.4041361924632393
-0.5729877216916781 0.4062550186586467
-0.5684402000909504 0.4083680724037824
-0.5638926784902228 0.4104751485282491
-0.5593451568894953 0.41257604154196675
-0.5547976352887677 0.4146705456675842
-0.55025011368804 0.41675845487312296
-0.5457025920873124 0.4188395629048347
-0.5411550704865848 0.42091366332027436
-0.5366075488858573 0.4229805495215772
-0.5320600272851296 0.42504001478893205
-0.527512505684402 0.4270918523142474
-0.5229649840836744 0.4291358552349996
-0.5184174624829468 0.4311718166682528
-0.5138699408822192 0.43319952974485454
-0.5093224192814916 0.43521878764378397
-0.504774897680764 0.4372293836266542
-0.5002273760800364 0.4392311110723621
-0.4956798544793088 0.4412237635118718
-0.4911323328785812 0.44320713466312694
-0.4865848112778536 0.44518101846608354
-0.482037289677126 0.44714520911785605
-0.47748976807639837 0.44909950110796576
-0.4729422464756708 0.45104368925368554
-0.46839472487494316 0.45297756873547357
-0.4638472032742156 0.45490093513248153
-0.45929968167348795 0.4568135844581391
-0.45475216007276037 0.4587153131957963
-0.45020463847203274 0.46060591833442005
-0.44565711687130516 0.46248519740433425
-0.4411095952705775 0.4643529485129988
-0.43656207366984995 0.46620897038081305
-0.43201455206912237 0.46805306237693994
-0.42746703046839474 0.46988502455513576
-0.42291950886766716 0.47170465768958536
-0.4183719872669395 0.47351176331072703
-0.41382446566621195 0.47530614374105845
-0.4092769440654843 0.47708760213092016
-0.40472942246475674 0.4788559424942418
-0.4001819008640291 0.4806109697442432
-0.3956343792633015 0.4823524897290846
-0.3910868576625739 0.48408030926745627
-0.3865393360618463 0.4857942361840887
-0.3819918144611187 0.4874940793451936
-0.3774442928603911 0.4891796486938071
-0.3728967712596635 0.4908507552850369
-0.3683492496589359 0.49250721132120484
-0.3638017280582083 0.4941488301868681
-0.3592542064574807 0.4957754264837156
-0.3547066848567531 0.49738681606533247
-0.3501591632560255 0.4989828160718178
-0.3456116416552979 0.5005632449642488
-0.34106412005457026 0.5021279225589863
-0.3365165984538427 0.5036766700618017
-0.33196907685311505 0.5052093101018361
-0.3274215552523875 0.5067256667653564
-0.32287403365165984 0.5082255656293221
-0.31832651205093226 0.5097088337947422
-0.31377899045020463 0.5111752999198181
-0.30923146884947705 0.5126247942528557
-0.3046839472487494 0.5140571486649522
-0.30013642564802184 0.5154721966824326
-0.2955889040472942 0.5168697735190421
-0.29104138244656663 0.5182497161078709
-0.28649386084583905 0.5196118631330173
-0.2819463392451114 0.5209560550609702
-0.27739881764438384 0.5222821341717035
-0.2728512960436562 0.5235899445894838
-0.26830377444292863 0.5248793323133665
-0.263756252842201 0.5261501452473878
-0.2592087312414734 0.527402233230434
-0.2546612096407458 0.5286354480657844
-0.2501136880400182 0.5298496435503183
-0.2455661664392906 0.5310446755033782
-0.241018644838563 0.5322204017952826
-0.2364711232378354 0.533376682375478
-0.2319236016371078 0.5345133793003244
-0.22737608003638018 0.535630356760504
-0.22282855843565258 0.5367274811080527
-0.21828103683492497 0.5378046208829925
-0.21373351523419737 0.5388616468395739
-0.20918599363346976 0.5398984319721132
-0.20463847203274216 0.5409148515404097
-0.20009095043201455 0.5419107830947553
-0.19554342883128695 0.5428861065005075
-0.19099590723055934 0.5438407039622362
-0.18644838562983174 0.5447744600474276
-0.18190086402910416 0.54568726170974
-0.17735334242837655 0.5465789983118102
-0.17280582082764895 0.5474495616475988
-0.16825829922692134 0.5482988459642658
-0.16371077762619374 0.5491267479835824
-0.15916325602546613 0.549933166922854
-0.15461573442473853 0.5507180045153702
-0.15006821282401092 0.5514811650303539
-0.14552069122328332 0.5522225552924245
-0.1409731696225557 0.5529420847005537
-0.1364256480218281 0.5536396652465166
-0.1318781264211005 0.5543152115328315
-0.1273306048203729 0.5549686407901819
-0.1227830832196453 0.5555998728943186
-0.1182355616189177 0.5562088303824312
-0.11368804001819009 0.5567954384689914
-0.10914051841746249 0.557359625061061
-0.10459299681673488 0.5579013207730554
-0.10004547521600728 0.5584204589409676
-0.09549795361527967 0.5589169756360394
-0.09095043201455208 0.5593908096778815
-0.08640291041382447 0.5598419026470387
-0.08185538881309687 0.5602701988969941
-0.07730786721236926 0.5606756455656075
-0.07276034561164166 0.5610581925859918
-0.06821282401091405 0.5614177926968157
-0.06366530241018645 0.5617544014520355
-0.05911778080945885 0.5620679772300479
-0.054570259208731244 0.5623584812422738
-0.05002273760800364 0.5626258775411487
-0.04547521600727604 0.5628701330275376
-0.040927694406548434 0.5630912174575675
-0.03638017280582083 0.5632891034488615
-0.031832651205093224 0.563463766486198
-0.027285129604365622 0.5636151849265689
-0.02273760800363802 0.5637433400036505
-0.018190086402910415 0.563848215831677
-0.013642564802182811 0.5639297994087281
-0.009095043201455207 0.5639880806194091
-0.004547521600727604 0.5640230522369458
0.0 0.5640347099246757
0.004547521600727604 0.5640230522369456
0.009095043201455207 0.5639880806194089
0.013642564802182811 0.5639297994087278
0.018190086402910415 0.563848215831677
0.02273760800363802 0.5637433400036502
0.027285129604365622 0.5636151849265689
0.031832651205093224 0.5634637664861977
0.03638017280582083 0.5632891034488611
0.040927694406548434 0.5630912174575671
0.04547521600727604 0.562870133027538
0.05002273760800364 0.5626258775411488
0.054570259208731244 0.5623584812422738
0.05911778080945885 0.562067977230048
0.06366530241018645 0.5617544014520353
0.06821282401091405 0.5614177926968157
0.07276034561164166 0.5610581925859922
0.07730786721236926 0.5606756455656075
0.08185538881309687 0.5602701988969945
0.08640291041382447 0.559841902647039
0.09095043201455208 0.5593908096778815
0.09549795361527967 0.5589169756360397
0.10004547521600728 0.5584204589409681
0.10459299681673488 0.5579013207730558
0.10914051841746249 0.5573596250610604
0.11368804001819009 0.5567954384689915
0.1182355616189177 0.5562088303824309
0.1227830832196453 0.5555998728943189
0.1273306048203729 0.5549686407901822
0.1318781264211005 0.554315211532832
0.1364256480218281 0.5536396652465171
0.1409731696225557 0.5529420847005541
0.14552069122328332 0.5522225552924247
0.15006821282401092 0.5514811650303542
0.15461573442473853 0.5507180045153702
0.15916325602546613 0.5499331669228539
0.16371077762619374 0.5491267479835822
0.16825829922692134 0.5482988459642664
0.17280582082764895 0.5474495616475986
0.17735334242837655 0.5465789983118108
0.18190086402910416 0.5456872617097399
0.18644838562983174 0.5447744600474281
0.19099590723055934 0.5438407039622362
0.19554342883128695 0.5428861065005076
0.20009095043201455 0.5419107830947555
0.20463847203274216 0.5409148515404099
0.20918599363346976 0.5398984319721136
0.21373351523419737 0.5388616468395746
0.21828103683492497 0.5378046208829926
0.22282855843565258 0.5367274811080529
0.22737608003638018 0.5356303567605045
0.2319236016371078 0.5345133793003243
0.2364711232378354 0.5333766823754781
0.241018644838563 0.5322204017952826
0.2455661664392906 0.5310446755033785
0.2501136880400182 0.5298496435503183
0.2546612096407458 0.528635448065785
0.2592087312414734 0.5274022332304347
0.263756252842201 0.5261501452473883
0.26830377444292863 0.5248793323133667
0.2728512960436562 0.5235899445894838
0.27739881764438384 0.5222821341717038
0.2819463392451114 0.5209560550609703
0.28649386084583905 0.5196118631330173
0.29104138244656663 0.518249716107871
0.2955889040472942 0.5168697735190421
0.30013642564802184 0.5154721966824325
0.3046839472487494 0.5140571486649522
0.30923146884947705 0.5126247942528557
0.31377899045020463 0.5111752999198181
0.31832651205093226 0.5097088337947427
0.32287403365165984 0.5082255656293222
0.3274215552523875 0.5067256667653565
0.33196907685311505 0.5052093101018365
0.3365165984538427 0.503676670061802
0.34106412005457026 0.5021279225589863
0.3456116416552979 0.5005632449642492
0.3501591632560255 0.4989828160718181
0.3547066848567531 0.49738681606533286
0.3592542064574807 0.4957754264837155
0.3638017280582083 0.4941488301868684
0.3683492496589359 0.49250721132120523
0.3728967712596635 0.49085075528503747
0.3774442928603911 0.489179648693807
0.3819918144611187 0.48749407934519373
0.3865393360618463 0.485794236184089
0.3910868576625739 0.48408030926745627
0.3956343792633015 0.482352489729085
0.4001819008640291 0.4806109697442429
0.40472942246475674 0.47885594249424157
0.4092769440654843 0.4770876021309203
0.41382446566621195 0.47530614374105873
0.4183719872669395 0.4735117633107273
0.42291950886766716 0.4717046576895854
0.42746703046839474 0.46988502455513576
0.43201455206912237 0.46805306237693983
0.43656207366984995 0.4662089703808132
0.4411095952705775 0.464352948512999
0.44565711687130516 0.46248519740433414
0.45020463847203274 0.4606059183344204
0.45475216007276037 0.4587153131957968
0.45929968167348795 0.45681358445813935
0.4638472032742156 0.4549009351324815
0.46839472487494316 0.45297756873547346
0.4729422464756708 0.4510436892536858
0.47748976807639837 0.4490995011079658
0.482037289677126 0.4471452091178564
0.4865848112778536 0.44518101846608393
0.4911323328785812 0.443207134663127
0.4956798544793088 0.4412237635118719
0.5002273760800364 0.4392311110723623
0.504774897680764 0.4372293836266542
0.5093224192814916 0.43521878764378386
0.5138699408822192 0.4331995297448549
0.5184174624829468 0.4311718166682528
0.5229649840836744 0.42913585523499936
0.527512505684402 0.42709185231424757
0.5320600272851296 0.42504001478893216
0.5366075488858573 0.4229805495215772
0.5411550704865848 0.42091366332027463
0.5457025920873124 0.41883956290483476
0.55025011368804 0.4167584548731228
0.5547976352887677 0.41467054566758427
0.5593451568894953 0.41257604154196664
0.5638926784902228 0.41047514852824935
0.5684402000909504 0.40836807240378237
0.5729877216916781 0.40625501865864677
0.5775352432924057 0.4041361924632394
0.5820827648931333 0.40201179863609154
0.5866302864938608 0.39988204161192625
0.5911778080945884 0.3977471254099645
0.5957253296953161 0.3956072536024804
0.6002728512960437 0.3934626292836192
0.6048203728967713 0.39131345503847986
0.6093678944974988 0.3891599329124681
0.6139154160982265 0.38700226438093
0.6184629376989541 0.3848406503190669
0.6230104592996817 0.3826752909721434
0.6275579809004093 0.3805063859259868
0.632105502501137 0.37833413407779176
0.6366530241018645 0.37615873360723007
0.6412005457025921 0.37398038194787175
0.6457480673033197 0.37179927575892513
0.6502955889040474 0.36961561089729933
0.654843110504775 0.36742958238999324
0.6593906321055025 0.36524138440682014
0.6639381537062301 0.36305121023346376
0.6684856753069577 0.3608592522448846
0.6730331969076854 0.3586657018790652
0.677580718508413 0.35647074961111186
0.6821282401091405 0.35427458492770786
0.6866757617098681 0.3520773963019289
0.6912232833105958 0.3498793711684218
0.6957708049113234 0.3476806958989471
0.700318326512051 0.3454815557782978
0.7048658481127785 0.3432821349805902
0.7094133697135062 0.34108261654593236
0.7139608913142338 0.33888318235747605
0.7185084129149614 0.3366840131188535
0.723055934515689 0.33448528833199986
0.7276034561164166 0.3322871862753699
0.7321509777171442 0.33008988398254624
0.7366984993178718 0.32789355722124475
0.7412460209185994 0.3256983804727205
0.745793542519327 0.32350452691157217
0.7503410641200546 0.3213121683859543
0.7548885857207822 0.3191214753981922
0.7594361073215098 0.3169326170858079
0.7639836289222374 0.3147457612029532
0.7685311505229651 0.31256107410225786
0.7730786721236926 0.310378720717088
0.7776261937244202 0.30819886454422313
0.7821737153251478 0.30602166762694694
0.7867212369258755 0.3038472905385557
0.791268758526603 0.3016758923662887
0.7958162801273306 0.29950763069567493
0.8003638017280582 0.2973426615953031
0.8049113233287858 0.29518113960201076
0.8094588449295135 0.2930232177064986
0.814006366530241 0.29086904733936586
0.8185538881309686 0.2887187783575674
0.8231014097316962 0.2865725590312965
0.8276489313324239 0.28443053603129054
0.8321964529331515 0.28229285441655927
0.836743974533879 0.2801596576225365
0.8412914961346066 0.27803108744965493
0.8458390177353343 0.27590728405234627
0.8503865393360619 0.2737883859284587
0.8549340609367895 0.27167452990910007
0.859481582537517 0.2695658511489003
0.8640291041382447 0.2674624831166952
0.8685766257389723 0.26536455758662675
0.8731241473396999 0.2632722046296656
0.8776716689404275 0.2611855526055464
0.882219190541155 0.25910472815512164
0.8867667121418827 0.2570298561931288
0.8913142337426103 0.25496105990137
0.8958617553433379 0.2528984607223044
0.9004092769440655 0.25084217835304695
0.9049567985447932 0.24879233073977802
0.9095043201455207 0.24674903407255805
0.9140518417462483 0.24471240278054363
0.9185993633469759 0.24268254952760956
0.9231468849477036 0.24065958520836464
0.9276944065484312 0.23864361894457112
0.9322419281491587 0.23663475808195217
0.9367894497498863 0.23463310818739713
0.941336971350614 0.23263877304655284
0.9458844929513416 0.23065185466180343
0.9504320145520692 0.22867245325063323
0.9549795361527967 0.22670066724437263
0.9595270577535243 0.2247365932873197
0.964074579354252 0.22278032623624017
0.9686221009549796 0.22083195916023685
0.9731696225557072 0.21889158334098943
0.9777171441564347 0.21695928827336045
0.9822646657571624 0.21503516166636147
0.98681218735789 0.2131192894444816
0.9913597089586176 0.21121175574936754
0.9959072305593452 0.2093126429418594
1.0004547521600728 0.2074220316043709
1.0050022737608004 0.20554000054361826
1.009549795361528 0.20366662679368563
1.0140973169622556 0.20180198561943097
1.0186448385629832 0.19994615052022222
1.0231923601637107 0.1980991932340057
1.0277398817644383 0.19626118374169518
1.0322874033651661 0.1944321902718869
1.0368349249658937 0.19261227930588734
1.0413824465666213 0.19080151558305644
1.0459299681673488 0.1889999621064571
1.0504774897680764 0.1872076801488106
1.055025011368804 0.18542472925875095
1.0595725329695316 0.18365116726737532
1.0641200545702592 0.1818870502950843
1.068667576170987 0.18013243275871046
1.0732150977717145 0.17838736737892716
1.077762619372442 0.17665190518793636
1.0823101409731697 0.17492609553742902
1.0868576625738973 0.17320998610681315
1.0914051841746248 0.17150362291170626
1.0959527057753524 0.1698070503126873
1.10050022737608 0.16812031102430186
1.1050477489768076 0.16644344612431689
1.1095952705775354 0.16477649506322206
1.114142792178263 0.1631194956739693
1.1186903137789905 0.16147248418194882
1.123237835379718 0.1598354952151943
1.1277853569804457 0.15820856181481543
1.1323328785811733 0.15659171544564998
1.1368804001819008 0.15498498600713181
1.1414279217826284 0.1533884018443708
1.1459754433833562 0.15180198975943826
1.1505229649840838 0.15022577502285345
1.1550704865848114 0.1486597813852671
1.159618008185539 0.14710403108933498
1.1641655297862665 0.14555854488178052
1.168713051386994 0.144023342025636
1.1732605729877217 0.14249844031266248
1.1778080945884493 0.14098385607594074
1.1823556161891768 0.13947960420262942
1.1869031377899046 0.13798569814688413
1.1914506593906322 0.13650214994293497
1.1959981809913598 0.13502897021831514
1.2005457025920874 0.1335661682072367
1.205093224192815 0.13211375176410975
1.2096407457935425 0.13067172737719743
1.21418826739427 0.1292401001824055
1.2187357889949977 0.12781887397719752
1.2232833105957255 0.12640805123463486
1.227830832196453 0.12500763311753343
1.2323783537971806 0.12361761949273505
1.2369258753979082 0.12223800894548595
1.2414733969986358 0.12086879879392007
1.2460209185993634 0.11950998510364139
1.250568440200091 0.11816156270240002
1.2551159618008185 0.11682352519485885
1.259663483401546 0.11549586497744439
1.264211005002274 0.11417857325327894
1.2687585266030015 0.11287164004718771
1.273306048203729 0.11157505422077786
1.2778535698044566 0.11028880348758395
1.2824010914051842 0.1090128744282761
1.2869486130059118 0.10774725250592519
1.2914961346066394 0.10649192208132201
1.296043656207367 0.10524686642834502
1.3005911778080947 0.10401206774937319
1.3051386994088223 0.10278750719073883
1.30968622100955 0.10157316485821564
1.3142337426102775 0.10036901983254054
1.318781264211005 0.09917505018496056
1.3233287858117326 0.09799123299280506
1.3278763074124602 0.09681754435507667
1.3324238290131878 0.09565395940805656
1.3369713506139154 0.09450045234092261
1.3415188722146432 0.09335699641137306
1.3460663938153707 0.09222356396125468
1.3506139154160983 0.09110012643218938
1.355161437016826 0.08998665438119707
1.3597089586175535 0.08888311749630981
1.364256480218281 0.08778948461217422
1.3688040018190086 0.08670572372563781
1.3733515234197362 0.08563180201131633
1.377899045020464 0.08456768583713796
1.3824465666211916 0.0835133407798609
1.3869940882219192 0.0824687316405612
1.3915416098226467 0.08143382246008687
1.3960891314233743 0.08040857653447536
1.400636653024102 0.07939295643033051
1.4051841746248295 0.07838692400015655
1.409731696225557 0.07739044039764512
1.4142792178262846 0.07640346609291221
1.4188267394270124 0.07542596088768226
1.42337426102774 0.07445788393041664
1.4279217826284676 0.07349919373138206
1.4324693042291952 0.07254984817765785
1.4370168258299227 0.07160980454807792
1.4415643474306503 0.07067901952810487
1.446111869031378 0.06975744922463353
1.4506593906321055 0.06884504918072153
1.4552069122328333 0.06794177439024333
1.4597544338335608 0.06704757931246617
1.4643019554342884 0.06616241788654444
1.468849477035016 0.06528624354593052
1.4733969986357436 0.06441900923269972
1.4779445202364712 0.06356066741178616
1.4824920418371987 0.06271117008512846
1.4870395634379263 0.06187046880572168
1.491587085038654 0.06103851469157445
1.4961346066393817 0.06021525843956804
1.5006821282401093 0.059400650339216425
1.5052296498408368 0.058594640286323885
1.5097771714415644 0.05779717779653991
1.514324693042292 0.057008212018807514
1.5188722146430196 0.05622769174870469
1.5234197362437472 0.055455565441676645
1.5279672578444747 0.0546917812261563
1.5325147794452023 0.053936286916572776
1.5370623010459301 0.053189030026244734
1.5416098226466577 0.05244995778015834
1.5461573442473853 0.05171901712762716
1.5507048658481128 0.05099615475483314
1.5552523874488404 0.05028131709724712
1.559799909049568 0.049574450351927445
1.5643474306502956 0.04887550048969536
1.5688949522510232 0.04818441326718576
1.573442473851751 0.04750113423877252
1.5779899954524785 0.04682560876836693
1.582537517053206 0.04615778204108774
1.5870850386539337 0.045497599074802615
1.5916325602546613 0.04484500473153955
1.5961800818553888 0.04419994372876698
1.6007276034561164 0.04356236065054204
1.605275125056844 0.042932199958526526
1.6098226466575716 0.04230940600286855
1.6143701682582994 0.04169392303295053
1.618917689859027 0.04108569520800195
1.6234652114597545 0.04048466660757606
1.628012733060482 0.03989078124189113
1.6325602546612097 0.03930398306203412
1.6371077762619373 0.03872421597002722
1.6416552978626648 0.03815142382875686
1.6462028194633924 0.037585550471764165
1.6507503410641202 0.03702653971289682
1.6552978626648478 0.03647433535582247
1.6598453842655754 0.03592888120340214
1.664392905866303 0.03539012106692489
1.6689404274670305 0.03485799877520259
1.673487949067758 0.0343324581835248
1.6780354706684857 0.033813443182473944
1.6825829922692133 0.03330089770660042
1.6871305138699408 0.03279476574295775
1.6916780354706686 0.03229499133949778
1.6962255570713962 0.031801518613326
1.7007730786721238 0.03131429175881685
1.7053206002728514 0.03083325505558959
1.709868121873579 0.030358352876344592
1.7144156434743065 0.02988952969456009
1.718963165075034 0.029426730092050313
1.7235106866757617 0.028969898766384436
1.7280582082764895 0.028518980538167264
1.732605729877217 0.02807392035818182
1.7371532514779446 0.027634663314394032
1.7417007730786722 0.027201154638820346
1.7462482946793998 0.02677333971425843
1.7507958162801274 0.026351164080881333
1.755343337880855 0.025934573442696073
1.7598908594815825 0.02552351367386672
1.76443838108231 0.025117930824902816
1.768985902683038 0.024717771128713713
1.7735334242837655 0.024322981006529427
1.778080945884493 0.023933507073688597
1.7826284674852206 0.023549296145294406
1.7871759890859482 0.023170295241739112
1.7917235106866758 0.02279645159409775
1.7962710322874034 0.022427712649392237
1.800818553888131 0.022064026075726113
1.8053660754888587 0.021705339767291106
1.8099135970895863 0.02135160184924637
1.814461118690314 0.021002760682470905
1.8190086402910415 0.020658764868190602
1.823556161891769 0.020319563252480258
1.8281036834924966 0.01998510493064198
1.8326512050932242 0.01965533925146047
1.8371987266939518 0.019330215821336705
1.8417462482946794 0.019009684508300276
1.8462937698954072 0.018693695445902218
1.8508412914961347 0.018382199036988754
1.8553888130968623 0.018075145957357156
1.85993633469759 0.017772487159294963
1.8644838562983175 0.017474173875003312
1.869031377899045 0.01718015761990583
1.8735788994997726 0.016890390195843888
1.8781264211005002 0.016604823694159516
1.882673942701228 0.016323410498666976
1.8872214643019556 0.016046103288514395
1.8917689859026832 0.01577285504093624
1.8963165075034107 0.015503619033898082
1.9008640291041383 0.015238348848634859
1.905411550704866 0.014976998372083482
1.9099590723055935 0.01471952179921149
1.914506593906321 0.014465873635242519
1.9190541155070486 0.014216008697780067
1.9236016371077764 0.013969882118830653
1.928149158708504 0.013727449346727745
1.9326966803092316 0.013488666147957446
1.9372442019099592 0.013253488608887518
1.9417917235106867 0.013021873137400783
1.9463392451114143 0.012793776464434048
1.950886766712142 0.012569155645424311
1.9554342883128695 0.01234796806166286
1.9599818099135973 0.012130171421559045
1.9645293315143249 0.011915723761814828
1.9690768531150524 0.011704583448511257
1.97362437471578 0.011496709178108468
1.9781718963165076 0.011292059978360178
1.9827194179172352 0.011090595209144087
1.9872669395179627 0.01089227456320962
1.9918144611186903 0.010697058066843993
1.996361982719418 0.010504906080458192
2.0009095043201457 0.010315779299093946
2.0054570259208733 0.010129638752853108
2.010004547521601 0.009946445807250699
2.0145520691223284 0.009766162163492813
2.019099590723056 0.009588749858680863
2.0236471123237836 0.009414171265943242
2.028194633924511 0.009242389094495887
2.0327421555252387 0.009073366389632739
2.0372896771259663 0.008907066532647749
2.041837198726694 0.008743453240689368
2.0463847203274215 0.008582490566548964
2.050932241928149 0.008424142898384406
2.0554797635288766 0.008268374959380036
2.0600272851296046 0.008115151807344284
2.0645748067303322 0.007964438834246303
2.06912232833106 0.007816201765692601
2.0736698499317874 0.0076704066603451625
2.078217371532515 0.0075270199092821915
2.0827648931332425 0.007386008235302692
2.08731241473397 0.007247338692176122
2.0918599363346977 0.007110978663838296
2.0964074579354253 0.006976895863534818
2.100954979536153 0.006845058332913161
2.1055025011368804 0.00671543444106465
2.110050022737608 0.006587992883517414
2.1145975443383356 0.00646270268118168
2.119145065939063 0.006339533179248354
2.1236925875397907 0.0062184540460421735
2.1282401091405183 0.006099435271830548
2.132787630741246 0.0059824471675892455
2.137335152341974 0.005867460363725981
2.1418826739427015 0.005754445808763136
2.146430195543429 0.005643374767980591
2.1509777171441566 0.005534218822019867
2.155525238744884 0.005426949865450666
2.160072760345612 0.005321540105300789
2.1646202819463394 0.005217962059550628
2.169167803547067 0.005116188555593177
2.1737153251477945 0.005016192728660676
2.178262846748522 0.004917948020218967
2.1828103683492497 0.00482142817633042
2.1873578899499773 0.004726607245986625
2.191905411550705 0.004633459579411787
2.1964529331514324 0.004541959826337741
2.20100045475216 0.004452082934251722
2.2055479763528876 0.004363804146617694
2.210095497953615 0.004277099001072316
2.214643019554343 0.004191943327596454
2.2191905411550708 0.004108313246663135
2.2237380627557983 0.004026185167362904
2.228285584356526 0.003945535785507511
2.2328331059572535 0.0038663420817127933
2.237380627557981 0.0037885813194616187
2.2419281491587086 0.0037122310431478385
2.246475670759436 0.0036372690761020334
2.251023192360164 0.003563673518599971
2.2555707139608914 0.003491422745854539
2.260118235561619 0.0034204954059920503
2.2646657571623465 0.0033508704180136937
2.269213278763074 0.0032825269697429396
2.2737608003638017 0.0032154445157596967
2.2783083219645293 0.0031496027753219833
2.282855843565257 0.0030849817302758924
2.2874033651659844 0.0030215616229545958
2.2919508867667124 0.0029593229540671243
2.29649840836744 0.0028982464805776785
2.3010459299681676 0.002838313213576106
2.305593451568895 0.0027795044161403755
2.3101409731696227 0.0027218016011916197
2.3146884947703503 0.002665186529342501
2.319236016371078 0.002609641206739532
2.3237835379718055 0.0025551478829000124
2.328331059572533 0.0025016890485442304
2.3328785811732606 0.002449247433423569
2.337426102773988 0.002397806004145095
2.341973624374716 0.0023473479619933067
2.3465211459754434 0.002297856740749551
2.351068667576171 0.0022493160045097683
2.3556161891768985 0.0022017096455011053
2.360163710777626 0.0021550217818979167
2.3647112323783537 0.0021092367556377993
2.3692587539790817 0.0020643391302380943
2.3738062755798093 0.002020313688613458
2.378353797180537 0.0019771454308949387
2.3829013187812644 0.001934819572251155
2.387448840381992 0.0018933215407119898
2.3919963619827196 0.001852636974995315
2.396543883583447 0.0018127517223372007
2.4010914051841747 0.0017736518363260867
2.4056389267849023 0.0017353235747413316
2.41018644838563 0.0016977533973966084
2.4147339699863575 0.0016609279639885456
2.419281491587085 0.0016248341319510466
2.4238290131878126 0.0015894589543156731
2.42837653478854 0.0015547896775785091
2.432924056389268 0.001520813739573853
2.4374715779899954 0.0014875187673551566
2.442019099590723 0.0014548925750835309
2.446566621191451 0.0014229231619241913
2.4511141427921785 0.001391598709951197
2.455661664392906 0.0013609075820607676
2.4602091859936337 0.0013308383198935736
2.4647567075943613 0.0013013796417662433
2.469304229195089 0.001272520440612431
2.4738517507958164 0.001244249781933735
2.478399272396544 0.0012165569017607324
2.4829467939972716 0.0011894312046244267
2.487494315597999 0.0011628622615383586
2.4920418371987267 0.0011368398079916544
2.4965893587994543 0.0011113537419532406
2.501136880400182 0.0010863941218874802
2.5056844020009095 0.0010619511647814563
2.510231923601637 0.0010380152441841234
2.5147794452023646 0.0010145768882575453
2.519326966803092 0.0009916267778404212
2.5238744884038202 0.0009691557445240982
2.528422010004548 0.0009471547687412721
2.5329695316052754 0.0009256149778675275
2.537517053206003 0.000904527644335933
2.5420645748067305 0.000883884183764824
2.546612096407458 0.0008636761530989485
2.5511596180081857 0.0008438952487641241
2.5557071396089133 0.0008245333048355444
2.560254661209641 0.0008055822912198823
2.5648021828103684 0.0007870343118513167
2.569349704411096 0.0007688816029015926
2.5738972260118236 0.0007511165310042508
2.578444747612551 0.000733731591493126
2.5829922692132787 0.0007167194066552126
2.5875397908140063 0.0007000727239980017
2.592087312414734 0.0006837844145313772
2.5966348340154615 0.000667847471064152
2.6011823556161895 0.0006522550065153194
2.605729877216917 0.0006370002522401133
2.6102773988176446 0.0006220765563708934
2.6148249204183722 0.0006074773821729755
2.6193724420191 0.0005931963064154189
2.6239199636198274 0.0005792270177568338
2.628467485220555 0.0005655633151462522
2.6330150068212825 0.0005521991062390979
2.63756252842201 0.0005391284058282903
2.6421100500227377 0.0005263453342905057
2.6466575716234653 0.0005138441160476231
2.651205093224193 0.0005016190780433725
2.6557526148249204 0.0004896646482351893
2.660300136425648 0.00047797535410129755
2.6648476580263756 0.0004665458211630168
2.669395179627103 0.0004553707715222886
2.6739427012278307 0.0004444450224144285
2.6784902228285588 0.00043376348477608303
2.6830377444292863 0.0004233211618283902
2.687585266030014 0.0004131131476753092
2.6921327876307415 0.0004031346259171168
2.696680309231469 0.00039338086827903226
2.7012278308321966 0.0003838472332549472
2.705775352432924 0.00037452916476622575
2.710322874033652 0.00036542219083553993
2.7148703956343794 0.0003565219222757036
2.719417917235107 0.00034782405139345324
2.7239654388358345 0.00033932435070814276
2.728512960436562 0.0003310186716852899
2.7330604820372897 0.00032290294348493327
2.7376080036380173 0.00031497317172473504
2.742155525238745 0.00030722543725777914
2.7467030468394724 0.00029965589496499986
2.7512505684402 0.0002922607725621777
2.755798090040928 0.0002850363694214383
2.7603456116416556 0.00027797905540718484
2.764893133242383 0.00027108526972638983
2.7694406548431107 0.00026435151979317835
2.7739881764438383 0.00025777438010762414
2.778535698044566 0.00025135049114867914
2.7830832196452935 0.00024507655828116137
2.787630741246021 0.000238949350676711
2.7921782628467486 0.0002329657002486421
2.796725784447476 0.00022712250060059224
2.801273306048204 0.00022141670598889072
2.8058208276489314 0.00021584533029855334
2.810368349249659 0.00021040544603281218
2.8149158708503865 0.00020509418331608653
2.819463392451114 0.00019990872891030703
2.8240109140518417 0.00019484632524448804
2.8285584356525693 0.00018990426945745932
2.8331059572532973 0.00018507991245365565
2.837653478854025 0.00018037065797186502
2.8422010004547524 0.00017577396166683256
2.84674852205548 0.00017128733020362418
2.8512960436562076 0.0001669083203646412
2.855843565256935 0.0001626345381691857
2.8603910868576627 0.00015846363800546973
2.8649386084583903 0.00015439332177496468
2.869486130059118 0.00015042133804898285
2.8740336516598455 0.00014654548123738408
2.878581173260573 0.00014276359076930098
2.8831286948613006 0.00013907355028577184
2.887676216462028 0.00013547328684417422
2.892223738062756 0.00013196077013434852
2.8967712596634834 0.00012853401170630018
2.901318781264211 0.00012519106420937236
2.9058663028649385 0.0001219300206427755
2.9104138244656665 0.00011874901361736316
2.914961346066394 0.00011564621462854467
2.9195088676671217 0.00011261983334021618
2.9240563892678493 0.00010966811687960546
2.928603910868577 0.00010678934914291355
2.9331514324693044 0.00010398185011164084
2.937698954070032 0.0001012439751794866
2.9422464756707596 9.857411448970714e-05
2.946793997271487 9.597069228282173e-05
2.9513415188722147 9.34321662545518e-05
2.9558890404729423 9.095702692388214e-05
2.96043656207367 8.854379701113036e-05
2.9649840836743975 8.619103082591225e-05
2.969531605275125 8.389731366489165e-05
2.9740791268758526 8.166126121920099e-05
2.97862664847658 7.948151899142188e-05
2.983174170077308 7.73567617220134e-05
2.9877216916780354 7.528569282507686e-05
2.9922692132787634 7.32670438333454e-05
2.996816734879491 7.12995738522892e-05
3.0013642564802185 6.93820690232223e-05
3.005911778080946 6.751334199530621e-05
3.0104592996816737 6.569223140633544e-05
3.0150068212824013 6.39176013721998e-05
3.019554342883129 6.218834098491163e-05
3.0241018644838564 6.050336381909221e-05
3.028649386084584 5.886160744680776e-05
3.0331969076853116 5.726203296064899e-05
3.037744429286039 5.570362450494685e-05
3.0422919508867667 5.4185388815018604e-05
3.0468394724874943 5.270635476433892e-05
3.051386994088222 5.126557291953092e-05
3.0559345156889495 4.986211510307238e-05
3.060482037289677 4.849507396361465e-05
3.0650295588904046 4.716356255381011e-05
3.0695770804911326 4.5866713915546564e-05
3.0741246020918602 4.460368067248711e-05
3.078672123692588 4.337363462981329e-05
3.0832196452933154 4.217576638107315e-05
3.087767166894043 4.1009284922033625e-05
3.0923146884947705 3.9873417271438664e-05
3.096862210095498 3.876740809857533e-05
3.1014097316962257 3.76905193575504e-05
3.1059572532969533 3.66420299281817e-05
3.110504774897681 3.562123526340731e-05
3.1150522964984084 3.462744704311931e-05
3.119599818099136 3.365999283432673e-05
3.1241473396998636 3.271821575755522e-05
3.128694861300591 3.180147415939072e-05
3.1332423829013187 3.090914129107576e-05
3.1377899045020463 3.00406049930674e-05
3.142337426102774 2.9195267385467077e-05
3.146884947703502 2.8372544564233068e-05
3.1514324693042295 2.757186630308815e-05
3.155979990904957 2.6792675761033428e-05
3.1605275125056846 2.6034429195383818e-05
3.165075034106412 2.52965956802382e-05
3.16962255570714 2.4578656830300034e-05
3.1741700773078674 2.3880106529964332e-05
3.178717598908595 2.320045066758807e-05
3.1832651205093225 2.253920687486191e-05
3.18781264211005 2.1895904271201927e-05
3.1923601637107777 2.127008321308097e-05
3.1969076853115053 2.0661295048220103e-05
3.201455206912233 2.0069101874561633e-05
3.2060027285129604 1.9493076303945778e-05
3.210550250113688 1.893280123041436e-05
3.2150977717144156 1.838786960306536e-05
3.219645293315143 1.7857884203383327e-05
3.224192814915871 1.734245742697125e-05
3.2287403365165988 1.6841211069611127e-05
3.2332878581173263 1.6353776117579744e-05
3.237835379718054 1.5879792542149182e-05
3.2423829013187815 1.541890909820067e-05
3.246930422919509 1.4970783126882089e-05
3.2514779445202366 1.4535080362240363e-05
3.256025466120964 1.4111474741760227e-05
3.260572987721692 1.3699648220742671e-05
3.2651205093224194 1.3299290590456182e-05
3.269668030923147 1.2910099299995633e-05
3.2742155525238745 1.2531779281783887e-05
3.278763074124602 1.216404278065257e-05
3.2833105957253297 1.180660918643878e-05
3.2878581173260573 1.1459204870035743e-05
3.292405638926785 1.1121563022836207e-05
3.2969531605275124 1.079342349950791e-05
3.3015006821282404 1.0474532664041584e-05
3.306048203728968 1.0164643239012993e-05
3.3105957253296956 9.863514158000203e-06
3.315143246930423 9.570910421099956e-06
3.3196907685311507 9.28660295348602e-06
3.3242382901318783 9.010368466954134e-06
3.328785811732606 8.741989324399021e-06
3.3333333333333335 8.481253407169122e-06
3.337880854934061 8.227953985246132e-06
3.3424283765347886 7.981889590196766e-06
3.346975898135516 7.742863890845219e-06
3.351523419736244 7.510685571615326e-06
3.3560709413369714 7.285168213492339e-06
3.360618462937699 7.066130177555078e-06
3.3651659845384265 6.8533944910296105e-06
3.369713506139154 6.646788735816769e-06
3.3742610277398817 6.446144939446259e-06
3.3788085493406097 6.2512994684109575e-06
3.3833560709413373 6.062092923835817e-06
3.387903592542065 5.878370039436075e-06
3.3924511141427924 5.699979581720902e-06
3.39699863574352 5.526774252398607e-06
3.4015461573442476 5.358610592940631e-06
3.406093678944975 5.195348891262094e-06
3.4106412005457027 5.036853090477397e-06
3.4151887221464303 4.882990699690019e-06
3.419736243747158 4.7336327067762825e-06
3.4242837653478855 4.588653493123629e-06
3.428831286948613 4.4479307502844465e-06
3.4333788085493406 4.31134539850728e-06
3.437926330150068 4.178781507107759e-06
3.442473851750796 4.050126216642321e-06
3.4470213733515234 3.92526966284833e-06
3.451568894952251 3.8041049023149035e-06
3.456116416552979 3.6865278398492455e-06
3.4606639381537065 3.572437157504065e-06
3.465211459754434 3.461734245231938e-06
3.4697589813551617 3.3543231331335082e-06
3.4743065029558893 3.2501104252665617e-06
3.478854024556617 3.1490052349838232e-06
3.4834015461573444 3.050919121767874e-06
3.487949067758072 2.9557660295319846e-06
3.4924965893587996 2.863462226356483e-06
3.497044110959527 2.77392624563051e-06
3.5015916325602547 2.6870788285698032e-06
3.5061391541609823 2.6028428680814854e-06
3.51068667576171 2.5211433539475532e-06
3.5152341973624375 2.4419073192990253e-06
3.519781718963165 2.3650637883534854e-06
3.5243292405638926 2.2905437253890376e-06
3.52887676216462 2.2182799849283026e-06
3.5334242837653482 2.1482072631065273e-06
3.537971805366076 2.080262050198416e-06
3.5425193269668034 2.014382584278595e-06
3.547066848567531 1.9505088059913706e-06
3.5516143701682585 1.8885823144056077e-06
3.556161891768986 1.8285463239312053e-06
3.5607094133697137 1.7703456222740009e-06
3.5652569349704413 1.7139265294063933e-06
3.569804456571169 1.6592368575314358e-06
3.5743519781718964 1.606225872018501e-06
3.578899499772624 1.554844253289148e-06
3.5834470213733516 1.505044059632117e-06
3.587994542974079 1.4567786909268937e-06
3.5925420645748067 1.4100028532555832e-06
3.5970895861755343 1.3646725243833151e-06
3.601637107776262 1.3207449200877348e-06
3.6061846293769895 1.2781784613185327e-06
3.6107321509777175 1.236932742168344e-06
3.615279672578445 1.1969684986367323e-06
3.6198271941791726 1.1582475781692702e-06
3.6243747157799002 1.1207329099542057e-06
3.628922237380628 1.0843884759594363e-06
3.6334697589813554 1.0491792826929192e-06
3.638017280582083 1.015071333669997e-06
3.6425648021828105 9.820316025713978e-07
3.647112323783538 9.500280070760658e-07
3.6516598453842657 9.190293833532501e-07
3.6562073669849933 8.890054611986162e-07
3.660754888585721 8.599268397994724e-07
3.6653024101864484 8.317649641144791e-07
3.669849931787176 8.044921018535415e-07
3.6743974533879036 7.780813210438583e-07
3.678944974988631 7.525064681684194e-07
3.6834924965893587 7.277421468634999e-07
3.6880400181900868 7.037636971619998e-07
3.6925875397908143 6.805471752697665e-07
3.697135061391542 6.580693338622577e-07
3.7016825829922695 6.363076028892486e-07
3.706230104592997 6.152400708754798e-07
3.7107776261937246 5.948454667054308e-07
3.715325147794452 5.751031418806512e-07
3.71987266939518 5.559930532383451e-07
3.7244201909959074 5.374957461201119e-07
3.728967712596635 5.19592337980026e-07
3.7335152341973625 5.022645024214448e-07
3.73806275579809 4.85494453652182e-07
3.7426102773988177 4.692649313478953e-07
3.7471577989995453 4.5355918591377014e-07
3.751705320600273 4.383609641347952e-07
3.7562528422010004 4.236544952051411e-07
3.760800363801728 4.09424477127353e-07
3.765347885402456 3.956560634722921e-07
3.7698954070031836 3.82334850490951e-07
3.774442928603911 3.6944686456945027e-07
3.7789904502046388 3.569785500187624e-07
3.7835379718053663 3.4491675719084746e-07
3.788085493406094 3.3324873091310855e-07
3.7926330150068215 3.219620992332358e-07
3.797180536607549 3.1104486246670247e-07
3.8017280582082766 3.0048538253934266e-07
3.806275579809004 2.9027237261761385e-07
3.810823101409732 2.803948870193214e-07
3.8153706230104594 2.7084231139773827e-07
3.819918144611187 2.616043531922278e-07
3.8244656662119145 2.5267103233862396e-07
3.829013187812642 2.4403267223278403e-07
3.8335607094133697 2.3567989094088793e-07
3.8381082310140973 2.2760359265019271e-07
3.8426557526148253 2.1979495935411155e-07
3.847203274215553 2.1224544276562455e-07
3.8517507958162804 2.0494675645315982e-07
3.856298317417008 1.9789086819323998e-07
3.8608458390177356 1.9106999253430936e-07
3.865393360618463 1.8447658356628768e-07
3.8699408822191907 1.7810332789053705e-07
3.8744884038199183 1.7194313778504357e-07
3.879035925420646 1.6598914455974577e-07
3.8835834470213735 1.602346920970585e-07
3.888130968622101 1.5467333057276284e-07
3.8926784902228286 1.4929881035254633e-07
3.897226011823556 1.441050760595912e-07
3.901773533424284 1.3908626080872183e-07
3.9063210550250114 1.3423668060272696e-07
3.910868576625739 1.2955082888658227e-07
3.9154160982264665 1.2502337125540123e-07
3.9199636198271945 1.2064914031204394e-07
3.924511141427922 1.1642313067041388e-07
3.9290586630286497 1.1234049410056505e-07
3.9336061846293773 1.0839653481184849e-07
3.938153706230105 1.0458670487040499e-07
3.9427012278308324 1.009065997474163e-07
3.94724874943156 9.735195399460284e-08
3.9517962710322876 9.391863704355571e-08
3.956343792633015 9.060264912556443e-08
3.9608913142337427 8.740011730869329e-08
3.9654388358344703 8.43072916489355e-08
3.969986357435198 8.132054145235589e-08
3.9745338790359255 7.843635164520938e-08
3.979081400636653 7.565131924910062e-08
3.9836289222373806 7.296214995831996e-08
3.988176443838108 7.036565481656833e-08
3.992723965438836 6.785874699035012e-08
3.997271487039564 6.543843863638542e-08
4.001819008640291 6.310183786045929e-08
4.006366530241019 6.08461457651886e-08
4.0109140518417465 5.86686535842597e-08
4.015461573442474 5.6566739900742584e-08
4.020009095043202 5.453786794715761e-08
4.024556616643929 5.257958298502439e-08
4.029104138244657 5.068950976168597e-08
4.033651659845384 4.8865350042255066e-08
4.038199181446112 4.710488021458671e-08
4.04274670304684 4.540594896523643e-08
4.047294224647567 4.376647502441495e-08
4.051841746248295 4.218444497800384e-08
4.056389267849022 4.0657911144746225e-08
4.06093678944975 3.918498951677699e-08
4.0654843110504775 3.7763857761704473e-08
4.070031832651205 3.6392753284503025e-08
4.074579354251933 3.506997134752294e-08
4.07912687585266 3.3793863246966826e-08
4.083674397453388 3.2562834544227554e-08
4.088221919054115 3.137534335052458e-08
4.092769440654843 3.022989866331726e-08
4.0973169622555705 2.9125058753014063e-08
4.101864483856298 2.8059429598537824e-08
4.106412005457026 2.703166337034329e-08
4.110959527057753 2.6040456959523485e-08
4.115507048658482 2.508455055167633e-08
4.120054570259209 2.4162726244241088e-08
4.124602091859937 2.3273806706044685e-08
4.1291496134606644 2.2416653877838874e-08
4.133697135061392 2.159016771263606e-08
4.13824465666212 2.0793284954687673e-08
4.142792178262847 2.0024977955979246e-08
4.147339699863575 1.9284253529147898e-08
4.151887221464302 1.857015183575702e-08
4.15643474306503 1.7881745308893185e-08
4.1609822646657575 1.7218137609078188e-08
4.165529786266485 1.657846261251701e-08
4.170077307867213 1.596188343073001e-08
4.17462482946794 1.5367591460643312e-08
4.179172351068668 1.4794805464237747e-08
4.183719872669395 1.424277067688131e-08
4.188267394270123 1.3710757943494723e-08
4.1928149158708505 1.3198062881723291e-08
4.197362437471578 1.2704005071311607e-08
4.201909959072306 1.2227927268899938e-08
4.206457480673033 1.176919464748328e-08
4.211005002273761 1.1327194059795424e-08
4.215552523874488 1.0901333324901094e-08
4.220100045475216 1.0491040537299676e-08
4.224647567075944 1.0095763397863509e-08
4.229195088676671 9.714968565953313e-09
4.233742610277399 9.348141032071662e-09
4.238290131878126 8.994783510433965e-09
4.242837653478854 8.654415850853743e-09
4.2473851750795815 8.326574469356792e-09
4.251932696680309 8.010811796955035e-09
4.256480218281037 7.706695746027625e-09
4.261027739881764 7.413809193772658e-09
4.265575261482492 7.13174948220821e-09
4.27012278308322 6.860127934216574e-09
4.274670304683948 6.598569385140593e-09
4.279217826284675 6.3467117294540144e-09
4.283765347885403 6.104205482043601e-09
4.2883128694861306 5.87071335365239e-09
4.292860391086858 5.64590984004769e-09
4.297407912687586 5.429480824489802e-09
4.301955434288313 5.2211231930899164e-09
4.306502955889041 5.020544462657804e-09
4.311050477489768 4.827462420651497e-09
4.315597999090496 4.641604776852741e-09
4.320145520691224 4.462708826402983e-09
4.324693042291951 4.290521123845563e-09
4.329240563892679 4.12479716783019e-09
4.333788085493406 3.965301096146003e-09
4.338335607094134 3.8118053907595055e-09
4.3428831286948615 3.6640905925432113e-09
4.347430650295589 3.521945025390319e-09
4.351978171896317 3.3851645294197047e-09
4.356525693497044 3.253552202984538e-09
4.361073215097772 3.1269181532063196e-09
4.365620736698499 3.005079254764539e-09
4.370168258299227 2.8878589166802683e-09
4.3747157798999545 2.7750868568399337e-09
4.379263301500682 2.6665988840131307e-09
4.38381082310141 2.5622366871258385e-09
4.388358344702137 2.4618476315576246e-09
4.392905866302865 2.3652845622384343e-09
4.397453387903592 2.2724056133274214e-09
4.40200090950432 2.1830740242629366e-09
4.406548431105048 2.0971579619791436e-09
4.411095952705775 2.0145303490910817e-09
4.415643474306503 1.935068697856067e-09
4.42019099590723 1.8586549497251094e-09
4.424738517507959 1.7851753203039348e-09
4.429286039108686 1.714520149548658e-09
4.433833560709414 1.6465837570264111e-09
4.4383810823101415 1.5812643020768885e-09
4.442928603910869 1.5184636487153762e-09
4.447476125511597 1.458087235123093e-09
4.452023647112324 1.4000439475753486e-09
4.456571168713052 1.3442459986626675e-09
4.461118690313779 1.2906088096646062e-09
4.465666211914507 1.239050896940295e-09
4.4702137335152345 1.1894937622040465e-09
4.474761255115962 1.1418617865584569e-09
4.47930877671669 1.0960821281614637e-09
4.483856298317417 1.0520846234076543e-09
4.488403819918145 1.0098016915079493e-09
4.492951341518872 9.691682423553717e-10
4.4974988631196 9.301215875682008e-10
4.502046384720328 8.926013546052255e-10
4.506593906321055 8.565494038511366e-10
4.511141427921783 8.219097485733433e-10
4.51568894952251 7.886284776546301e-10
4.520236471123238 7.566536810090805e-10
4.5247839927239655 7.259353775916786e-10
4.529331514324693 6.964254459148168e-10
4.533879035925421 6.680775569877368e-10
4.538426557526148 6.408471095975815e-10
4.542974079126876 6.146911678533624e-10
4.547521600727603 5.895684009166492e-10
4.552069122328331 5.654390248452456e-10
4.5566166439290585 5.422647464784604e-10
4.561164165529786 5.200087092949061e-10
4.565711687130514 4.98635441175953e-10
4.570259208731241 4.781108040101442e-10
4.574806730331969 4.584019450759462e-10
4.579354251932697 4.394772501422411e-10
4.583901773533425 4.2130629822795447e-10
4.5884492951341525 4.038598179640189e-10
4.59299681673488 3.871096455028716e-10
4.597544338335608 3.7102868392230923e-10
4.602091859936335 3.55590864072352e-10
4.606639381537063 3.407711068154081e-10
4.61118690313779 3.2654528661166026e-10
4.615734424738518 3.128901964031645e-10
4.6202819463392455 2.9978351375168583e-10
4.624829467939973 2.8720376818676395e-10
4.629376989540701 2.7513030972193434e-10
4.633924511141428 2.635432784984265e-10
4.638472032742156 2.524235755169974e-10
4.643019554342883 2.417528344198641e-10
4.647567075943611 2.3151339428596538e-10
4.6521145975443385 2.216882734040051e-10
4.656662119145066 2.122611439889189e-10
4.661209640745794 2.0321630780855276e-10
4.665757162346521 1.9453867268846391e-10
4.670304683947249 1.8621372986383091e-10
4.674852205547976 1.7822753214851062e-10
4.679399727148704 1.7056667289229739e-10
4.683947248749432 1.632182656984227e-10
4.688494770350159 1.5616992487429266e-10
4.693042291950887 1.494097465893842e-10
4.697589813551614 1.429262907151221e-10
4.702137335152342 1.3670856332242838e-10
4.7066848567530695 1.3074599981348019e-10
4.711232378353797 1.2502844866503374e-10
4.715779899954525 1.195461557614607e-10
4.720327421555252 1.142897492964192e-10
4.72487494315598 1.092502252228237e-10
4.729422464756707 1.044189332315024e-10
4.733969986357435 9.978756323963053e-11
4.738517507958163 9.534813237070972e-11
4.743065029558891 9.109297240852272e-11
4.7476125511596186 8.701471770811673e-11
4.752160072760346 8.310629354751209e-11
4.756707594361074 7.936090490440493e-11
4.761255115961801 7.577202564272487e-11
4.765802637562529 7.233338809446597e-11
4.770350159163256 6.903897302274936e-11
4.774897680763984 6.588299995260229e-11
4.779445202364712 6.285991785644135e-11
4.783992723965439 5.996439618174002e-11
4.788540245566167 5.7191316208830336e-11
4.793087767166894 5.4535762727246e-11
4.797635288767622 5.1993016019453474e-11
4.8021828103683495 4.955854414124066e-11
4.806730331969077 4.7227995488442074e-11
4.811277853569805 4.499719164007165e-11
4.815825375170532 4.2862120468312514e-11
4.82037289677126 4.081892950617595e-11
4.824920418371987 3.8863919563990634e-11
4.829467939972715 3.699353858621763e-11
4.8340154615734425 3.520437574040673e-11
4.83856298317417 3.349315573041733e-11
4.843110504774898 3.18567333263189e-11
4.847658026375625 3.029208810366785e-11
4.852205547976353 2.8796319385123426e-11
4.85675306957708 2.736664137762095e-11
4.861300591177808 2.600037849856208e-11
4.865848112778536 2.4694960884712925e-11
4.870395634379263 2.3447920077718486e-11
4.874943155979991 2.2256884880350293e-11
4.879490677580718 2.1119577377798956e-11
4.884038199181446 2.003380911851001e-11
4.8885857207821735 1.8997477449236285e-11
4.893133242382902 1.8008561999144823e-11
4.8976807639836295 1.7065121307974406e-11
4.902228285584357 1.6165289593381982e-11
4.906775807185085 1.530727365276142e-11
4.911323328785812 1.4489349894941531e-11
4.91587085038654 1.3709861497296583e-11
4.920418371987267 1.2967215683916473e-11
4.924965893587995 1.2259881120592593e-11
4.9295134151887225 1.158638542247772e-11
4.93406093678945 1.0945312770374777e-11
4.938608458390178 1.0335301631701314e-11
4.943155979990905 9.75504258226308e-12
4.947703501591633 9.203276225053204e-12
4.95225102319236 8.678791202372591e-12
4.956798544793088 8.180422297643656e-12
4.961346066393816 7.707048623362888e-12
4.965893587994543 7.2575918917098225e-12
4.970441109595271 6.831014764399681e-12
4.974988631195998 6.426319278436394e-12
4.979536152796726 6.042545344490839e-12
4.9840836743974535 5.6787693146973714e-12
4.988631195998181 5.3341026167301075e-12
4.993178717598909 5.007690451089133e-12
4.997726239199636 4.69871054859677e-12
5.002273760800364 4.406371985174465e-12
