-5.005005005005005 9.020651718632702e-12
-4.994994994994995 9.962871079857517e-12
-4.984984984984985 1.100130628387336e-11
-4.974974974974975 1.2145549506996933e-11
-4.964964964964965 1.340612502484156e-11
-4.954954954954955 1.4794577329282912e-11
-4.944944944944945 1.6323567331431085e-11
-4.934934934934935 1.8006977368919575e-11
-4.924924924924925 1.986002579738909e-11
-4.914914914914915 2.1899392012681594e-11
-4.904904904904905 2.414335282236903e-11
-4.894894894894895 2.661193116324683e-11
-4.884884884884885 2.9327058245787147e-11
-4.874874874874875 3.231275029776826e-11
-4.864864864864865 3.5595301177899195e-11
-4.854854854854855 3.920349223682266e-11
-4.844844844844845 4.3168820918005724e-11
-4.834834834834835 4.752574971538327e-11
-4.824824824824825 5.2311977238900193e-11
-4.814814814814815 5.7568733284067484e-11
-4.804804804804805 6.334109995810171e-11
-4.794794794794795 6.967836108404173e-11
-4.784784784784785 7.663438228634213e-11
-4.774774774774775 8.42680243578324e-11
-4.764764764764765 9.264359271967362e-11
-4.754754754754755 1.0183132601416749e-10
-4.744744744744745 1.1190792711620457e-10
-4.734734734734735 1.229571401140831e-10
-4.724724724724725 1.350703770957711e-10
-4.714714714714715 1.483473988839221e-10
-4.704704704704705 1.6289705419368325e-10
-4.694694694694695 1.7883808204323313e-10
-4.684684684684685 1.9629998262990288e-10
-4.674674674674675 2.154239622965747e-10
-4.664664664664665 2.363639586559127e-10
-4.654654654654655 2.5928775241604304e-10
-4.644644644644645 2.843781729629345e-10
-4.634634634634635 3.1183440530444685e-10
-4.624624624624625 3.4187340657146894e-10
-4.614614614614615 3.747314409056214e-10
-4.604604604604605 4.1066574224370134e-10
-4.594594594594595 4.4995631523959115e-10
-4.584584584584585 4.929078853481968e-10
-4.574574574574575 5.398520099368288e-10
-4.564564564564565 5.911493631910651e-10
-4.554554554554555 6.471922085488292e-10
-4.544544544544545 7.084070734324402e-10
-4.534534534534535 7.752576421585159e-10
-4.524524524524525 8.482478840947423e-10
-4.514514514514515 9.279254354059674e-10
-4.504504504504505 1.0148852540954446e-09
-4.494494494494495 1.109773569506148e-09
-4.484484484484485 1.2132921490085141e-09
-4.474474474474475 1.3262029062709883e-09
-4.464464464464465 1.4493328772958626e-09
-4.454454454454455 1.5835795923123005e-09
-4.444444444444445 1.729916873659193e-09
-4.434434434434435 1.889401091971176e-09
-4.424424424424425 2.0631779153102145e-09
-4.414414414414415 2.252489588372638e-09
-4.404404404404405 2.4586827815568966e-09
-4.394394394394395 2.6832170525113584e-09
-4.384384384384385 2.9276739658053197e-09
-4.374374374374375 3.1937669195917435e-09
-4.364364364364365 3.483351731569624e-09
-4.354354354354355 3.798438040220371e-09
-4.344344344344345 4.1412015812000535e-09
-4.334334334334335 4.513997402932261e-09
-4.324324324324325 4.9193740898806845e-09
-4.314314314314315 5.360089066701542e-09
-4.3043043043043046 5.839125061501823e-09
-4.2942942942942945 6.3597078117776266e-09
-4.2842842842842845 6.925325102296064e-09
-4.2742742742742745 7.539747230235622e-09
-4.2642642642642645 8.207048999333068e-09
-4.2542542542542545 8.931633351622986e-09
-4.2442442442442445 9.718256752622086e-09
-4.2342342342342345 1.0572056453528136e-08
-4.2242242242242245 1.14985797621998e-08
-4.2142142142142145 1.2503815463383947e-08
-4.2042042042042045 1.3594227537891487e-08
-4.1941941941941945 1.4776791340218829e-08
-4.1841841841841845 1.6059032404503246e-08
-4.1741741741741745 1.7449068059716896e-08
-4.1641641641641645 1.895565204668162e-08
-4.1541541541541545 2.0588222341861303e-08
-4.1441441441441444 2.235695240599456e-08
-4.134134134134134 2.4272806089512863e-08
-4.124124124124124 2.634759644138047e-08
-4.114114114114114 2.8594048683546244e-08
-4.104104104104104 3.102586762964615e-08
-4.094094094094094 3.365780984399662e-08
-4.084084084084084 3.650576085531367e-08
-4.074074074074074 3.958681775903619e-08
-4.064064064064064 4.291937756267526e-08
-4.054054054054054 4.652323165030832e-08
-4.044044044044044 5.041966676525024e-08
-4.034034034034034 5.4631572934114206e-08
-4.024024024024024 5.918355878099631e-08
-4.014014014014014 6.410207470743198e-08
-4.004004004004004 6.94155444421581e-08
-3.993993993993994 7.515450549463547e-08
-3.983983983983984 8.135175907780944e-08
-3.973973973973974 8.804253009880899e-08
-3.963963963963964 9.526463785124517e-08
-3.953953953953954 1.030586780795984e-07
-3.943943943943944 1.114682171249167e-07
-3.933933933933934 1.205399989018087e-07
-3.923923923923924 1.303241654995621e-07
-3.913913913913914 1.4087449224528158e-07
-3.903903903903904 1.5224863811426214e-07
-3.893893893893894 1.645084124225581e-07
-3.883883883883884 1.7772005878891484e-07
-3.873873873873874 1.9195455740804095e-07
-3.863863863863864 2.0728794673471756e-07
-3.853853853853854 2.2380166573855967e-07
-3.843843843843844 2.4158291795250207e-07
-3.833833833833834 2.6072505860437e-07
-3.823823823823824 2.813280061903643e-07
-3.813813813813814 3.034986799220247e-07
-3.803803803803804 3.273514645544044e-07
-3.793793793793794 3.5300870418288285e-07
-3.7837837837837838 3.8060122667942446e-07
-3.7737737737737738 4.102689005262714e-07
-3.7637637637637638 4.4216122589619525e-07
-3.7537537537537538 4.764379619236478e-07
-3.7437437437437437 5.132697922106049e-07
-3.7337337337337337 5.528390307147205e-07
-3.7237237237237237 5.953403702757533e-07
-3.7137137137137137 6.409816761492701e-07
-3.7037037037037037 6.899848270344418e-07
-3.6936936936936937 7.42586606205616e-07
-3.6836836836836837 7.990396454852758e-07
-3.6736736736736737 8.596134249292747e-07
-3.6636636636636637 9.245953312338997e-07
-3.6536536536536537 9.94291778018666e-07
-3.6436436436436437 1.069029391288769e-06
-3.6336336336336337 1.1491562635371534e-06
-3.6236236236236237 1.2350432801082075e-06
-3.6136136136136137 1.3270855216134296e-06
-3.6036036036036037 1.4257037463641115e-06
-3.5935935935935936 1.5313459569673793e-06
-3.5835835835835836 1.6444890554199048e-06
-3.5735735735735736 1.7656405912284177e-06
-3.5635635635635636 1.8953406072880527e-06
-3.5535535535535536 2.034163588458548e-06
-3.5435435435435436 2.1827205179945785e-06
-3.5335335335335336 2.3416610472103486e-06
-3.5235235235235236 2.5116757839897914e-06
-3.5135135135135136 2.6934987059927277e-06
-3.5035035035035036 2.887909704654259e-06
-3.4934934934934936 3.0957372663292397e-06
-3.4834834834834836 3.317861297196621e-06
-3.4734734734734736 3.5552160988091947e-06
-3.4634634634634636 3.8087935014535306e-06
-3.4534534534534536 4.079646162772134e-06
-3.4434434434434436 4.3688910393957406e-06
-3.4334334334334335 4.677713039637574e-06
-3.4234234234234235 5.007368865614324e-06
-3.4134134134134135 5.359191053479201e-06
-3.4034034034034035 5.734592220782235e-06
-3.3933933933933935 6.135069530310717e-06
-3.3833833833833835 6.562209380109234e-06
-3.3733733733733735 7.0176923297331944e-06
-3.3633633633633635 7.503298273153062e-06
-3.3533533533533535 8.0209118690976e-06
-3.3433433433433435 8.572528240003736e-06
-3.3333333333333335 9.160258951128043e-06
-3.3233233233233235 9.78633828176996e-06
-3.3133133133133135 1.045312980095932e-05
-3.3033033033033035 1.1163133260371084e-05
-3.2932932932932935 1.191899181764732e-05
-3.2832832832832834 1.2723499603730382e-05
-3.2732732732732734 1.3579609648241771e-05
-3.2632632632632634 1.449044217737823e-05
-3.2532532532532534 1.5459293299238702e-05
-3.2432432432432434 1.6489644091943894e-05
-3.2332332332332334 1.7585170110362935e-05
-3.2232232232232234 1.8749751327718776e-05
-3.2132132132132134 1.9987482528804758e-05
-3.203203203203203 2.130268417200931e-05
-3.193193193193193 2.2699913737812004e-05
-3.183183183183183 2.4183977581884013e-05
-3.173173173173173 2.5759943311394114e-05
-3.163163163163163 2.743315270359305e-05
-3.153153153153153 2.9209235186218822e-05
-3.143143143143143 3.109412189973237e-05
-3.133133133133133 3.309406036186103e-05
-3.123123123123123 3.521562975538861e-05
-3.113113113113113 3.74657568605896e-05
-3.103103103103103 3.985173265415791e-05
-3.093093093093093 4.238122959692616e-05
-3.083083083083083 4.5062319633110313e-05
-3.073073073073073 4.790349292424167e-05
-3.063063063063063 5.091367734136856e-05
-3.053053053053053 5.4102258739513455e-05
-3.043043043043043 5.7479102038764844e-05
-3.033033033033033 6.105457313676034e-05
-3.023023023023023 6.483956167767626e-05
-3.013013013013013 6.884550470318198e-05
-3.003003003003003 7.308441121113623e-05
-2.992992992992993 7.75688876481039e-05
-2.982982982982983 8.231216436204286e-05
-2.972972972972973 8.732812304176342e-05
-2.962962962962963 9.263132516997642e-05
-2.952952952952953 9.823704151694178e-05
-2.942942942942943 0.00010416128270188281
-2.932932932932933 0.00011042083084945258
-2.9229229229229228 0.00011703327236862618
-2.9129129129129128 0.00012401703188143543
-2.9029029029029028 0.0001313914073289652
-2.8928928928928928 0.00013917660628198878
-2.8828828828828827 0.00014739378348353142
-2.8728728728728727 0.00015606507965050954
-2.8628628628628627 0.00016521366156140247
-2.8528528528528527 0.00017486376345666433
-2.8428428428428427 0.0001850407297782799
-2.8328328328328327 0.00019577105927449972
-2.8228228228228227 0.00020708245049535517
-2.8128128128128127 0.00021900384870406333
-2.8028028028028027 0.00023156549422885476
-2.7927927927927927 0.00024479897227912126
-2.7827827827827827 0.0002587372642490577
-2.7727727727727727 0.0002734148005311824
-2.7627627627627627 0.00028886751486123356
-2.7527527527527527 0.0003051329002149747
-2.7427427427427427 0.00032225006627640006
-2.7327327327327327 0.00034025979849566833
-2.7227227227227226 0.00035920461875386614
-2.7127127127127126 0.0003791288476503663
-2.7027027027027026 0.0004000786684270928
-2.6926926926926926 0.0004221021925424845
-2.6826826826826826 0.0004452495269062817
-2.6726726726726726 0.00046957284278451164
-2.6626626626626626 0.0004951264463821779
-2.6526526526526526 0.0005219668511091674
-2.6426426426426426 0.0005501528515327919
-2.6326326326326326 0.0005797455990181477
-2.6226226226226226 0.0006108086790551453
-2.6126126126126126 0.0006434081902685673
-2.6026026026026026 0.000677612825104926
-2.5925925925925926 0.0007134939521871705
-2.5825825825825826 0.0007511257003254063
-2.5725725725725725 0.0007905850441688185
-2.5625625625625625 0.0008319518914808524
-2.5525525525525525 0.0008753091720164343
-2.5425425425425425 0.0009207429279766176
-2.5325325325325325 0.0009683424060124977
-2.5225225225225225 0.0010182001507465447
-2.5125125125125125 0.001070412099775706
-2.5025025025025025 0.0011250776801166361
-2.4924924924924925 0.0011822999060493414
-2.4824824824824825 0.0012421854783112587
-2.4724724724724725 0.0013048448845894229
-2.4624624624624625 0.0013703925012538548
-2.4524524524524525 0.0014389466962706349
-2.4424424424424425 0.0015106299332283463
-2.4324324324324325 0.0015855688764066518
-2.4224224224224224 0.0016638944968106774
-2.4124124124124124 0.0017457421790897404
-2.4024024024024024 0.0018312518292536088
-2.3923923923923924 0.001920567983094047
-2.3823823823823824 0.0020138399152138976
-2.3723723723723724 0.0021112217485602025
-2.3623623623623624 0.00221287256435218
-2.3523523523523524 0.002318956512288925
-2.3423423423423424 0.0024296429209157843
-2.3323323323323324 0.002545106408022225
-2.3223223223223224 0.0026655269909379286
-2.3123123123123124 0.0027910901965875518
-2.3023023023023024 0.002921987171158376
-2.2922922922922924 0.0030584147892285638
-2.2822822822822824 0.0032005757621975197
-2.2722722722722724 0.0033486787458531955
-2.2622622622622623 0.00350293844690484
-2.2522522522522523 0.0036635757283030395
-2.2422422422422423 0.003830817713162544
-2.2322322322322323 0.004004897887096597
-2.2222222222222223 0.004186056198765215
-2.2122122122122123 0.004374539158433167
-2.2022022022022023 0.00457059993432703
-2.1921921921921923 0.004774498446574322
-2.1821821821821823 0.004986501458501184
-2.1721721721721723 0.005206882665059056
-2.1621621621621623 0.005435922778144337
-2.1521521521521523 0.005673909608569219
-2.1421421421421423 0.005921138144435653
-2.1321321321321323 0.006177910625658829
-2.1221221221221223 0.0064445366143806825
-2.1121121121121122 0.006721333061008725
-2.1021021021021022 0.0070086243656098226
-2.0920920920920922 0.007306742434383919
-2.0820820820820822 0.0076160267309373485
-2.0720720720720722 0.007936824322071302
-2.062062062062062 0.008269489917796153
-2.052052052052052 0.008614385905278653
-2.042042042042042 0.008971882376425204
-2.032032032032032 0.009342357148800651
-2.022022022022022 0.00972619577957952
-2.012012012012012 0.010123791572223281
-2.002002002002002 0.010535545575575539
-1.991991991991992 0.010961866575064351
-1.981981981981982 0.011403171075700077
-1.971971971971972 0.011859883276555742
-1.961961961961962 0.012332435036416138
-1.951951951951952 0.01282126583028222
-1.941941941941942 0.01332682269641734
-1.931931931931932 0.01384956017362289
-1.921921921921922 0.014389940228432612
-1.911911911911912 0.01494843217191626
-1.901901901901902 0.01552551256578664
-1.8918918918918919 0.016121665117506602
-1.8818818818818819 0.016737380564096856
-1.8718718718718719 0.0173731565443494
-1.8618618618618619 0.018029497459157027
-1.8518518518518519 0.018706914319674733
-1.8418418418418419 0.019405924583035177
-1.8318318318318318 0.020127051975348198
-1.8218218218218218 0.020870826301721063
-1.8118118118118118 0.02163778324304585
-1.8018018018018018 0.022428464139308886
-1.7917917917917918 0.023243415759187473
-1.7817817817817818 0.024083190055709826
-1.7717717717717718 0.024948343907766
-1.7617617617617618 0.025839438847269074
-1.7517517517517518 0.026757040771780156
-1.7417417417417418 0.027701719642423385
-1.7317317317317318 0.028674049166932683
-1.7217217217217218 0.02967460646768671
-1.7117117117117118 0.030703971734605196
-1.7017017017017018 0.03176272786279672
-1.6916916916916918 0.032851460074864926
-1.6816816816816818 0.03397075552780023
-1.6716716716716717 0.035121202904401856
-1.6616616616616617 0.03630339198919575
-1.6516516516516517 0.03751791322883463
-1.6416416416416417 0.038765357276987975
-1.6316316316316317 0.04004631452375149
-1.6216216216216217 0.04136137460962946
-1.6116116116116117 0.042711125924165594
-1.6016016016016015 0.04409615508932372
-1.5915915915915915 0.045517046427743346
-1.5815815815815815 0.046974381416021324
-1.5715715715715715 0.04846873812319675
-1.5615615615615615 0.05000069063464248
-1.5515515515515514 0.05157080846159491
-1.5415415415415414 0.0531796559365797
-1.5315315315315314 0.05482779159502069
-1.5215215215215214 0.05651576754334761
-1.5115115115115114 0.05824412881394566
-1.5015015015015014 0.06001341270732188
-1.4914914914914914 0.061824148121890535
-1.4814814814814814 0.06367685487181048
-1.4714714714714714 0.06557204299333826
-1.4614614614614614 0.06751021204018927
-1.4514514514514514 0.06949185036843152
-1.4414414414414414 0.07151743441146534
-1.4314314314314314 0.07358742794567412
-1.4214214214214214 0.07570228134736035
-1.4114114114114114 0.07786243084161278
-1.4014014014014013 0.08006829774377941
-1.3913913913913913 0.08232028769425204
-1.3813813813813813 0.08461878988729629
-1.3713713713713713 0.08696417629469295
-1.3613613613613613 0.08935680088498141
-1.3513513513513513 0.09179699883912884
-1.3413413413413413 0.09428508576347233
-1.3313313313313313 0.09682135690081307
-1.3213213213213213 0.09940608634056294
-1.3113113113113113 0.10203952622887538
-1.3013013013013013 0.10472190597971294
-1.2912912912912913 0.10745343148783171
-1.2812812812812813 0.11023428434468173
-1.2712712712712713 0.11306462105825166
-1.2612612612612613 0.11594457227789877
-1.2512512512512513 0.1188742420252333
-1.2412412412412412 0.12185370693213932
-1.2312312312312312 0.12488301548703568
-1.2212212212212212 0.127962187290495
-1.2112112112112112 0.13109121232135384
-1.2012012012012012 0.1342700502144624
-1.1911911911911912 0.13749862955123068
-1.1811811811811812 0.1407768471641419
-1.1711711711711712 0.1441045674564119
-1.1611611611611612 0.14748162173797782
-1.1511511511511512 0.15090780757900876
-1.1411411411411412 0.15438288818213175
-1.1311311311311312 0.15790659177457017
-1.1211211211211212 0.16147861102138744
-1.1111111111111112 0.16509860246103533
-1.1011011011011012 0.16876618596439072
-1.0910910910910911 0.1724809442184696
-1.0810810810810811 0.17624242223599082
-1.0710710710710711 0.18005012689195696
-1.0610610610610611 0.1839035264884051
-1.0510510510510511 0.18780205034846734
-1.0410410410410411 0.19174508844086122
-1.031031031031031 0.19573199103591807
-1.021021021021021 0.1997620683942282
-1.011011011011011 0.2038345904889653
-1.001001001001001 0.2079487867629248
-0.990990990990991 0.21210384592128192
-0.980980980980981 0.21629891576105006
-0.970970970970971 0.22053310303818283
-0.960960960960961 0.22480547337323348
-0.950950950950951 0.22911505119644876
-0.9409409409409409 0.23346081973313174
-0.9309309309309309 0.23784172103007567
-0.9209209209209209 0.24225665602382118
-0.9109109109109109 0.24670448465144917
-0.9009009009009009 0.2511840260045738
-0.8908908908908909 0.2556940585271515
-0.8808808808808809 0.2602333202576741
-0.8708708708708709 0.2648005091162583
-0.8608608608608609 0.26939428323709175
-0.8508508508508509 0.27401326134664405
-0.8408408408408409 0.2786560231879881
-0.8308308308308309 0.2833211099915201
-0.8208208208208209 0.28800702499231084
-0.8108108108108109 0.29271223399425267
-0.8008008008008007 0.2974351659811105
-0.7907907907907907 0.30217421377451215
-0.7807807807807807 0.30692773473886137
-0.7707707707707707 0.3116940515330757
-0.7607607607607607 0.31647145290899475
-0.7507507507507507 0.32125819455623406
-0.7407407407407407 0.32605249999318797
-0.7307307307307307 0.33085256150382036
-0.7207207207207207 0.335656541119806
-0.7107107107107107 0.34046257164752425
-0.7007007007007007 0.3452687577393276
-0.6906906906906907 0.35007317700844126
-0.6806806806806807 0.3548738811867822
-0.6706706706706707 0.35966889732490726
-0.6606606606606606 0.3644562290332421
-0.6506506506506506 0.3692338577636588
-0.6406406406406406 0.37399974413041587
-0.6306306306306306 0.378751829269393
-0.6206206206206206 0.3834880362344939
-0.6106106106106106 0.38820627143001823
-0.6006006006006006 0.39290442607774084
-0.5905905905905906 0.3975803777173756
-0.5805805805805806 0.402231991739026
-0.5705705705705706 0.4068571229461779
-0.5605605605605606 0.41145361714771905
-0.5505505505505506 0.4160193127774139
-0.5405405405405406 0.4205520425392128
-0.5305305305305306 0.4250496350767034
-0.5205205205205206 0.4295099166649827
-0.5105105105105106 0.43393071292315005
-0.5005005005005005 0.43830985054560523
-0.4904904904904905 0.44264515905025825
-0.4804804804804805 0.4469344725417372
-0.47047047047047047 0.4511756314876265
-0.46046046046046046 0.45536648450574535
-0.45045045045045046 0.45950489016041646
-0.44044044044044045 0.4635887187656705
-0.43043043043043044 0.46761585419328283
-0.42042042042042044 0.4715841956835229
-0.41041041041041043 0.47549165965647194
-0.40040040040040037 0.47933618152173857
-0.39039039039039036 0.4831157174843993
-0.38038038038038036 0.4868282463449623
-0.37037037037037035 0.49047177129115466
-0.36036036036036034 0.4940443216793245
-0.35035035035035034 0.4975439548032365
-0.34034034034034033 0.5009687576480614
-0.3303303303303303 0.5043168486273432
-0.3203203203203203 0.5075863793007452
-0.3103103103103103 0.510775536070392
-0.3003003003003003 0.5138825418536263
-0.2902902902902903 0.5169056577300342
-0.2802802802802803 0.5198431845606005
-0.2702702702702703 0.5226934645768914
-0.2602602602602603 0.5254548829381821
-0.2502502502502503 0.5281258692544931
-0.24024024024024024 0.5307048990735154
-0.23023023023023023 0.5331904953294693
-0.22022022022022023 0.5355812297519544
-0.21021021021021022 0.5378757242329294
-0.20020020020020018 0.5400726521499734
-0.19019019019019018 0.5421707396440633
-0.18018018018018017 0.5441687668501417
-0.17017017017017017 0.5460655690788087
-0.16016016016016016 0.5478600379475382
-0.15015015015015015 0.5495511224598836
-0.14014014014014015 0.5511378300311938
-0.13013013013013014 0.5526192274594487
-0.12012012012012012 0.5539944418398778
-0.11011011011011011 0.5552626614221092
-0.10010010010010009 0.5564231364086702
-0.09009009009009009 0.557475179693745
-0.08008008008008008 0.5584181675411588
-0.07007007007007007 0.5592515402006673
-0.06006006006006006 0.5599748024616852
-0.050050050050050046 0.5605875241436948
-0.04004004004004004 0.5610893405226544
-0.03003003003003003 0.5614799526928118
-0.02002002002002002 0.5617591278634203
-0.01001001001001001 0.5619266995899503
0.0 0.5619825679394662
0.01001001001001001 0.5619266995899505
0.02002002002002002 0.5617591278634209
0.03003003003003003 0.561479952692812
0.04004004004004004 0.5610893405226545
0.050050050050050046 0.5605875241436948
0.06006006006006006 0.5599748024616851
0.07007007007007007 0.5592515402006678
0.08008008008008008 0.5584181675411591
0.09009009009009009 0.557475179693745
0.10010010010010009 0.5564231364086704
0.11011011011011011 0.555262661422109
0.12012012012012012 0.5539944418398779
0.13013013013013014 0.5526192274594486
0.14014014014014015 0.5511378300311938
0.15015015015015015 0.5495511224598838
0.16016016016016016 0.5478600379475381
0.17017017017017017 0.5460655690788082
0.18018018018018017 0.5441687668501417
0.19019019019019018 0.5421707396440635
0.20020020020020018 0.5400726521499735
0.21021021021021022 0.5378757242329298
0.22022022022022023 0.5355812297519545
0.23023023023023023 0.5331904953294686
0.24024024024024024 0.5307048990735155
0.2502502502502503 0.5281258692544927
0.2602602602602603 0.5254548829381822
0.2702702702702703 0.5226934645768914
0.2802802802802803 0.5198431845606003
0.2902902902902903 0.5169056577300337
0.3003003003003003 0.5138825418536261
0.3103103103103103 0.5107755360703921
0.3203203203203203 0.5075863793007451
0.3303303303303303 0.5043168486273433
0.34034034034034033 0.5009687576480616
0.35035035035035034 0.49754395480323627
0.36036036036036034 0.4940443216793245
0.37037037037037035 0.49047177129115493
0.38038038038038036 0.48682824634496175
0.39039039039039036 0.48311571748439897
0.40040040040040037 0.4793361815217388
0.41041041041041043 0.47549165965647194
0.42042042042042044 0.471584195683523
0.43043043043043044 0.4676158541932827
0.44044044044044045 0.46358871876567065
0.45045045045045046 0.45950489016041673
0.46046046046046046 0.45536648450574535
0.47047047047047047 0.45117563148762635
0.4804804804804805 0.4469344725417365
0.4904904904904905 0.44264515905025825
0.5005005005005005 0.4383098505456052
0.5105105105105106 0.4339307129231499
0.5205205205205206 0.4295099166649825
0.5305305305305306 0.42504963507670385
0.5405405405405406 0.42055204253921274
0.5505505505505506 0.4160193127774138
0.5605605605605606 0.4114536171477186
0.5705705705705706 0.4068571229461777
0.5805805805805806 0.40223199173902585
0.5905905905905906 0.39758037771737553
0.6006006006006006 0.392904426077741
0.6106106106106106 0.3882062714300179
0.6206206206206206 0.3834880362344942
0.6306306306306306 0.3787518292693931
0.6406406406406406 0.3739997441304157
0.6506506506506506 0.3692338577636587
0.6606606606606606 0.36445622903324226
0.6706706706706707 0.3596688973249078
0.6806806806806807 0.35487388118678226
0.6906906906906907 0.35007317700844126
0.7007007007007007 0.3452687577393276
0.7107107107107107 0.3404625716475242
0.7207207207207207 0.335656541119806
0.7307307307307307 0.33085256150382025
0.7407407407407407 0.3260524999931881
0.7507507507507507 0.3212581945562339
0.7607607607607607 0.31647145290899453
0.7707707707707707 0.31169405153307594
0.7807807807807807 0.3069277347388614
0.7907907907907907 0.302174213774512
0.8008008008008007 0.2974351659811102
0.8108108108108109 0.29271223399425284
0.8208208208208209 0.28800702499231084
0.8308308308308309 0.2833211099915202
0.8408408408408409 0.278656023187988
0.8508508508508509 0.27401326134664394
0.8608608608608609 0.2693942832370916
0.8708708708708709 0.26480050911625846
0.8808808808808809 0.26023332025767415
0.8908908908908909 0.25569405852715144
0.9009009009009009 0.2511840260045737
0.9109109109109109 0.2467044846514491
0.9209209209209209 0.24225665602382132
0.9309309309309309 0.2378417210300756
0.9409409409409409 0.23346081973313193
0.950950950950951 0.22911505119644882
0.960960960960961 0.22480547337323373
0.970970970970971 0.22053310303818266
0.980980980980981 0.21629891576105018
0.990990990990991 0.21210384592128181
1.001001001001001 0.20794878676292472
1.011011011011011 0.2038345904889654
1.021021021021021 0.19976206839422816
1.031031031031031 0.19573199103591796
1.0410410410410411 0.19174508844086116
1.0510510510510511 0.18780205034846734
1.0610610610610611 0.1839035264884053
1.0710710710710711 0.180050126891957
1.0810810810810811 0.17624242223599093
1.0910910910910911 0.1724809442184697
1.1011011011011012 0.16876618596439064
1.1111111111111112 0.1650986024610353
1.1211211211211212 0.16147861102138739
1.1311311311311312 0.15790659177457006
1.1411411411411412 0.15438288818213192
1.1511511511511512 0.15090780757900868
1.1611611611611612 0.14748162173797794
1.1711711711711712 0.14410456745641198
1.1811811811811812 0.140776847164142
1.1911911911911912 0.13749862955123068
1.2012012012012012 0.13427005021446237
1.2112112112112112 0.13109121232135382
1.2212212212212212 0.12796218729049488
1.2312312312312312 0.12488301548703568
1.2412412412412412 0.12185370693213927
1.2512512512512513 0.11887424202523339
1.2612612612612613 0.11594457227789877
1.2712712712712713 0.11306462105825163
1.2812812812812813 0.11023428434468178
1.2912912912912913 0.10745343148783178
1.3013013013013013 0.10472190597971305
1.3113113113113113 0.10203952622887534
1.3213213213213213 0.09940608634056294
1.3313313313313313 0.0968213569008131
1.3413413413413413 0.09428508576347247
1.3513513513513513 0.09179699883912878
1.3613613613613613 0.08935680088498145
1.3713713713713713 0.08696417629469297
1.3813813813813813 0.08461878988729629
1.3913913913913913 0.08232028769425206
1.4014014014014013 0.08006829774377947
1.4114114114114114 0.07786243084161272
1.4214214214214214 0.07570228134736029
1.4314314314314314 0.07358742794567409
1.4414414414414414 0.07151743441146535
1.4514514514514514 0.06949185036843152
1.4614614614614614 0.06751021204018934
1.4714714714714714 0.06557204299333831
1.4814814814814814 0.06367685487181048
1.4914914914914914 0.06182414812189051
1.5015015015015014 0.06001341270732188
1.5115115115115114 0.05824412881394562
1.5215215215215214 0.056515767543347625
1.5315315315315314 0.05482779159502071
1.5415415415415414 0.053179655936579695
1.5515515515515514 0.05157080846159493
1.5615615615615615 0.05000069063464247
1.5715715715715715 0.04846873812319669
1.5815815815815815 0.046974381416021324
1.5915915915915915 0.045517046427743374
1.6016016016016015 0.04409615508932372
1.6116116116116117 0.042711125924165566
1.6216216216216217 0.04136137460962944
1.6316316316316317 0.04004631452375151
1.6416416416416417 0.038765357276987975
1.6516516516516517 0.037517913228834646
1.6616616616616617 0.03630339198919575
1.6716716716716717 0.03512120290440184
1.6816816816816818 0.033970755527800246
1.6916916916916918 0.032851460074864926
1.7017017017017018 0.031762727862796734
1.7117117117117118 0.03070397173460522
1.7217217217217218 0.02967460646768669
1.7317317317317318 0.02867404916693269
1.7417417417417418 0.0277017196424234
1.7517517517517518 0.026757040771780136
1.7617617617617618 0.025839438847269084
1.7717717717717718 0.024948343907766016
1.7817817817817818 0.024083190055709844
1.7917917917917918 0.023243415759187466
1.8018018018018018 0.02242846413930889
1.8118118118118118 0.021637783243045845
1.8218218218218218 0.020870826301721077
1.8318318318318318 0.020127051975348205
1.8418418418418419 0.019405924583035195
1.8518518518518519 0.018706914319674726
1.8618618618618619 0.01802949745915704
1.8718718718718719 0.01737315654434938
1.8818818818818819 0.016737380564096856
1.8918918918918919 0.0161216651175066
1.901901901901902 0.015525512565786624
1.911911911911912 0.01494843217191626
1.921921921921922 0.014389940228432624
1.931931931931932 0.01384956017362289
1.941941941941942 0.013326822696417337
1.951951951951952 0.012821265830282227
1.961961961961962 0.012332435036416144
1.971971971971972 0.011859883276555742
1.981981981981982 0.011403171075700082
1.991991991991992 0.01096186657506435
2.002002002002002 0.010535545575575532
2.012012012012012 0.01012379157222328
2.022022022022022 0.009726195779579517
2.032032032032032 0.009342357148800657
2.042042042042042 0.008971882376425207
2.052052052052052 0.008614385905278653
2.062062062062062 0.008269489917796146
2.0720720720720722 0.007936824322071304
2.0820820820820822 0.007616026730937352
2.0920920920920922 0.007306742434383917
2.1021021021021022 0.007008624365609827
2.1121121121121122 0.006721333061008723
2.1221221221221223 0.006444536614380687
2.1321321321321323 0.006177910625658825
2.1421421421421423 0.0059211381444356555
2.1521521521521523 0.005673909608569218
2.1621621621621623 0.005435922778144337
2.1721721721721723 0.005206882665059056
2.1821821821821823 0.004986501458501187
2.1921921921921923 0.00477449844657432
2.2022022022022023 0.00457059993432703
2.2122122122122123 0.004374539158433166
2.2222222222222223 0.0041860561987652175
2.2322322322322323 0.004004897887096597
2.2422422422422423 0.003830817713162544
2.2522522522522523 0.0036635757283030395
2.2622622622622623 0.0035029384469048366
2.2722722722722724 0.0033486787458531938
2.2822822822822824 0.003200575762197517
2.2922922922922924 0.0030584147892285625
2.3023023023023024 0.0029219871711583766
2.3123123123123124 0.0027910901965875544
2.3223223223223224 0.002665526990937931
2.3323323323323324 0.002545106408022227
2.3423423423423424 0.0024296429209157843
2.3523523523523524 0.0023189565122889253
2.3623623623623624 0.00221287256435218
2.3723723723723724 0.002111221748560202
2.3823823823823824 0.002013839915213898
2.3923923923923924 0.0019205679830940482
2.4024024024024024 0.001831251829253608
2.4124124124124124 0.001745742179089741
2.4224224224224224 0.001663894496810675
2.4324324324324325 0.0015855688764066513
2.4424424424424425 0.001510629933228346
2.4524524524524525 0.0014389466962706353
2.4624624624624625 0.0013703925012538555
2.4724724724724725 0.0013048448845894242
2.4824824824824825 0.0012421854783112596
2.4924924924924925 0.0011822999060493418
2.5025025025025025 0.0011250776801166366
2.5125125125125125 0.001070412099775705
2.5225225225225225 0.001018200150746545
2.5325325325325325 0.0009683424060124977
2.5425425425425425 0.0009207429279766184
2.5525525525525525 0.0008753091720164348
2.5625625625625625 0.0008319518914808532
2.5725725725725725 0.000790585044168819
2.5825825825825826 0.0007511257003254063
2.5925925925925926 0.000713493952187171
2.6026026026026026 0.0006776128251049254
2.6126126126126126 0.0006434081902685673
2.6226226226226226 0.0006108086790551456
2.6326326326326326 0.0005797455990181479
2.6426426426426426 0.0005501528515327917
2.6526526526526526 0.0005219668511091673
2.6626626626626626 0.0004951264463821781
2.6726726726726726 0.00046957284278451223
2.6826826826826826 0.0004452495269062815
2.6926926926926926 0.00042210219254248493
2.7027027027027026 0.0004000786684270929
2.7127127127127126 0.000379128847650366
2.7227227227227226 0.0003592046187538667
2.7327327327327327 0.000340259798495668
2.7427427427427427 0.0003222500662764003
2.7527527527527527 0.0003051329002149747
2.7627627627627627 0.0002888675148612336
2.7727727727727727 0.00027341480053118267
2.7827827827827827 0.0002587372642490574
2.7927927927927927 0.0002447989722791212
2.8028028028028027 0.00023156549422885476
2.8128128128128127 0.00021900384870406309
2.8228228228228227 0.00020708245049535527
2.8328328328328327 0.00019577105927449988
2.8428428428428427 0.00018504072977828005
2.8528528528528527 0.00017486376345666414
2.8628628628628627 0.00016521366156140247
2.8728728728728727 0.00015606507965050954
2.8828828828828827 0.00014739378348353145
2.8928928928928928 0.00013917660628198894
2.9029029029029028 0.00013139140732896517
2.9129129129129128 0.00012401703188143548
2.9229229229229228 0.00011703327236862614
2.932932932932933 0.00011042083084945243
2.942942942942943 0.00010416128270188288
2.952952952952953 9.823704151694176e-05
2.962962962962963 9.263132516997638e-05
2.972972972972973 8.732812304176344e-05
2.982982982982983 8.23121643620429e-05
2.992992992992993 7.756888764810384e-05
3.003003003003003 7.308441121113632e-05
3.013013013013013 6.884550470318201e-05
3.023023023023023 6.483956167767623e-05
3.033033033033033 6.105457313676028e-05
3.043043043043043 5.7479102038764824e-05
3.053053053053053 5.4102258739513475e-05
3.063063063063063 5.091367734136857e-05
3.073073073073073 4.790349292424167e-05
3.083083083083083 4.506231963311026e-05
3.093093093093093 4.2381229596926174e-05
3.103103103103103 3.985173265415787e-05
3.113113113113113 3.746575686058959e-05
3.123123123123123 3.521562975538861e-05
3.133133133133133 3.3094060361861036e-05
3.143143143143143 3.109412189973237e-05
3.153153153153153 2.920923518621884e-05
3.163163163163163 2.743315270359304e-05
3.173173173173173 2.5759943311394073e-05
3.183183183183183 2.418397758188404e-05
3.193193193193193 2.2699913737811994e-05
3.203203203203203 2.1302684172009306e-05
3.2132132132132134 1.9987482528804745e-05
3.2232232232232234 1.874975132771879e-05
3.2332332332332334 1.758517011036293e-05
3.2432432432432434 1.6489644091943894e-05
3.2532532532532534 1.54592932992387e-05
3.2632632632632634 1.4490442177378244e-05
3.2732732732732734 1.3579609648241778e-05
3.2832832832832834 1.2723499603730375e-05
3.2932932932932935 1.1918991817647327e-05
3.3033033033033035 1.1163133260371074e-05
3.3133133133133135 1.0453129800959326e-05
3.3233233233233235 9.78633828176996e-06
3.3333333333333335 9.160258951128043e-06
3.3433433433433435 8.572528240003726e-06
3.3533533533533535 8.020911869097606e-06
3.3633633633633635 7.5032982731530646e-06
3.3733733733733735 7.017692329733194e-06
3.3833833833833835 6.562209380109237e-06
3.3933933933933935 6.135069530310723e-06
3.4034034034034035 5.734592220782228e-06
3.4134134134134135 5.359191053479208e-06
3.4234234234234235 5.007368865614324e-06
3.4334334334334335 4.677713039637574e-06
3.4434434434434436 4.3688910393957406e-06
3.4534534534534536 4.07964616277214e-06
3.4634634634634636 3.808793501453526e-06
3.4734734734734736 3.555216098809192e-06
3.4834834834834836 3.3178612971966215e-06
3.4934934934934936 3.0957372663292444e-06
3.5035035035035036 2.887909704654256e-06
3.5135135135135136 2.6934987059927264e-06
3.5235235235235236 2.5116757839897914e-06
3.5335335335335336 2.341661047210352e-06
3.5435435435435436 2.1827205179945785e-06
3.5535535535535536 2.0341635884585476e-06
3.5635635635635636 1.8953406072880525e-06
3.5735735735735736 1.7656405912284165e-06
3.5835835835835836 1.644489055419904e-06
3.5935935935935936 1.53134595696738e-06
3.6036036036036037 1.425703746364111e-06
3.6136136136136137 1.3270855216134304e-06
3.6236236236236237 1.2350432801082077e-06
3.6336336336336337 1.1491562635371527e-06
3.6436436436436437 1.069029391288769e-06
3.6536536536536537 9.942917780186656e-07
3.6636636636636637 9.245953312338999e-07
3.6736736736736737 8.596134249292751e-07
3.6836836836836837 7.990396454852768e-07
3.6936936936936937 7.425866062056159e-07
3.7037037037037037 6.899848270344412e-07
3.7137137137137137 6.409816761492701e-07
3.7237237237237237 5.953403702757532e-07
3.7337337337337337 5.528390307147205e-07
3.7437437437437437 5.132697922106051e-07
3.7537537537537538 4.764379619236475e-07
3.7637637637637638 4.4216122589619514e-07
3.7737737737737738 4.102689005262713e-07
3.7837837837837838 3.806012266794243e-07
3.793793793793794 3.530087041828827e-07
3.803803803803804 3.273514645544041e-07
3.813813813813814 3.0349867992202465e-07
3.823823823823824 2.8132800619036447e-07
3.833833833833834 2.6072505860437e-07
3.843843843843844 2.415829179525021e-07
3.853853853853854 2.2380166573855954e-07
3.863863863863864 2.0728794673471745e-07
3.873873873873874 1.9195455740804116e-07
3.883883883883884 1.777200587889148e-07
3.893893893893894 1.64508412422558e-07
3.903903903903904 1.5224863811426206e-07
3.913913913913914 1.4087449224528156e-07
3.923923923923924 1.3032416549956215e-07
3.933933933933934 1.2053999890180844e-07
3.943943943943944 1.1146821712491683e-07
3.953953953953954 1.0305867807959842e-07
3.963963963963964 9.526463785124508e-08
3.973973973973974 8.804253009880895e-08
3.983983983983984 8.135175907780938e-08
3.993993993993994 7.51545054946355e-08
4.004004004004004 6.941554444215818e-08
4.014014014014014 6.410207470743196e-08
4.024024024024024 5.918355878099631e-08
4.034034034034034 5.463157293411425e-08
4.044044044044044 5.041966676525018e-08
4.054054054054054 4.65232316503083e-08
4.064064064064064 4.2919377562675225e-08
4.074074074074074 3.9586817759036144e-08
4.084084084084084 3.650576085531365e-08
4.094094094094094 3.365780984399666e-08
4.104104104104104 3.102586762964616e-08
4.114114114114114 2.8594048683546238e-08
4.124124124124124 2.6347596441380467e-08
4.134134134134134 2.4272806089512866e-08
4.1441441441441444 2.2356952405994576e-08
4.1541541541541545 2.0588222341861277e-08
4.1641641641641645 1.8955652046681616e-08
4.1741741741741745 1.74490680597169e-08
4.1841841841841845 1.6059032404503253e-08
4.1941941941941945 1.4776791340218802e-08
4.2042042042042045 1.3594227537891498e-08
4.2142142142142145 1.2503815463383965e-08
4.2242242242242245 1.1498579762199796e-08
4.2342342342342345 1.0572056453528135e-08
4.2442442442442445 9.71825675262208e-09
4.2542542542542545 8.931633351622986e-09
4.2642642642642645 8.207048999333067e-09
4.2742742742742745 7.539747230235632e-09
4.2842842842842845 6.9253251022960675e-09
4.2942942942942945 6.3597078117776266e-09
4.3043043043043046 5.839125061501825e-09
4.314314314314315 5.36008906670154e-09
4.324324324324325 4.919374089880693e-09
4.334334334334335 4.5139974029322625e-09
4.344344344344345 4.1412015812000535e-09
4.354354354354355 3.798438040220372e-09
4.364364364364365 3.483351731569625e-09
4.374374374374375 3.1937669195917423e-09
4.384384384384385 2.9276739658053235e-09
4.394394394394395 2.6832170525113597e-09
4.404404404404405 2.4586827815568987e-09
4.414414414414415 2.252489588372637e-09
4.424424424424425 2.0631779153102153e-09
4.434434434434435 1.8894010919711766e-09
4.444444444444445 1.729916873659194e-09
4.454454454454455 1.5835795923123007e-09
4.464464464464465 1.4493328772958632e-09
4.474474474474475 1.3262029062709868e-09
4.484484484484485 1.2132921490085131e-09
4.494494494494495 1.1097735695061494e-09
4.504504504504505 1.0148852540954443e-09
4.514514514514515 9.279254354059679e-10
4.524524524524525 8.482478840947413e-10
4.534534534534535 7.752576421585166e-10
4.544544544544545 7.084070734324411e-10
4.554554554554555 6.471922085488292e-10
4.564564564564565 5.911493631910647e-10
4.574574574574575 5.398520099368284e-10
4.584584584584585 4.929078853481965e-10
4.594594594594595 4.499563152395907e-10
4.604604604604605 4.1066574224370124e-10
4.614614614614615 3.7473144090562077e-10
4.624624624624625 3.418734065714687e-10
4.634634634634635 3.1183440530444664e-10
4.644644644644645 2.8437817296293466e-10
4.654654654654655 2.592877524160431e-10
4.664664664664665 2.3636395865591273e-10
4.674674674674675 2.154239622965746e-10
4.684684684684685 1.9629998262990265e-10
4.694694694694695 1.788380820432332e-10
4.704704704704705 1.628970541936834e-10
4.714714714714715 1.483473988839222e-10
4.724724724724725 1.3507037709577106e-10
4.734734734734735 1.2295714011408324e-10
4.744744744744745 1.1190792711620455e-10
4.754754754754755 1.0183132601416751e-10
4.764764764764765 9.264359271967364e-11
4.774774774774775 8.426802435783236e-11
4.784784784784785 7.663438228634213e-11
4.794794794794795 6.96783610840417e-11
4.804804804804805 6.334109995810166e-11
4.814814814814815 5.756873328406747e-11
4.824824824824825 5.231197723890023e-11
4.834834834834835 4.752574971538327e-11
4.844844844844845 4.316882091800575e-11
4.854854854854855 3.9203492236822666e-11
4.864864864864865 3.559530117789916e-11
4.874874874874875 3.2312750297768245e-11
4.884884884884885 2.932705824578718e-11
4.894894894894895 2.661193116324685e-11
4.904904904904905 2.414335282236907e-11
4.914914914914915 2.189939201268159e-11
4.924924924924925 1.9860025797389097e-11
4.934934934934935 1.800697736891957e-11
4.944944944944945 1.632356733143107e-11
4.954954954954955 1.4794577329282912e-11
4.964964964964965 1.3406125024841568e-11
4.974974974974975 1.2145549506996928e-11
4.984984984984985 1.1001306283873365e-11
4.994994994994995 9.962871079857512e-12
5.005005005005005 9.020651718632708e-12
