-1.5 0.02336487447991953
-1.49 0.027186354770285436
-1.48 0.03141055474408681
-1.47 0.036043877038811754
-1.46 0.041087926478258284
-1.45 0.04653936942293697
-1.44 0.052389938589887726
-1.43 0.058626580517039784
-1.42 0.06523173575425352
-1.41 0.072183735682529
-1.4000000000000001 0.07945729499112562
-1.3900000000000001 0.08702407554381278
-1.3800000000000001 0.09485329575713682
-1.37 0.10291235966641568
-1.36 0.11116748141010052
-1.35 0.11958428365854556
-1.34 0.12812835221941996
-1.33 0.1367657333082767
-1.32 0.14546336442268656
-1.31 0.15418943407950647
-1.3 0.16291366960142506
-1.29 0.17160755547513348
-1.28 0.18024448742862842
-1.27 0.18879986924094566
-1.26 0.19725116041952517
-1.25 0.2055778833249815
-1.24 0.21376159819310217
-1.23 0.22178585392369193
-1.22 0.2296361216070195
-1.21 0.23729971666868535
-1.2 0.24476571434702987
-1.19 0.2520248620691678
-1.18 0.25906949123536765
-1.17 0.26589343000703597
-1.16 0.27249191794945954
-1.1500000000000001 0.27886152281630505
-1.1400000000000001 0.28500005937280093
-1.1300000000000001 0.2909065099213843
-1.12 0.29658094609268904
-1.11 0.3020244514676119
-1.1 0.3072390446736133
-1.09 0.31222760272275785
-1.08 0.3169937845060446
-1.07 0.32154195450838774
-1.06 0.32587710694608724
-1.05 0.3300047906434122
-1.04 0.33393103505098093
-1.03 0.33766227786362013
-1.02 0.341205294719988
-1.01 0.3445671314631611
-1.0 0.3477550394148234
-0.99 0.3507764140705167
-0.98 0.3536387375647431
-0.97 0.35634952518740703
-0.96 0.35891627616150507
-0.9500000000000001 0.3613464288199097
-0.9400000000000001 0.36364732024940294
-0.93 0.3658261504051359
-0.92 0.3678899506399036
-0.91 0.3698455565409923
-0.9 0.3716995849233208
-0.89 0.373458414791208
-0.88 0.3751281720521001
-0.87 0.37671471774354237
-0.86 0.37822363951900057
-0.85 0.37966024612815824
-0.84 0.3810295646223975
-0.8300000000000001 0.38233634001560185
-0.8200000000000001 0.38358503713360076
-0.81 0.3847798443918896
-0.8 0.38592467925015594
-0.79 0.3870231951031614
-0.78 0.3880787893801503
-0.77 0.38909461263889383
-0.76 0.39007357845524604
-0.75 0.39101837392449157
-0.74 0.3919314706064486
-0.73 0.39281513576205157
-0.72 0.39367144374474294
-0.71 0.39450228742529436
-0.7000000000000001 0.3953093895434809
-0.6900000000000001 0.3960943138942187
-0.68 0.39685847626926396
-0.67 0.39760315508825
-0.66 0.39832950166465664
-0.65 0.39903855006324085
-0.64 0.3997312265154531
-0.63 0.4004083583684071
-0.62 0.401070682551144
-0.61 0.40171885354911957
-0.6 0.4023534508842106
-0.59 0.40297498610301696
-0.58 0.4035839092809465
-0.5700000000000001 0.40418061505350594
-0.56 0.4047654481894724
-0.55 0.4053387087232377
-0.54 0.4059006566656227
-0.53 0.40645151631398396
-0.52 0.4069914801834576
-0.51 0.40752071258180067
-0.5 0.4080393528505674
-0.49 0.4085475182953143
-0.48 0.40904530682720275
-0.47000000000000003 0.4095327993378855
-0.46 0.4100100618288304
-0.45 0.41047714731543294
-0.44 0.41093409752530347
-0.43 0.41138094440912526
-0.42 0.41181771148138807
-0.41000000000000003 0.4122444150072255
-0.4 0.4126610650504678
-0.39 0.4130676663969346
-0.38 0.41346421936589955
-0.37 0.4138507205216299
-0.36 0.41422716329587395
-0.35000000000000003 0.4145935385312309
-0.34 0.4149498349544023
-0.33 0.415296039587486
-0.32 0.41563213810465516
-0.31 0.41595811514082964
-0.3 0.4162739545582478
-0.29 0.4165796396762197
-0.28 0.41687515346875265
-0.27 0.417160478734214
-0.26 0.41743559824071574
-0.25 0.41770049485046146
-0.24 0.4179551516259157
-0.23 0.41819955192029445
-0.22 0.4184336794545641
-0.21 0.4186575183828546
-0.2 0.41887105334794905
-0.19 0.41907426952828103
-0.18 0.4192671526776893
-0.17 0.4194496891589966
-0.16 0.41962186597234125
-0.15 0.41978367077904677
-0.14 0.41993509192171674
-0.13 0.420076118441122
-0.12 0.42020674009038445
-0.11 0.42032694734686704
-0.1 0.42043673142213034
-0.09 0.42053608427025135
-0.08 0.4206249985947568
-0.07 0.420703467854383
-0.06 0.42077148626783534
-0.05 0.4208290488176964
-0.04 0.4208761512535985
-0.03 0.42091279009476035
-0.02 0.4209389626319655
-0.01 0.42095466692903855
0.0 0.4209599018238749
0.01 0.42095466692903893
0.02 0.4209389626319653
0.03 0.4209127900947603
0.04 0.42087615125359834
0.05 0.42082904881769617
0.06 0.42077148626783506
0.07 0.4207034678543829
0.08 0.42062499859475694
0.09 0.4205360842702513
0.1 0.42043673142213
0.11 0.42032694734686693
0.12 0.4202067400903843
0.13 0.42007611844112175
0.14 0.41993509192171663
0.15 0.4197836707790469
0.16 0.4196218659723409
0.17 0.41944968915899655
0.18 0.41926715267768927
0.19 0.419074269528281
0.2 0.4188710533479488
0.21 0.4186575183828546
0.22 0.41843367945456394
0.23 0.41819955192029445
0.24 0.41795515162591534
0.25 0.41770049485046123
0.26 0.4174355982407155
0.27 0.41716047873421386
0.28 0.4168751534687524
0.29 0.4165796396762198
0.3 0.4162739545582478
0.31 0.4159581151408296
0.32 0.41563213810465466
0.33 0.4152960395874857
0.34 0.4149498349544026
0.35000000000000003 0.41459353853123093
0.36 0.4142271632958741
0.37 0.4138507205216296
0.38 0.41346421936589967
0.39 0.41306766639693426
0.4 0.4126610650504673
0.41000000000000003 0.4122444150072251
0.42 0.41181771148138774
0.43 0.4113809444091249
0.44 0.4109340975253031
0.45 0.4104771473154329
0.46 0.41001006182883015
0.47000000000000003 0.4095327993378853
0.48 0.4090453068272029
0.49 0.40854751829531405
0.5 0.4080393528505673
0.51 0.40752071258180017
0.52 0.4069914801834572
0.53 0.4064515163139838
0.54 0.4059006566656222
0.55 0.40533870872323774
0.56 0.40476544818947224
0.5700000000000001 0.4041806150535058
0.58 0.40358390928094645
0.59 0.4029749861030167
0.6 0.40235345088421065
0.61 0.4017188535491195
0.62 0.4010706825511437
0.63 0.400408358368407
0.64 0.3997312265154535
0.65 0.39903855006324146
0.66 0.39832950166465625
0.67 0.3976031550882494
0.68 0.3968584762692642
0.6900000000000001 0.39609431389421795
0.7000000000000001 0.3953093895434808
0.71 0.3945022874252948
0.72 0.3936714437447431
0.73 0.39281513576205174
0.74 0.3919314706064487
0.75 0.3910183739244917
0.76 0.3900735784552462
0.77 0.38909461263889383
0.78 0.3880787893801502
0.79 0.3870231951031612
0.8 0.3859246792501564
0.81 0.3847798443918897
0.8200000000000001 0.38358503713360087
0.8300000000000001 0.3823363400156021
0.84 0.3810295646223976
0.85 0.379660246128158
0.86 0.3782236395190008
0.87 0.37671471774354254
0.88 0.3751281720521001
0.89 0.373458414791208
0.9 0.3716995849233206
0.91 0.36984555654099244
0.92 0.36788995063990415
0.93 0.3658261504051364
0.9400000000000001 0.3636473202494031
0.9500000000000001 0.36134642881990975
0.96 0.3589162761615051
0.97 0.3563495251874073
0.98 0.3536387375647434
0.99 0.3507764140705167
1.0 0.34775503941482366
1.01 0.34456713146316126
1.02 0.34120529471998784
1.03 0.3376622778636202
1.04 0.33393103505098104
1.05 0.33000479064341254
1.06 0.3258771069460871
1.07 0.32154195450838774
1.08 0.3169937845060446
1.09 0.31222760272275785
1.1 0.3072390446736136
1.11 0.30202445146761225
1.12 0.2965809460926891
1.1300000000000001 0.29090650992138434
1.1400000000000001 0.28500005937280115
1.1500000000000001 0.27886152281630555
1.16 0.27249191794945976
1.17 0.26589343000703575
1.18 0.25906949123536793
1.19 0.2520248620691681
1.2 0.24476571434703018
1.21 0.2372997166686857
1.22 0.2296361216070199
1.23 0.22178585392369204
1.24 0.2137615981931024
1.25 0.2055778833249815
1.26 0.19725116041952534
1.27 0.18879986924094586
1.28 0.18024448742862875
1.29 0.1716075554751336
1.3 0.1629136696014253
1.31 0.15418943407950675
1.32 0.1454633644226866
1.33 0.13676573330827685
1.34 0.12812835221942012
1.35 0.11958428365854562
1.36 0.11116748141010051
1.37 0.10291235966641578
1.3800000000000001 0.09485329575713695
1.3900000000000001 0.08702407554381296
1.4000000000000001 0.07945729499112571
1.41 0.07218373568252909
1.42 0.06523173575425358
1.43 0.05862658051703981
1.44 0.052389938589887795
1.45 0.046539369422937044
1.46 0.04108792647825834
1.47 0.0360438770388118
1.48 0.0314105547440868
1.49 0.027186354770285446
1.5 0.02336487447991955
