-1.5 0.04592390517612297
-1.49 0.05292191050552553
-1.48 0.06053340911841696
-1.47 0.06873999053162187
-1.46 0.07751262262180147
-1.45 0.08681202428910871
-1.44 0.09658939351986767
-1.43 0.10678745977747305
-1.42 0.11734181281072428
-1.41 0.12818244659147232
-1.4000000000000001 0.13923544802515125
-1.3900000000000001 0.15042475576307865
-1.3800000000000001 0.16167391491000416
-1.37 0.1729077582986485
-1.36 0.18405395360342006
-1.35 0.19504436696354166
-1.34 0.20581620693001867
-1.33 0.2163129263702687
-1.32 0.2264848734640347
-1.31 0.23628969526192767
-1.3 0.24569250781398405
-1.29 0.2546658551972027
-1.28 0.263189485691144
-1.27 0.271249976886363
-1.26 0.27884024284619213
-1.25 0.2859589558851288
-1.24 0.2926099134586667
-1.23 0.2988013774920255
-1.22 0.30454540961291404
-1.21 0.309857221562695
-1.2 0.3147545558499506
-1.19 0.3192571077211432
-1.18 0.32338599592485295
-1.17 0.32716328664224703
-1.16 0.3306115723923644
-1.1500000000000001 0.3337536056949873
-1.1400000000000001 0.3366119857504295
-1.1300000000000001 0.33920889531600995
-1.12 0.3415658842529735
-1.11 0.3437036958115887
-1.1 0.34564213154590495
-1.09 0.34739995074068264
-1.08 0.3489948003390268
-1.07 0.3504431715387721
-1.06 0.3517603794479632
-1.05 0.35296056243323265
-1.04 0.35405669804567846
-1.03 0.3550606326589213
-1.02 0.35598312219935735
-1.01 0.3568338815877943
-1.0 0.35762164074446406
-0.99 0.3583542052361441
-0.98 0.35903851986494434
-0.97 0.35968073371283815
-0.96 0.3602862653635077
-0.9500000000000001 0.3608598672221506
-0.9400000000000001 0.36140568804300327
-0.93 0.36192733295173707
-0.92 0.36242792041393534
-0.91 0.3629101357501417
-0.9 0.3633762809314156
-0.89 0.36382832050632824
-0.88 0.3642679236106773
-0.87 0.36469650209518306
-0.86 0.3651152448746979
-0.85 0.3655251486560238
-0.84 0.36592704524155806
-0.8300000000000001 0.3663216256340655
-0.8200000000000001 0.36670946118549014
-0.81 0.3670910220414176
-0.8 0.3674666931340334
-0.79 0.36783678797181524
-0.78 0.36820156046485986
-0.77 0.36856121501208655
-0.76 0.3689159150614816
-0.75 0.36926579033803236
-0.74 0.36961094291673147
-0.73 0.3699514523006767
-0.72 0.3702873796472505
-0.71 0.3706187712690418
-0.7000000000000001 0.3709456615208019
-0.6900000000000001 0.3712680751694787
-0.68 0.3715860293313268
-0.67 0.3718995350483163
-0.66 0.3722085985655293
-0.65 0.37251322236189294
-0.64 0.3728134059784241
-0.63 0.3731091466810257
-0.62 0.37340043998874084
-0.61 0.3736872800930816
-0.6 0.3739696601895835
-0.59 0.3742475727389353
-0.58 0.3745210096718532
-0.5700000000000001 0.37478996254921576
-0.56 0.3750544226867653
-0.55 0.37531438125187017
-0.54 0.3755698293383421
-0.53 0.37582075802409604
-0.52 0.37606715841544586
-0.51 0.37630902168103136
-0.5 0.376546339077737
-0.49 0.3767791019704464
-0.48 0.37700730184707226
-0.47000000000000003 0.3772309303299795
-0.46 0.3774499791846605
-0.45 0.3776644403263329
-0.44 0.3778743058249642
-0.43 0.37807956790911235
-0.42 0.37828021896887926
-0.41000000000000003 0.37847625155820036
-0.4 0.37866765839663646
-0.39 0.3788544323707967
-0.38 0.3790365665354854
-0.37 0.379214054114646
-0.36 0.3793868885021498
-0.35000000000000003 0.3795550632624719
-0.34 0.37971857213128174
-0.33 0.37987740901596734
-0.32 0.3800315679961117
-0.31 0.3801810433239283
-0.3 0.38032582942466786
-0.29 0.3804659208969975
-0.28 0.3806013125133623
-0.27 0.3807319992203261
-0.26 0.3808579761388976
-0.25 0.38097923856484317
-0.24 0.3810957819689833
-0.23 0.3812076019974803
-0.22 0.38131469447211125
-0.21 0.38141705539053
-0.2 0.38151468092651714
-0.19 0.38160756743022084
-0.18 0.381695711428383
-0.17 0.38177910962455747
-0.16 0.38185775889931534
-0.15 0.3819316563104388
-0.14 0.38200079909310597
-0.13 0.3820651846600628
-0.12 0.382124810601784
-0.11 0.3821796746866246
-0.1 0.3822297748609577
-0.09 0.38227510924930364
-0.08 0.38231567615444684
-0.07 0.38235147405754133
-0.06 0.38238250161820586
-0.05 0.38240875767460736
-0.04 0.38243024124353386
-0.03 0.38244695152045505
-0.02 0.38245888787957344
-0.01 0.3824660498738629
0.0 0.3824684372350964
0.01 0.38246604987386296
0.02 0.38245888787957355
0.03 0.38244695152045505
0.04 0.382430241243534
0.05 0.3824087576746073
0.06 0.382382501618206
0.07 0.3823514740575415
0.08 0.3823156761544468
0.09 0.38227510924930375
0.1 0.3822297748609573
0.11 0.3821796746866243
0.12 0.3821248106017836
0.13 0.3820651846600623
0.14 0.3820007990931059
0.15 0.38193165631043846
0.16 0.38185775889931506
0.17 0.38177910962455736
0.18 0.38169571142838293
0.19 0.3816075674302204
0.2 0.38151468092651675
0.21 0.3814170553905294
0.22 0.3813146944721112
0.23 0.3812076019974801
0.24 0.3810957819689831
0.25 0.380979238564843
0.26 0.3808579761388976
0.27 0.3807319992203258
0.28 0.38060131251336243
0.29 0.38046592089699754
0.3 0.38032582942466786
0.31 0.3801810433239283
0.32 0.3800315679961113
0.33 0.37987740901596717
0.34 0.3797185721312815
0.35000000000000003 0.3795550632624719
0.36 0.37938688850214963
0.37 0.3792140541146459
0.38 0.37903656653548556
0.39 0.37885443237079663
0.4 0.3786676583966364
0.41000000000000003 0.3784762515582004
0.42 0.37828021896887937
0.43 0.37807956790911235
0.44 0.37787430582496456
0.45 0.3776644403263329
0.46 0.37744997918466006
0.47000000000000003 0.3772309303299791
0.48 0.37700730184707226
0.49 0.37677910197044656
0.5 0.3765463390777367
0.51 0.3763090216810314
0.52 0.37606715841544575
0.53 0.3758207580240959
0.54 0.3755698293383421
0.55 0.3753143812518702
0.56 0.3750544226867653
0.5700000000000001 0.37478996254921587
0.58 0.37452100967185303
0.59 0.37424757273893533
0.6 0.37396966018958366
0.61 0.37368728009308144
0.62 0.37340043998874095
0.63 0.3731091466810259
0.64 0.3728134059784243
0.65 0.37251322236189316
0.66 0.372208598565529
0.67 0.37189953504831597
0.68 0.3715860293313269
0.6900000000000001 0.3712680751694789
0.7000000000000001 0.3709456615208019
0.71 0.3706187712690417
0.72 0.3702873796472503
0.73 0.36995145230067655
0.74 0.36961094291673147
0.75 0.36926579033803264
0.76 0.3689159150614818
0.77 0.36856121501208666
0.78 0.3682015604648602
0.79 0.3678367879718152
0.8 0.3674666931340332
0.81 0.3670910220414174
0.8200000000000001 0.3667094611854904
0.8300000000000001 0.36632162563406523
0.84 0.3659270452415585
0.85 0.36552514865602376
0.86 0.3651152448746979
0.87 0.3646965020951834
0.88 0.3642679236106773
0.89 0.3638283205063284
0.9 0.36337628093141566
0.91 0.36291013575014164
0.92 0.36242792041393557
0.93 0.361927332951737
0.9400000000000001 0.36140568804300366
0.9500000000000001 0.36085986722215074
0.96 0.3602862653635077
0.97 0.35968073371283843
0.98 0.3590385198649449
0.99 0.35835420523614414
1.0 0.35762164074446373
1.01 0.35683388158779444
1.02 0.35598312219935724
1.03 0.3550606326589211
1.04 0.3540566980456787
1.05 0.3529605624332327
1.06 0.3517603794479634
1.07 0.35044317153877197
1.08 0.34899480033902686
1.09 0.3473999507406829
1.1 0.34564213154590506
1.11 0.3437036958115892
1.12 0.34156588425297335
1.1300000000000001 0.3392088953160099
1.1400000000000001 0.33661198575042955
1.1500000000000001 0.3337536056949874
1.16 0.3306115723923644
1.17 0.32716328664224714
1.18 0.3233859959248529
1.19 0.3192571077211435
1.2 0.31475455584995093
1.21 0.3098572215626953
1.22 0.30454540961291393
1.23 0.29880137749202584
1.24 0.2926099134586669
1.25 0.28595895588512876
1.26 0.27884024284619213
1.27 0.2712499768863632
1.28 0.2631894856911443
1.29 0.2546658551972028
1.3 0.24569250781398416
1.31 0.23628969526192775
1.32 0.2264848734640348
1.33 0.21631292637026875
1.34 0.2058162069300188
1.35 0.19504436696354174
1.36 0.18405395360342017
1.37 0.17290775829864852
1.3800000000000001 0.16167391491000432
1.3900000000000001 0.1504247557630787
1.4000000000000001 0.13923544802515136
1.41 0.12818244659147232
1.42 0.11734181281072437
1.43 0.10678745977747313
1.44 0.09658939351986774
1.45 0.08681202428910884
1.46 0.07751262262180145
1.47 0.0687399905316219
1.48 0.06053340911841698
1.49 0.05292191050552556
1.5 0.045923905176123055
