-1.5 0.003849191008365165
-1.49 0.0045203066137209005
-1.48 0.005273556800342961
-1.47 0.006113325029812282
-1.46 0.007043546428576209
-1.45 0.008067667495833701
-1.44 0.009188622561640799
-1.43 0.01040882727825251
-1.42 0.011730188519250862
-1.41 0.013154129235190028
-1.4000000000000001 0.014681626126308824
-1.3900000000000001 0.01631325748244983
-1.3800000000000001 0.018049258230414658
-1.37 0.01988957912436161
-1.36 0.02183394710362635
-1.35 0.023881924098780552
-1.34 0.026032961955043094
-1.33 0.028286451620784882
-1.32 0.030641765274788218
-1.31 0.033098290598386634
-1.3 0.03565545690216479
-1.29 0.038312753263407946
-1.28 0.041069739200225774
-1.27 0.04392604869003885
-1.26 0.046881388530667
-1.25 0.04993553214514323
-1.24 0.05308830995545729
-1.23 0.05633959740825608
-1.22 0.059689301641735255
-1.21 0.06313734765283281
-1.2 0.06668366467213085
-1.19 0.07032817329386307
-1.18 0.07407077375130328
-1.17 0.07791133558234296
-1.16 0.0818496888024871
-1.1500000000000001 0.08588561659660499
-1.1400000000000001 0.09001884945821234
-1.1300000000000001 0.0942490606456105
-1.12 0.09857586278627141
-1.11 0.10299880544178276
-1.1 0.10751737344223722
-1.09 0.1121309858076559
-1.08 0.11683899509144281
-1.07 0.12164068700375025
-1.06 0.12653528019824734
-1.05 0.13152192613181826
-1.04 0.13659970893146167
-1.03 0.14176764522487798
-1.02 0.14702468391019657
-1.01 0.15236970585566112
-1.0 0.15780152353186025
-0.99 0.1633188805874775
-0.98 0.1689204513849515
-0.97 0.174604840515345
-0.96 0.18037058231264638
-0.9500000000000001 0.18621614038717413
-0.9400000000000001 0.1921399071961744
-0.93 0.1981402036674982
-0.92 0.2042152788897345
-0.91 0.2103633098796199
-0.9 0.21658240143510768
-0.89 0.22287058608029212
-0.88 0.2292258241064994
-0.87 0.23564600371231448
-0.86 0.24212894124409035
-0.85 0.24867238153757415
-0.84 0.2552739983606239
-0.8300000000000001 0.261931394956563
-0.8200000000000001 0.26864210468744393
-0.81 0.2754035917763661
-0.8 0.2822132521479338
-0.79 0.2890684143659598
-0.78 0.2959663406675438
-0.77 0.3029042280927151
-0.76 0.3098792097088542
-0.75 0.316888355929146
-0.74 0.32392867592431
-0.73 0.33099711912683594
-0.72 0.3380905768269108
-0.71 0.34520588385914663
-0.7000000000000001 0.3523398203791442
-0.6900000000000001 0.3594891137288031
-0.68 0.3666504403891844
-0.67 0.3738204280195995
-0.66 0.38099565758144877
-0.65 0.3881726655452059
-0.64 0.39534794617878605
-0.63 0.40251795391539047
-0.62 0.4096791057987784
-0.61 0.4168277840037652
-0.6 0.42396033842960174
-0.59 0.4310730893637609
-0.58 0.43816233021350315
-0.5700000000000001 0.4452243303024762
-0.56 0.45225533772946885
-0.55 0.4592515822863102
-0.54 0.46620927843179666
-0.53 0.4731246283184048
-0.52 0.4799938248684378
-0.51 0.48681305489615534
-0.5 0.4935785022723246
-0.49 0.5002863511275405
-0.48 0.5069327890905742
-0.47000000000000003 0.5135140105579115
-0.46 0.520026219990578
-0.45 0.5264656352342573
-0.44 0.5328284908586522
-0.43 0.5391110415119696
-0.42 0.5453095652863461
-0.41000000000000003 0.551420367089996
-0.4 0.5574397820218042
-0.39 0.5633641787440568
-0.38 0.5691899628489658
-0.37 0.5749135802146251
-0.36 0.5805315203460154
-0.35000000000000003 0.5860403196966606
-0.34 0.591436564966546
-0.33 0.5967168963719008
-0.32 0.6018780108824644
-0.31 0.606916665421882
-0.3 0.6118296800268799
-0.29 0.6166139409609311
-0.28 0.6212664037781417
-0.27 0.6257840963331436
-0.26 0.630164121732843
-0.25 0.6344036612259167
-0.24 0.6384999770260373
-0.23 0.6424504150648797
-0.22 0.646252407671032
-0.21 0.6499034761710482
-0.2 0.6534012334089517
-0.19 0.656743386180628
-0.18 0.6599277375796241
-0.17 0.6629521892510282
-0.16 0.6658147435501843
-0.15 0.668513505603149
-0.14 0.6710466852659382
-0.13 0.673412598979717
-0.12 0.6756096715192729
-0.11 0.6776364376322256
-0.1 0.6794915435666024
-0.09 0.6811737484845588
-0.08 0.682681925760187
-0.07 0.6840150641595153
-0.06 0.6851722689009848
-0.05 0.6861527625948464
-0.04 0.6869558860601085
-0.03 0.6875810990178375
-0.02 0.6880279806597962
-0.01 0.688296230091583
0.0 0.68838566664963
0.01 0.6882962300915832
0.02 0.6880279806597962
0.03 0.6875810990178374
0.04 0.6869558860601084
0.05 0.6861527625948461
0.06 0.6851722689009851
0.07 0.6840150641595154
0.08 0.682681925760187
0.09 0.6811737484845585
0.1 0.6794915435666017
0.11 0.677636437632225
0.12 0.6756096715192726
0.13 0.673412598979717
0.14 0.6710466852659378
0.15 0.6685135056031486
0.16 0.6658147435501836
0.17 0.6629521892510277
0.18 0.6599277375796235
0.19 0.6567433861806272
0.2 0.6534012334089515
0.21 0.6499034761710476
0.22 0.6462524076710313
0.23 0.6424504150648792
0.24 0.638499977026037
0.25 0.6344036612259158
0.26 0.6301641217328425
0.27 0.6257840963331431
0.28 0.621266403778141
0.29 0.6166139409609307
0.3 0.6118296800268795
0.31 0.6069166654218814
0.32 0.6018780108824638
0.33 0.5967168963719001
0.34 0.591436564966546
0.35000000000000003 0.5860403196966605
0.36 0.5805315203460147
0.37 0.5749135802146247
0.38 0.569189962848965
0.39 0.5633641787440562
0.4 0.5574397820218034
0.41000000000000003 0.5514203670899954
0.42 0.5453095652863456
0.43 0.5391110415119694
0.44 0.5328284908586516
0.45 0.526465635234257
0.46 0.5200262199905776
0.47000000000000003 0.513514010557911
0.48 0.5069327890905736
0.49 0.50028635112754
0.5 0.4935785022723238
0.51 0.4868130548961548
0.52 0.4799938248684373
0.53 0.4731246283184044
0.54 0.4662092784317961
0.55 0.4592515822863094
0.56 0.4522553377294683
0.5700000000000001 0.4452243303024757
0.58 0.4381623302135027
0.59 0.43107308936376065
0.6 0.4239603384296016
0.61 0.41682778400376486
0.62 0.4096791057987783
0.63 0.4025179539153898
0.64 0.39534794617878577
0.65 0.38817266554520574
0.66 0.3809956575814482
0.67 0.37382042801959886
0.68 0.36665044038918443
0.6900000000000001 0.3594891137288028
0.7000000000000001 0.35233982037914424
0.71 0.3452058838591463
0.72 0.3380905768269102
0.73 0.33099711912683577
0.74 0.3239286759243097
0.75 0.3168883559291458
0.76 0.30987920970885396
0.77 0.30290422809271494
0.78 0.29596634066754374
0.79 0.28906841436595954
0.8 0.2822132521479337
0.81 0.27540359177636586
0.8200000000000001 0.2686421046874437
0.8300000000000001 0.26193139495656287
0.84 0.2552739983606239
0.85 0.2486723815375741
0.86 0.24212894124409035
0.87 0.23564600371231442
0.88 0.22922582410649922
0.89 0.22287058608029212
0.9 0.21658240143510762
0.91 0.21036330987961976
0.92 0.2042152788897345
0.93 0.19814020366749813
0.9400000000000001 0.19213990719617427
0.9500000000000001 0.18621614038717396
0.96 0.18037058231264633
0.97 0.17460484051534497
0.98 0.16892045138495143
0.99 0.16331888058747732
1.0 0.15780152353186017
1.01 0.152369705855661
1.02 0.14702468391019652
1.03 0.14176764522487798
1.04 0.13659970893146167
1.05 0.13152192613181823
1.06 0.12653528019824725
1.07 0.12164068700375016
1.08 0.11683899509144285
1.09 0.11213098580765594
1.1 0.10751737344223726
1.11 0.1029988054417828
1.12 0.09857586278627133
1.1300000000000001 0.0942490606456105
1.1400000000000001 0.09001884945821235
1.1500000000000001 0.08588561659660499
1.16 0.08184968880248708
1.17 0.07791133558234299
1.18 0.07407077375130322
1.19 0.07032817329386311
1.2 0.06668366467213088
1.21 0.06313734765283284
1.22 0.05968930164173527
1.23 0.05633959740825607
1.24 0.05308830995545729
1.25 0.04993553214514324
1.26 0.046881388530667
1.27 0.04392604869003886
1.28 0.04106973920022581
1.29 0.03831275326340798
1.3 0.03565545690216479
1.31 0.03309829059838667
1.32 0.03064176527478823
1.33 0.028286451620784893
1.34 0.026032961955043083
1.35 0.02388192409878057
1.36 0.021833947103626336
1.37 0.01988957912436162
1.3800000000000001 0.01804925823041466
1.3900000000000001 0.01631325748244984
1.4000000000000001 0.014681626126308835
1.41 0.013154129235190031
1.42 0.011730188519250876
1.43 0.010408827278252514
1.44 0.009188622561640804
1.45 0.008067667495833706
1.46 0.007043546428576208
1.47 0.006113325029812288
1.48 0.005273556800342961
1.49 0.004520306613720903
1.5 0.0038491910083651667
