-5.002501250625312 1.5239695297043685e-11
-4.997498749374687 1.6004815170963654e-11
-4.992496248124062 1.6807386782691932e-11
-4.987493746873437 1.7649196770888687e-11
-4.982491245622811 1.8532114780968754e-11
-4.977488744372186 1.9458097216529702e-11
-4.972486243121561 2.0429191155419953e-11
-4.967483741870935 2.1447538437446397e-11
-4.96248124062031 2.2515379931007843e-11
-4.957478739369685 2.363505998624268e-11
-4.9524762381190595 2.4809031082583304e-11
-4.947473736868434 2.6039858678939333e-11
-4.942471235617809 2.733022627506242e-11
-4.937468734367183 2.86829406929964e-11
-4.932466233116558 3.010093758787599e-11
-4.927463731865933 3.158728719771939e-11
-4.9224612306153075 3.314520034224207e-11
-4.917458729364682 3.477803468113401e-11
-4.912456228114057 3.648930124265982e-11
-4.907453726863432 3.828267123388069e-11
-4.902451225612806 4.016198314425324e-11
-4.897448724362181 4.213125015483059e-11
-4.8924462231115555 4.419466786578971e-11
-4.88744372186093 4.635662235550696e-11
-4.882441220610305 4.8621698584945895e-11
-4.87743871935968 5.099468916166489e-11
-4.872436218109055 5.3480603478324593e-11
-4.867433716858429 5.6084677241169794e-11
-4.862431215607804 5.881238240457235e-11
-4.857428714357178 6.166943752837082e-11
-4.852426213106553 6.46618185753913e-11
-4.847423711855928 6.779577016723567e-11
-4.842421210605303 7.107781731713413e-11
-4.837418709354677 7.451477765939956e-11
-4.832416208104052 7.811377419579078e-11
-4.827413706853426 8.188224857990209e-11
-4.822411205602801 8.58279749615044e-11
-4.817408704352176 8.995907441364712e-11
-4.812406203101551 9.428402996620786e-11
-4.807403701850926 9.881170227050878e-11
-4.8024012006003 1.0355134592058158e-10
-4.7973986993496744 1.0851262645765074e-10
-4.792396198099049 1.1370563808545898e-10
-4.787393696848424 1.1914092212510248e-10
-4.782391195597799 1.248294862391838e-10
-4.777388694347174 1.3078282445622722e-10
-4.7723861930965485 1.37012938027505e-10
-4.7673836918459225 1.435323571496617e-10
-4.762381190595297 1.5035416358780456e-10
-4.757378689344672 1.5749201423508378e-10
-4.752376188094047 1.6496016564613182e-10
-4.747373686843422 1.727734995832017e-10
-4.742371185592797 1.8094754961530748e-10
-4.7373686843421705 1.894985288122241e-10
-4.732366183091545 1.9844335857677748e-10
-4.72736368184092 2.077996986605573e-10
-4.722361180590295 2.1758597840983326e-10
-4.71735867933967 2.2782142929029618e-10
-4.712356178089045 2.385261187410433e-10
-4.707353676838419 2.497209854101611e-10
-4.702351175587793 2.6142787582621813e-10
-4.697348674337168 2.736695825620312e-10
-4.692346173086543 2.8646988394921747e-10
-4.687343671835918 2.9985358540418387e-10
-4.682341170585293 3.138465624285422e-10
-4.6773386693346675 3.2847580534926017e-10
-4.672336168084042 3.4376946586631043e-10
-4.667333666833416 3.597569054781087e-10
-4.662331165582791 3.764687458576359e-10
-4.657328664332166 3.939369212548972e-10
-4.652326163081541 4.121947330040977e-10
-4.6473236618309155 4.3127690621689414e-10
-4.64232116058029 4.512196487460583e-10
-4.637318659329665 4.720607125069976e-10
-4.632316158079039 4.938394572478208e-10
-4.627313656828414 5.165969168619305e-10
-4.622311155577789 5.403758683406739e-10
-4.6173086543271635 5.652209034670064e-10
-4.612306153076538 5.91178503354966e-10
-4.607303651825913 6.182971159434954e-10
-4.602301150575287 6.466272365571435e-10
-4.597298649324662 6.762214916502303e-10
-4.592296148074037 7.071347258554102e-10
-4.587293646823412 7.39424092461764e-10
-4.582291145572786 7.731491474522693e-10
-4.577288644322161 8.083719472350837e-10
-4.572286143071536 8.451571502079499e-10
-4.56728364182091 8.835721223000621e-10
-4.562281140570285 9.236870466408686e-10
-4.55727863931966 9.655750375107889e-10
-4.552276138069034 1.0093122587341285e-09
-4.547273636818409 1.0549780466804694e-09
-4.542271135567784 1.1026550380465578e-09
-4.537268634317159 1.1524293025969322e-09
-4.532266133066533 1.2043904810478388e-09
-4.527263631815908 1.2586319282854764e-09
-4.5222611305652824 1.3152508621165822e-09
-4.517258629314657 1.3743485177560149e-09
-4.512256128064032 1.4360303082635796e-09
-4.507253626813407 1.5004059911495713e-09
-4.502251125562781 1.5675898413763494e-09
-4.497248624312156 1.6377008309910894e-09
-4.4922461230615305 1.7108628156333873e-09
-4.487243621810905 1.787204728169473e-09
-4.48224112056028 1.866860779713953e-09
-4.477238619309655 1.9499706683089065e-09
-4.47223611805903 2.036679795539566e-09
-4.467233616808404 2.127139491375491e-09
-4.4622311155577785 2.2215072475360883e-09
-4.457228614307153 2.3199469596899323e-09
-4.452226113056528 2.422629178807498e-09
-4.447223611805903 2.5297313719984285e-09
-4.442221110555278 2.641438193175519e-09
-4.437218609304653 2.7579417638994875e-09
-4.4322161080540265 2.8794419647706047e-09
-4.427213606803401 3.006146737745703e-09
-4.422211105552776 3.138272399772445e-09
-4.417208604302151 3.2760439681451694e-09
-4.412206103051526 3.4196954980012974e-09
-4.407203601800901 3.5694704323908466e-09
-4.402201100550275 3.725621965366551e-09
-4.397198599299649 3.888413418556818e-09
-4.392196098049024 4.0581186317000364e-09
-4.387193596798399 4.235022367633762e-09
-4.382191095547774 4.4194207322498686e-09
-4.377188594297149 4.611621609943233e-09
-4.3721860930465235 4.811945115099436e-09
-4.367183591795897 5.020724060184974e-09
-4.362181090545272 5.238304441022144e-09
-4.357178589294647 5.465045939850781e-09
-4.352176088044022 5.701322446797549e-09
-4.347173586793397 5.947522600395637e-09
-4.3421710855427715 6.204050347817735e-09
-4.337168584292146 6.471325525507535e-09
-4.33216608304152 6.749784460917373e-09
-4.327163581790895 7.0398805960825476e-09
-4.32216108054027 7.34208513378777e-09
-4.317158579289645 7.656887707104066e-09
-4.31215607803902 7.984797073101638e-09
-4.307153576788394 8.32634183156922e-09
-4.302151075537768 8.68207116959795e-09
-4.297148574287143 9.05255563291482e-09
-4.292146073036518 9.438387924881041e-09
-4.287143571785893 9.840183734097513e-09
-4.282141070535268 1.0258582591592422e-08
-4.277138569284642 1.0694248758595833e-08
-4.272136068034017 1.1147872145938685e-08
-4.267133566783391 1.1620169266146962e-08
-4.262131065532766 1.2111884219334965e-08
-4.257128564282141 1.2623789714039075e-08
-4.252126063031516 1.3156688124166045e-08
-4.2471235617808905 1.3711412583270408e-08
-4.242121060530265 1.4288828117412036e-08
-4.23711855927964 1.4889832817884941e-08
-4.232116058029014 1.5515359055148944e-08
-4.227113556778389 1.6166374735337102e-08
-4.222111055527764 1.6843884600756663e-08
-4.2171085542771385 1.754893157584243e-08
-4.212106053026513 1.8282598160069818e-08
-4.207103551775888 1.9046007869380306e-08
-4.202101050525263 1.9840326727720514e-08
-4.197098549274637 2.066676481034569e-08
-4.192096048024012 2.1526577840588713e-08
-4.1870935467733865 2.242106884185057e-08
-4.182091045522761 2.3351589846617902e-08
-4.177088544272136 2.4319543664373103e-08
-4.172086043021511 2.5326385710316888e-08
-4.167083541770885 2.6373625896882512e-08
-4.16208104052026 2.746283059008037e-08
-4.1570785392696346 2.8595624632776965e-08
-4.152076038019009 2.9773693437069977e-08
-4.147073536768384 3.0998785147992153e-08
-4.142071035517759 3.227271288084173e-08
-4.137068534267134 3.3597357034506016e-08
-4.132066033016508 3.497466768321627e-08
-4.127063531765883 3.640666704924447e-08
-4.122061030515257 3.789545205913065e-08
-4.117058529264632 3.944319698610004e-08
-4.112056028014007 4.105215618141562e-08
-4.107053526763382 4.272466689748835e-08
-4.102051025512757 4.4463152205652825e-08
-4.097048524262131 4.627012401160149e-08
-4.092046023011505 4.8148186171556784e-08
-4.08704352176088 5.0100037712357674e-08
-4.082041020510255 5.2128476158718623e-08
-4.07703851925963 5.423640097102553e-08
-4.072036018009005 5.642681709712517e-08
-4.067033516758379 5.870283864166644e-08
-4.0620310155077535 6.106769265665292e-08
-4.057028514257128 6.352472305697974e-08
-4.052026013006503 6.607739466482379e-08
-4.047023511755878 6.87292973868793e-08
-4.042021010505253 7.148415052854019e-08
-4.037018509254628 7.434580724924679e-08
-4.0320160080040015 7.731825916333997e-08
-4.027013506753376 8.04056410908803e-08
-4.022011005502751 8.361223596303206e-08
-4.017008504252126 8.694247988672101e-08
-4.012006003001501 9.040096737342729e-08
-4.007003501750876 9.399245673710058e-08
-4.00200100050025 9.772187566632838e-08
-3.996998499249625 1.0159432697603172e-07
-3.991995997998999 1.0561509454410839e-07
-3.986993496748374 1.0978964943859855e-07
-3.981990995497749 1.1412365624109986e-07
-3.9769884942471236 1.1862297957231455e-07
-3.971985992996498 1.2329369082578238e-07
-3.966983491745873 1.2814207511600978e-07
-3.9619809904952477 1.3317463844738876e-07
-3.956978489244622 1.3839811511045809e-07
-3.951975987993997 1.4381947531225195e-07
-3.9469734867433717 1.494459330476637e-07
-3.941970985492746 1.5528495421892958e-07
-3.936968484242121 1.6134426501054178e-07
-3.9319659829914957 1.6763186052709632e-07
-3.9269634817408705 1.741560137017734e-07
-3.921960980490245 1.8092528448336805e-07
-3.9169584792396197 1.879485293099884e-07
-3.9119559779889945 1.95234910877772e-07
-3.906953476738369 2.0279390821317092e-07
-3.9019509754877437 2.1063532705759983e-07
-3.8969484742371185 2.1876931057347797e-07
-3.891945972986493 2.2720635038090974e-07
-3.8869434717358677 2.3595729793451945e-07
-3.8819409704852426 2.450333762501935e-07
-3.8769384692346174 2.544461919917315e-07
-3.8719359679839918 2.6420774792768217e-07
-3.8669334667333666 2.743304557688933e-07
-3.8619309654827414 2.84827149397601e-07
-3.8569284642321158 2.957110984991243e-07
-3.8519259629814906 3.0699602260755053e-07
-3.8469234617308654 3.1869610557708997e-07
-3.8419209604802402 3.3082601049103536e-07
-3.8369184592296146 3.434008950206255e-07
-3.8319159579789894 3.564364272463665e-07
-3.8269134567283642 3.6994880195474525e-07
-3.8219109554777386 3.839547574235236e-07
-3.8169084542271134 3.9847159270919734e-07
-3.8119059529764883 4.1351718545051805e-07
-3.8069034517258626 4.29110010202314e-07
-3.8019009504752375 4.4526915731421474e-07
-3.7968984492246123 4.620143523692594e-07
-3.791895947973987 4.793659761977053e-07
-3.7868934467233615 4.973450854817614e-07
-3.7818909454727363 5.159734339673416e-07
-3.776888444222111 5.352734942993486e-07
-3.7718859429714855 5.552684804973653e-07
-3.7668834417208603 5.75982371089071e-07
-3.761880940470235 5.97439932919133e-07
-3.7568784392196095 6.196667456516996e-07
-3.7518759379689843 6.426892269850995e-07
-3.746873436718359 6.665346585978237e-07
-3.741870935467734 6.912312128452311e-07
-3.7368684342171083 7.168079802269866e-07
-3.731865932966483 7.432949976456404e-07
-3.726863431715858 7.707232774772986e-07
-3.7218609304652324 7.991248374757619e-07
-3.716858429214607 8.285327315320671e-07
-3.711855927963982 8.589810813118849e-07
-3.7068534267133564 8.905051087936757e-07
-3.701850925462731 9.2314116973112e-07
-3.696848424212106 9.569267880638744e-07
-3.691845922961481 9.91900691301175e-07
-3.686843421710855 1.0281028469034967e-06
-3.68184092046023 1.0655744996879419e-06
-3.676838419209605 1.104358210283721e-06
-3.6718359179589792 1.1444978946645782e-06
-3.666833416708354 1.1860388647856859e-06
-3.661830915457729 1.2290278703531989e-06
-3.6568284142071033 1.27351314175515e-06
-3.651825912956478 1.3195444341831263e-06
-3.646823411705853 1.3671730729748353e-06
-3.6418209104552277 1.4164520002082041e-06
-3.636818409204602 1.4674358225784818e-06
-3.631815907953977 1.5201808605903867e-06
-3.6268134067033517 1.5747451990981803e-06
-3.621810905452726 1.631188739227071e-06
-3.616808404202101 1.6895732517102458e-06
-3.6118059029514757 1.7499624316765463e-06
-3.60680340170085 1.8124219549244317e-06
-3.601800900450225 1.8770195357187534e-06
-3.5967983991995998 1.9438249861477028e-06
-3.5917958979489746 2.0129102770778357e-06
-3.586793396698349 2.084349600746194e-06
-3.5817908954477238 2.1582194350290874e-06
-3.5767883941970986 2.2345986094281786e-06
-3.571785892946473 2.3135683728151153e-06
-3.566783391695848 2.3952124629769657e-06
-3.5617808904452226 2.479617178005636e-06
-3.556778389194597 2.5668714495750947e-06
-3.551775887943972 2.657066918151363e-06
-3.5467733866933466 2.750298010181131e-06
-3.5417708854427215 2.846662017305542e-06
-3.536768384192096 2.946259177646967e-06
-3.5317658829414706 3.0491927592172555e-06
-3.5267633816908455 3.1555691454972046e-06
-3.52176088044022 3.2654979232376373e-06
-3.5167583791895947 3.3790919725337227e-06
-3.5117558779389695 3.4964675592252587e-06
-3.506753376688344 3.617744429676268e-06
-3.5017508754377187 3.7430459079887464e-06
-3.4967483741870935 3.872498995706258e-06
-3.4917458729364683 4.006234474064069e-06
-3.4867433716858427 4.144387008843776e-06
-3.4817408704352175 4.287095257891276e-06
-3.4767383691845923 4.4345019813584075e-06
-3.4717358679339667 4.586754154729196e-06
-3.4667333666833415 4.744003084693152e-06
-3.4617308654327164 4.906404527929358e-06
-3.4567283641820907 5.074118812865691e-06
-3.4517258629314655 5.2473109644792895e-06
-3.4467233616808404 5.4261508322053786e-06
-3.441720860430215 5.6108132210226074e-06
-3.4367183591795896 5.801478025784605e-06
-3.4317158579289644 5.998330368868341e-06
-3.426713356678339 6.201560741211746e-06
-3.4217108554277136 6.411365146813391e-06
-3.4167083541770884 6.627945250769249e-06
-3.4117058529264632 6.851508530922423e-06
-3.406703351675838 7.0822684332029365e-06
-3.4017008504252124 7.320444530736292e-06
-3.3966983491745872 7.566262686800651e-06
-3.391695847923962 7.819955221714221e-06
-3.3866933466733364 8.081761083735061e-06
-3.3816908454227113 8.351926024057704e-06
-3.376688344172086 8.630702775992096e-06
-3.3716858429214605 8.918351238411584e-06
-3.3666833416708353 9.215138663558111e-06
-3.36168084042021 9.521339849295038e-06
-3.356678339169585 9.837237335898002e-06
-3.3516758379189593 1.0163121607477044e-05
-3.346673336668334 1.0499291298123823e-05
-3.341670835417709 1.0846053402880133e-05
-3.3366683341670833 1.1203723493624104e-05
-3.331665832916458 1.1572625939973273e-05
-3.326663331665833 1.1953094135304912e-05
-3.3216608304152073 1.234547072799474e-05
-3.316658329164582 1.275010785797769e-05
-3.311655827913957 1.3167367398735796e-05
-3.306653326663332 1.3597621204819117e-05
-3.301650825412706 1.4041251365008033e-05
-3.296648324162081 1.4498650461226264e-05
-3.291645822911456 1.4970221833316259e-05
-3.28664332166083 1.5456379849789104e-05
-3.281640820410205 1.5957550184663602e-05
-3.27663831915958 1.6474170100510888e-05
-3.271635817908954 1.70066887378217e-05
-3.266633316658329 1.7555567410815467e-05
-3.261630815407704 1.812127990981316e-05
-3.2566283141570787 1.870431281029495e-05
-3.251625812906453 1.930516578876811e-05
-3.246623311655828 1.9924351945570083e-05
-3.2416208104052027 2.056239813473521e-05
-3.236618309154577 2.1219845301053276e-05
-3.231615807903952 2.1897248824450933e-05
-3.2266133066533267 2.259517887182944e-05
-3.221610805402701 2.3314220756491298e-05
-3.216608304152076 2.4054975305292447e-05
-3.2116058029014507 2.4818059233657996e-05
-3.2066033016508255 2.5604105528599233e-05
-3.2016008004002 2.641376383987401e-05
-3.1965982991495747 2.724770087943183e-05
-3.1915957978989495 2.8106600829289063e-05
-3.186593296648324 2.8991165757978507e-05
-3.1815907953976987 2.990211604572152e-05
-3.1765882941470736 3.084019081847214e-05
-3.171585792896448 3.18061483909826e-05
-3.1665832916458228 3.280076671904339e-05
-3.1615807903951976 3.382484386105189e-05
-3.1565782891445724 3.487919844906413e-05
-3.1515757878939468 3.596467016948773e-05
-3.1465732866433216 3.7082120253573465e-05
-3.1415707853926964 3.823243197786755e-05
-3.136568284142071 3.941651117478404e-05
-3.1315657828914456 4.0635286753462134e-05
-3.1265632816408204 4.188971123107331e-05
-3.121560780390195 4.3180761274743544e-05
-3.1165582791395696 4.45094382542587e-05
-3.1115557778889444 4.587676880572324e-05
-3.1065532766383193 4.728380540634176e-05
-3.1015507753876936 4.873162696049583e-05
-3.0965482741370685 5.022133939728927e-05
-3.0915457728864433 5.17540762797381e-05
-3.0865432716358177 5.3330999425779534e-05
-3.0815407703851925 5.495329954127738e-05
-3.0765382691345673 5.6622196865205325e-05
-3.0715357678839417 5.8338941827184645e-05
-3.0665332666333165 6.010481571755915e-05
-3.0615307653826913 6.19211313701906e-05
-3.056528264132066 6.378923385815639e-05
-3.0515257628814405 6.571050120253483e-05
-3.0465232616308153 6.768634509446376e-05
-3.04152076038019 6.971821163066018e-05
-3.0365182591295645 7.180758206258613e-05
-3.0315157578789393 7.395597355945131e-05
-3.026513256628314 7.616493998524277e-05
-3.0215107553776885 7.84360726899692e-05
-3.0165082541270634 8.077100131531269e-05
-3.011505752876438 8.317139461488098e-05
-3.006503251625813 8.563896128925058e-05
-3.0015007503751874 8.817545083599449e-05
-2.996498249124562 9.078265441488865e-05
-2.991495747873937 9.346240572849307e-05
-2.9864932466233114 9.621658191829896e-05
-2.981490745372686 9.904710447663786e-05
-2.976488244122061 0.00010195594017455249
-2.971485742871436 0.00010494510200581823
-2.9664832416208102 0.00010801665014731586
-2.961480740370185 0.0001111726929359496
-2.95647823911956 0.00011441538786230862
-2.9514757378689342 0.00011774694258126472
-2.946473236618309 0.00012116961593970308
-2.941470735367684 0.00012468571902158568
-2.9364682341170583 0.00012829761621053714
-2.931465732866433 0.00013200772627014899
-2.926463231615808 0.00013581852344220346
-2.9214607303651827 0.00013973253856300053
-2.916458229114557 0.00014375236019799055
-2.911455727863932 0.0001478806357948977
-2.9064532266133067 0.00015212007285553608
-2.901450725362681 0.0001564734401264967
-2.896448224112056 0.0001609435688089053
-2.8914457228614308 0.00016553335378743656
-2.886443221610805 0.00017024575487877062
-2.88144072036018 0.00017508379809967926
-2.8764382191095548 0.0001800505769549291
-2.8714357178589296 0.00018514925374517988
-2.866433216608304 0.00019038306089506378
-2.861430715357679 0.0001957553023016213
-2.8564282141070536 0.00020126935470327794
-2.851425712856428 0.00020692866906952986
-2.846423211605803 0.00021273677201151425
-2.8414207103551776 0.0002186972672136425
-2.836418209104552 0.00022481383688645307
-2.831415707853927 0.00023109024324085716
-2.8264132066033016 0.00023753032998394431
-2.8214107053526765 0.0002441380238364993
-2.816408204102051 0.0002509173360723924
-2.8114057028514257 0.0002578723640799995
-2.8064032016008005 0.00026500729294580216
-2.801400700350175 0.0002723263970603112
-2.7963981990995497 0.0002798340417464611
-2.7913956978489245 0.0002875346849106199
-2.786393196598299 0.000295432878716341
-2.7813906953476737 0.0003035332712809953
-2.7763881940970485 0.0003118406083954169
-2.7713856928464233 0.000320359735266671
-2.7663831915957977 0.000329095598284081
-2.7613806903451725 0.0003380532468086102
-2.7563781890945473 0.00034723783498573075
-2.7513756878439217 0.0003566546235818575
-2.7463731865932965 0.00036630898184446687
-2.7413706853426714 0.00037620638938598474
-2.7363681840920457 0.00038635243809153377
-2.7313656828414206 0.0003967528340506148
-2.7263631815907954 0.00040741339951281646
-2.72136068034017 0.00041834007486760014
-2.7163581790895446 0.0004295389206482393
-2.7113556778389194 0.00044101611955996086
-2.706353176588294 0.00045277797853235206
-2.7013506753376686 0.0004648309307960547
-2.6963481740870434 0.0004771815379837963
-2.6913456728364182 0.0004898364922557906
-2.6863431715857926 0.000502802618449515
-2.6813406703351674 0.000516086876253878
-2.6763381690845423 0.0005296963624078007
-2.671335667833917 0.0005436383129231845
-2.6663331665832914 0.0005579201053322626
-2.6613306653326663 0.000572549260959318
-2.656328164082041 0.0005875334472167371
-2.6513256628314155 0.0006028804799253481
-2.6463231615807903 0.0006185983256590121
-2.641320660330165 0.0006346951041134048
-2.6363181590795395 0.000651179090498906
-2.6313156578289143 0.0006680587179575386
-2.626313156578289 0.0006853425800038627
-2.621310655327664 0.0007030394329897151
-2.6163081540770383 0.000721158198592703
-2.611305652826413 0.000739707966328304
-2.606303151575788 0.0007586979960854856
-2.6013006503251623 0.0007781377206856467
-2.596298149074537 0.0007980367484647572
-2.591295647823912 0.0008184048658785371
-2.5862931465732864 0.0008392520401304664
-2.581290645322661 0.00086058842182245
-2.576288144072036 0.0008824243476279414
-2.571285642821411 0.0009047703429872926
-2.566283141570785 0.0009276371248251007
-2.56128064032016 0.0009510356042893157
-2.556278139069535 0.0009749768895118512
-2.551275637818909 0.000999472288390413
-2.546273136568284 0.0010245333113912708
-2.541270635317659 0.00105017167437268
-2.5362681340670337 0.0010763993014286165
-2.531265632816408 0.0011032283277525123
-2.526263131565783 0.0011306711025206352
-2.5212606303151577 0.0011587401917947727
-2.516258129064532 0.001187448381443817
-2.511255627813907 0.0012168086800838649
-2.5062531265632817 0.0012468343220364522
-2.501250625312656 0.0012775387703044584
-2.496248124062031 0.0013089357195652576
-2.4912456228114057 0.0013410390991806821
-2.4862431215607805 0.0013738630762232637
-2.481240620310155 0.0014074220585183308
-2.4762381190595297 0.0014417306977013867
-2.4712356178089045 0.0014768038922903072
-2.466233116558279 0.0015126567907717472
-2.4612306153076537 0.00154930479470122
-2.4562281140570286 0.0015867635618162976
-2.451225612806403 0.001625049009162284
-2.4462231115557778 0.00166417731622974
-2.4412206103051526 0.0017041649281032821
-2.4362181090545274 0.0017450285586209252
-2.431215607803902 0.0017867851935433313
-2.4262131065532766 0.001829452093732236
-2.4212106053026514 0.0018730467983374079
-2.416208104052026 0.0019175871279913008
-2.4112056028014006 0.0019630911880106974
-2.4062031015507754 0.0020095773716045885
-2.40120060030015 0.002057064363087453
-2.3961980990495246 0.0021055711410970894
-2.3911955977988995 0.002155116981816246
-2.3861930965482743 0.002205721462197111
-2.3811905952976486 0.002257404463187812
-2.3761880940470235 0.0023101861729599837
-2.3711855927963983 0.002364087090136576
-2.3661830915457727 0.0024191280270188177
-2.3611805902951475 0.002475330112811446
-2.3561780890445223 0.002532714796845233
-2.3511755877938967 0.002591303851795734
-2.3461730865432715 0.002651119376897205
-2.3411705852926463 0.002712183801150763
-2.336168084042021 0.0027745198865255275
-2.3311655827913955 0.002838150731151774
-2.3261630815407703 0.002903099772504894
-2.321160580290145 0.002969390790579089
-2.3161580790395195 0.0030370479110495355
-2.3111555777888944 0.0031060956084218603
-2.306153076538269 0.0031765587091677873
-2.3011505752876436 0.0032484623948455687
-2.2961480740370184 0.003321832205204026
-2.291145572786393 0.0033966940412689496
-2.286143071535768 0.003473074168410443
-2.2811405702851424 0.003550999219389927
-2.276138069034517 0.0036304961973854743
-2.271135567783892 0.0037115924789940863
-2.2661330665332664 0.003794315817209457
-2.2611305652826412 0.003878694344373816
-2.256128064032016 0.003964756575102511
-2.2511255627813904 0.004052531409179669
-2.2461230615307652 0.00414204813442356
-2.24112056028014 0.00423333642952018
-2.236118059029515 0.004326426366823399
-2.2311155577788893 0.004421348415120203
-2.226113056528264 0.004518133442359347
-2.221110555277639 0.004616812718342005
-2.2161080540270133 0.004717417917372526
-2.211105552776388 0.0048199811208678245
-2.206103051525763 0.0049245348199237265
-2.2011005502751373 0.005031111917836478
-2.196098049024512 0.005139745732577745
-2.191095547773887 0.005250469999221435
-2.1860930465232618 0.005363318872320473
-2.181090545272636 0.005478326928231834
-2.176088044022011 0.005595529167387911
-2.1710855427713858 0.005714961016512634
-2.16608304152076 0.005836658330780227
-2.161080540270135 0.005960657395914864
-2.15607803901951 0.006086994930229459
-2.151075537768884 0.006215708086601447
-2.146073036518259 0.00634683445438379
-2.141070535267634 0.006480412061249346
-2.1360680340170086 0.0066164793749664275
-2.131065532766383 0.006755075305103766
-2.126063031515758 0.006896239204662747
-2.1210605302651326 0.00704001087163514
-2.116058029014507 0.007186430550483985
-2.111055527763882 0.007335538933545816
-2.1060530265132567 0.007487377162352168
-2.1010505252626315 0.0076419868288681485
-2.096048024012006 0.0077994099766461695
-2.0910455227613807 0.007959689101892528
-2.0860430215107555 0.008122867154445023
-2.08104052026013 0.00828898753865917
-2.0760380190095047 0.008458094114201056
-2.0710355177588795 0.008630231196744706
-2.066033016508254 0.00880544355857169
-2.0610305152576287 0.008983776429070806
-2.0560280140070035 0.009165275495135837
-2.0510255127563783 0.009349986901458999
-2.0460230115057527 0.009537957250717892
-2.0410205102551275 0.00972923360365389
-2.0360180090045024 0.009923863479039629
-2.0310155077538767 0.010121894853533472
-2.0260130065032516 0.010323376161418525
-2.0210105052526264 0.01052835629422433
-2.0160080040020008 0.010736884600228645
-2.0110055027513756 0.010949010883837217
-2.0060030015007504 0.011164785404839415
-2.001000500250125 0.011384258877537306
-1.9959979989994996 0.011607482469745986
-1.9909954977488744 0.011834507801662949
-1.985992996498249 0.012065386944604378
-1.9809904952476238 0.012300172419605713
-1.9759879939969984 0.012538917195884833
-1.970985492746373 0.012781674689165098
-1.9659829914957478 0.0130284987598563
-1.9609804902451224 0.013279443711091346
-1.9559779889944973 0.013534564286616122
-1.9509754877438719 0.013793915668530872
-1.9459729864932465 0.014057553474880203
-1.9409704852426213 0.014325533757090224
-1.9359679839919959 0.014597912997250174
-1.9309654827413707 0.014874748105236417
-1.9259629814907453 0.015156096415676949
-1.9209604802401201 0.01544201568475383
-1.9159579789894947 0.015732564086841913
-1.9109554777388693 0.016027800210981165
-1.9059529764882441 0.016327783057181085
-1.9009504752376187 0.016632572032554797
-1.8959479739869936 0.016942226947280682
-1.8909454727363681 0.017256808010389982
-1.8859429714857427 0.01757637582537765
-1.8809404702351176 0.017900991385635147
-1.8759379689844922 0.01823071606970283
-1.870935467733867 0.01856561163633999
-1.8659329664832416 0.018905740219410914
-1.8609304652326162 0.019251164322584623
-1.855927963981991 0.019601946813846933
-1.8509254627313656 0.01995815091982257
-1.8459229614807404 0.02031984021990594
-1.840920460230115 0.02068707864019837
-1.8359179589794896 0.021059930447250453
-1.8309154577288644 0.021438460241607664
-1.825912956478239 0.021822732951157522
-1.8209104552276139 0.022212813824276784
-1.8159079539769885 0.022608768422777106
-1.810905452726363 0.02301066261464742
-1.8059029514757379 0.023418562566591895
-1.8009004502251125 0.023832534736361786
-1.7958979489744873 0.024252645864879595
-1.7908954477238619 0.024678962968154777
-1.7858929464732365 0.025111553328988928
-1.7808904452226113 0.025550484488469725
-1.775887943971986 0.025995824237252413
-1.7708854427213607 0.026447640606627104
-1.7658829414707353 0.0269060018593715
-1.76088044022011 0.027370976480387648
-1.7558779389694847 0.027842633167121426
-1.7508754377188593 0.028321040819764658
-1.7458729364682342 0.02880626853123794
-1.7408704352176088 0.029298385576954213
-1.7358679339669834 0.029797461404361774
-1.7308654327163582 0.030303565622266323
-1.7258629314657328 0.030816767989931434
-1.7208604302151076 0.031337138405956325
-1.7158579289644822 0.03186474689693139
-1.7108554277138568 0.03239966360587014
-1.7058529264632316 0.03294195878041781
-1.7008504252126062 0.033491702760835795
-1.695847923961981 0.034048965967762475
-1.6908454227113556 0.034613818889749216
-1.6858429214607302 0.035186332070572396
-1.680840420210105 0.03576657609632109
-1.6758379189594796 0.03635462158226049
-1.6708354177088545 0.03695053915947085
-1.665832916458229 0.03755439946126341
-1.6608304152076037 0.03816627310937168
-1.6558279139569785 0.03878623069992056
-1.650825412706353 0.03941434278917215
-1.645822911455728 0.0400506798790496
-1.6408204102051025 0.04069531240243982
-1.635817908954477 0.04134831070827467
-1.630815407703852 0.04200974504639318
-1.6258129064532265 0.04267968555218426
-1.6208104052026013 0.043358202231011125
-1.615807903951976 0.04404536494241956
-1.6108054027013505 0.04474124338412986
-1.6058029014507254 0.0454459070758145
-1.6008004002001 0.04615942534266287
-1.5957978989494748 0.04688186729873393
-1.5907953976988494 0.04761330183009955
-1.585792896448224 0.04835379757777869
-1.5807903951975988 0.0491034229204655
-1.5757878939469734 0.04986224595705213
-1.5707853926963482 0.05063033448894926
-1.5657828914457228 0.051407756002205346
-1.5607803901950974 0.05219457764942734
-1.5557778889444722 0.05299086623150526
-1.5507753876938468 0.05379668817914263
-1.5457728864432216 0.054612109534194896
-1.5407703851925962 0.0554371959308196
-1.5357678839419708 0.056272012576439656
-1.5307653826913457 0.057116624232523054
-1.5257628814407203 0.05797109519518226
-1.520760380190095 0.05883548927559531
-1.5157578789394697 0.05970986978025297
-1.5107553776888443 0.060594299491033655
-1.505752876438219 0.06148884064511079
-1.5007503751875937 0.06239355491469517
-1.4957478739369685 0.0633085033866161
-1.490745372686343 0.06423374654174485
-1.485742871435718 0.06516934423426456
-1.4807403701850925 0.06611535567078947
-1.4757378689344671 0.06707183938933858
-1.470735367683842 0.06803885323816694
-1.4657328664332165 0.0690164543544593
-1.4607303651825914 0.07000469914288948
-1.455727863931966 0.07100364325405124
-1.4507253626813406 0.07201334156276398
-1.4457228614307154 0.07303384814625806
-1.44072036018009 0.07406521626224456
-1.4357178589294648 0.07510749832687504
-1.4307153576788394 0.07616074589259435
-1.425712856428214 0.07722500962589354
-1.4207103551775888 0.07830033928496655
-1.4157078539269634 0.07938678369727664
-1.4107053526763382 0.08048439073703736
-1.4057028514257128 0.08159320730261461
-1.4007003501750874 0.08271327929385294
-1.3956978489244622 0.0838446515893351
-1.3906953476738368 0.08498736802357738
-1.3856928464232117 0.08614147136416855
-1.3806903451725863 0.08730700328885772
-1.3756878439219609 0.08848400436259685
-1.3706853426713357 0.08967251401454435
-1.3656828414207103 0.09087257051503679
-1.360680340170085 0.09208421095253304
-1.3556778389194597 0.09330747121053908
-1.3506753376688343 0.09454238594451947
-1.3456728364182091 0.0957889885588017
-1.3406703351675837 0.09704731118348058
-1.3356678339169585 0.09831738465132865
-1.3306653326663331 0.0995992384747217
-1.3256628314157077 0.10089290082258194
-1.3206603301650826 0.10219839849735132
-1.3156578289144572 0.10351575691199863
-1.310655327663832 0.10484500006706704
-1.3056528264132066 0.10618615052777257
-1.3006503251625812 0.1075392294011582
-1.295647823911956 0.10890425631331117
-1.2906453226613306 0.11028124938665286
-1.2856428214107054 0.11167022521730648
-1.28064032016008 0.11307119885255264
-1.2756378189094546 0.11448418376837705
-1.2706353176588294 0.11590919184712249
-1.265632816408204 0.11734623335524996
-1.2606303151575788 0.11879531692121642
-1.2556278139069534 0.12025644951348025
-1.250625312656328 0.12172963641863871
-1.2456228114057029 0.12321488121970829
-1.2406203101550775 0.12471218577455506
-1.2356178089044523 0.1262215501944817
-1.2306153076538269 0.12774297282298328
-1.2256128064032015 0.1292764502146747
-1.2206103051525763 0.1308219771144037
-1.215607803901951 0.13237954643655347
-1.2106053026513257 0.13394914924454493
-1.2056028014007003 0.1355307747305477
-1.200600300150075 0.13712441019540658
-1.1955977988994497 0.13873004102879402
-1.1905952976488243 0.14034765068959426
-1.1855927963981991 0.1419772206865309
-1.1805902951475737 0.14361873055904406
-1.1755877938969483 0.1452721578584263
-1.1705852926463232 0.14693747812922558
-1.1655827913956978 0.14861466489092637
-1.1605802901450726 0.15030368961991142
-1.1555777888944472 0.1520045217317205
-1.1505752876438218 0.153717128563608
-1.1455727863931966 0.1554414753574113
-1.1405702851425712 0.15717752524273965
-1.135567783891946 0.15892523922048724
-1.1305652826413206 0.16068457614668422
-1.1255627813906952 0.16245549271669035
-1.12056028014007 0.16423794344974352
-1.1155577788894446 0.1660318806738663
-1.1105552776388194 0.16783725451114465
-1.105552776388194 0.1696540128633829
-1.1005502751375686 0.17148210139814546
-1.0955477738869435 0.17332146353519348
-1.090545272636318 0.1751720404333229
-1.0855427713856929 0.1770337709776149
-1.0805402701350675 0.17890659176710444
-1.075537768884442 0.1807904371028764
-1.070535267633817 0.18268523897659675
-1.0655327663831915 0.18459092705948715
-1.0605302651325663 0.18650742869174988
-1.055527763881941 0.18843466887245258
-1.0505252626313157 0.19037257024987878
-1.0455227613806903 0.19232105311235367
-1.040520260130065 0.19428003537955052
-1.0355177588794398 0.19624943259428804
-1.0305152576288144 0.19822915791482332
-1.0255127563781892 0.20021912210764814
-1.0205102551275638 0.2022192335408007
-1.0155077538769384 0.20422939817768962
-1.0105052526263132 0.2062495195714486
-1.0055027513756878 0.20827949885982164
-1.0005002501250626 0.21031923476058612
-0.9954977488744372 0.21236862356752478
-0.9904952476238119 0.21442755914694678
-0.9854927463731865 0.2164959329347696
-0.9804902451225612 0.21857363393416607
-0.9754877438719359 0.22066054871378202
-0.9704852426213106 0.22275656140653105
-0.9654827413706853 0.224861553708974
-0.9604802401200601 0.2269754048812848
-0.9554777388694347 0.22909799174781453
-0.9504752376188094 0.23122918869825196
-0.9454727363681841 0.23336886768939147
-0.9404702351175588 0.23551689824751101
-0.9354677338669335 0.2376731474713655
-0.9304652326163081 0.23983748003580022
-0.9254627313656828 0.24200975819598944
-0.9204602301150575 0.24418984179230524
-0.9154577288644322 0.2463775882558177
-0.9104552276138069 0.24857285261443585
-0.9054527263631815 0.25077548749968853
-0.9004502251125562 0.252985343154151
-0.8954477238619309 0.2552022674395214
-0.8904452226113057 0.25742610584534925
-0.8854427213606804 0.2596567014984204
-0.880440220110055 0.2618938951727983
-0.8754377188594297 0.26413752530053036
-0.8704352176088044 0.26638742798301557
-0.8654327163581791 0.2686434370030399
-0.8604302151075538 0.2709053838374806
-0.8554277138569284 0.27317309767067965
-0.8504252126063031 0.27544640540849125
-0.8454227113556778 0.277725131693003
-0.8404202101050525 0.2800090989179315
-0.8354177088544272 0.28229812724469516
-0.8304152076038018 0.28459203461916416
-0.8254127063531765 0.28689063678908816
-0.8204102051025512 0.2891937473222031
-0.815407703851926 0.29150117762501454
-0.8104052026013007 0.2938127369622632
-0.8054027013506753 0.29612823247706527
-0.80040020010005 0.298447469211733
-0.7953976988494247 0.30077025012927083
-0.7903951975987994 0.30309637613554824
-0.7853926963481741 0.30542564610214906
-0.7803901950975487 0.3077578568898918
-0.7753876938469234 0.3100928033730229
-0.7703851925962981 0.3124302784640815
-0.7653826913456728 0.3147700731394289
-0.7603801900950475 0.31711197646544637
-0.7553776888444221 0.3194557756253936
-0.7503751875937968 0.3218012559469283
-0.7453726863431716 0.32414820093028246
-0.7403701850925463 0.3264963922770905
-0.735367683841921 0.3288456099198682
-0.7303651825912957 0.33119563205213715
-0.7253626813406703 0.3335462351591921
-0.720360180090045 0.3358971940495031
-0.7153576788394197 0.33824828188675093
-0.7103551775887944 0.34059927022249287
-0.7053526763381691 0.3429499290294469
-0.7003501750875437 0.3453000267353959
-0.6953476738369184 0.3476493302577034
-0.6903451725862931 0.3499976050384334
-0.6853426713356678 0.3523446150800704
-0.6803401700850426 0.35469012298183394
-0.6753376688344171 0.3570338899765773
-0.6703351675837919 0.35937567596826875
-0.6653326663331666 0.3617152395700417
-0.6603301650825413 0.3640523381428154
-0.655327663831916 0.3663867278344663
-0.6503251625812906 0.3687181636195566
-0.6453226613306653 0.37104639933959843
-0.64032016008004 0.37337118774385564
-0.6353176588294147 0.375692280530668
-0.6303151575787894 0.37800942838929324
-0.625312656328164 0.380322381042255
-0.6203101550775387 0.3826308872881884
-0.6153076538269134 0.38493469504517613
-0.6103051525762881 0.3872335513945606
-0.6053026513256629 0.3895272026252276
-0.6003001500750375 0.3918153942783453
-0.5952976488244122 0.39409787119255474
-0.5902951475737869 0.39637437754959737
-0.5852926463231616 0.39864465692036755
-0.5802901450725363 0.4009084523113844
-0.5752876438219109 0.40316550621166586
-0.5702851425712856 0.4054155606399959
-0.5652826413206603 0.40765835719257804
-0.560280140070035 0.4098936370910525
-0.5552776388194097 0.41212114123087573
-0.5502751375687843 0.4143406102300459
-0.545272636318159 0.4165517844781587
-0.5402701350675337 0.41875440418578813
-0.5352676338169085 0.4209482094341739
-0.5302651325662832 0.42313294022520215
-0.5252626313156579 0.4253083365316734
-0.5202601300650325 0.4274741383478352
-0.5152576288144072 0.4296300857401733
-0.5102551275637819 0.43177591889844225
-0.5052526263131566 0.4339113781869294
-0.5002501250625313 0.43603620419592853
-0.49524762381190596 0.43815013779341805
-0.4902451225612806 0.4402529201769219
-0.4852426213106553 0.4423442929255475
-0.48024012006003003 0.4444239980521794
-0.4752376188094047 0.44649177805581475
-0.4702351175587794 0.4485473759740303
-0.46523261630815405 0.45059053543556504
-0.46023011505752875 0.4526210007129961
-0.45522761380690346 0.4546385167755054
-0.4502251125562781 0.4566428293417125
-0.4452226113056528 0.4586336849325637
-0.4402201100550275 0.46061083092425537
-0.4352176088044022 0.46257401560118805
-0.4302151075537769 0.4645229882089243
-0.42521260630315155 0.46645749900713995
-0.42021010505252626 0.468377299322554
-0.4152076038019009 0.470282141601819
-0.4102051025512756 0.4721717794643585
-0.40520260130065033 0.47404596775513713
-0.400200100050025 0.4759044625973398
-0.3951975987993997 0.47774702144495534
-0.39019509754877435 0.47957340313524366
-0.38519259629814906 0.4813833679410652
-0.38019009504752377 0.48317667762306776
-0.3751875937968984 0.4849530954817077
-0.37018509254627313 0.4867123864090877
-0.36518259129564784 0.4884543169406061
-0.3601800900450225 0.4901786553063871
-0.3551775887943972 0.4918851714824883
-0.35017508754377186 0.49357363724186587
-0.34517258629314657 0.4952438262050744
-0.3401700850425213 0.4968955138907036
-0.33516758379189593 0.49852847776551185
-0.33016508254127064 0.5001424972942644
-0.3251625812906453 0.5017373539892441
-0.32016008004002 0.5033128314594286
-0.3151575787893947 0.5048687154593121
-0.31015507753876936 0.5064047939373629
-0.3051525762881441 0.5079208570840938
-0.3001500750375187 0.5094166973797402
-0.29514757378689344 0.5108921096415167
-0.29014507253626814 0.5123468910704524
-0.2851425712856428 0.5137808412977799
-0.2801400700350175 0.515193762430865
-0.27513756878439216 0.516585459098666
-0.27013506753376687 0.5179557384967037
-0.2651325662831416 0.5193044104315292
-0.26013006503251623 0.5206312873646777
-0.25512756378189094 0.5219361844560878
-0.25012506253126565 0.5232189196069803
-0.2451225612806403 0.5244793135021756
-0.24012006003001501 0.5257171896518413
-0.2351175587793897 0.5269323744326497
-0.23011505752876438 0.5281246971283416
-0.22511255627813906 0.5292939899696736
-0.22011005502751374 0.5304400881737394
-0.21510755377688845 0.5315628299826569
-0.21010505252626313 0.5326620567015988
-0.2051025512756378 0.5337376127361634
-0.2001000500250125 0.5347893456290651
-0.19509754877438718 0.5358171060961434
-0.19009504752376188 0.5368207480616644
-0.18509254627313657 0.537800128692915
-0.18009004502251125 0.5387551084340736
-0.17508754377188593 0.539685551039343
-0.17008504252126064 0.5405913236053437
-0.16508254127063532 0.5414722966027442
-0.16008004002001 0.5423283439071312
-0.15507753876938468 0.5431593428290951
-0.15007503751875936 0.5439651741435368
-0.14507253626813407 0.5447457221181715
-0.14007003501750875 0.5455008745412255
-0.13506753376688344 0.5462305227483246
-0.13006503251625812 0.5469345616485479
-0.12506253126563283 0.5476128897496563
-0.12006003001500751 0.5482654091824721
-0.11505752876438219 0.5488920257244166
-0.11005502751375687 0.5494926488221794
-0.10505252626313157 0.5500671916135311
-0.10005002501250625 0.5506155709482585
-0.09504752376188094 0.5511377074082183
-0.09004502251125562 0.5516335253265079
-0.08504252126063032 0.5521029528057394
-0.080040020010005 0.5525459217354174
-0.07503751875937968 0.5529623678084049
-0.07003501750875438 0.5533522305364864
-0.06503251625812906 0.5537154532650094
-0.060030015007503754 0.5540519831866043
-0.055027513756878435 0.554361771353982
-0.05002501250625312 0.5546447726917979
-0.04502251125562781 0.5549009460075831
-0.0400200100050025 0.5551302540017365
-0.03501750875437719 0.5553326632765786
-0.030015007503751877 0.5555081443444555
-0.02501250625312656 0.5556566716348994
-0.02001000500250125 0.5557782235008386
-0.015007503751875938 0.5558727822238579
-0.010005002501250625 0.5559403340184992
-0.0050025012506253125 0.5559808690356136
0.0 0.5559943813647547
0.0050025012506253125 0.5559808690356133
0.010005002501250625 0.5559403340184988
0.015007503751875938 0.5558727822238579
0.02001000500250125 0.5557782235008386
0.02501250625312656 0.5556566716348991
0.030015007503751877 0.5555081443444556
0.03501750875437719 0.555332663276579
0.0400200100050025 0.5551302540017364
0.04502251125562781 0.5549009460075829
0.05002501250625312 0.5546447726917977
0.055027513756878435 0.5543617713539819
0.060030015007503754 0.554051983186604
0.06503251625812906 0.5537154532650096
0.07003501750875438 0.5533522305364866
0.07503751875937968 0.5529623678084047
0.080040020010005 0.5525459217354174
0.08504252126063032 0.5521029528057396
0.09004502251125562 0.5516335253265074
0.09504752376188094 0.5511377074082182
0.10005002501250625 0.5506155709482583
0.10505252626313157 0.5500671916135313
0.11005502751375687 0.5494926488221793
0.11505752876438219 0.5488920257244164
0.12006003001500751 0.5482654091824724
0.12506253126563283 0.5476128897496562
0.13006503251625812 0.5469345616485478
0.13506753376688344 0.5462305227483242
0.14007003501750875 0.5455008745412259
0.14507253626813407 0.5447457221181711
0.15007503751875936 0.5439651741435371
0.15507753876938468 0.5431593428290951
0.16008004002001 0.5423283439071311
0.16508254127063532 0.5414722966027444
0.17008504252126064 0.5405913236053436
0.17508754377188593 0.539685551039343
0.18009004502251125 0.5387551084340736
0.18509254627313657 0.5378001286929153
0.19009504752376188 0.5368207480616645
0.19509754877438718 0.5358171060961435
0.2001000500250125 0.534789345629065
0.2051025512756378 0.5337376127361633
0.21010505252626313 0.5326620567015986
0.21510755377688845 0.5315628299826569
0.22011005502751374 0.5304400881737394
0.22511255627813906 0.5292939899696736
0.23011505752876438 0.5281246971283419
0.2351175587793897 0.52693237443265
0.24012006003001501 0.5257171896518413
0.2451225612806403 0.5244793135021755
0.25012506253126565 0.5232189196069802
0.25512756378189094 0.5219361844560878
0.26013006503251623 0.5206312873646778
0.2651325662831416 0.5193044104315294
0.27013506753376687 0.517955738496704
0.27513756878439216 0.516585459098666
0.2801400700350175 0.5151937624308653
0.2851425712856428 0.51378084129778
0.29014507253626814 0.5123468910704525
0.29514757378689344 0.5108921096415163
0.3001500750375187 0.5094166973797405
0.3051525762881441 0.507920857084094
0.31015507753876936 0.5064047939373627
0.3151575787893947 0.5048687154593122
0.32016008004002 0.5033128314594286
0.3251625812906453 0.5017373539892444
0.33016508254127064 0.5001424972942645
0.33516758379189593 0.4985284777655121
0.3401700850425213 0.4968955138907034
0.34517258629314657 0.4952438262050744
0.35017508754377186 0.4935736372418657
0.3551775887943972 0.49188517148248845
0.3601800900450225 0.4901786553063871
0.36518259129564784 0.4884543169406059
0.37018509254627313 0.4867123864090877
0.3751875937968984 0.4849530954817079
0.38019009504752377 0.483176677623068
0.38519259629814906 0.4813833679410653
0.39019509754877435 0.47957340313524355
0.3951975987993997 0.47774702144495534
0.400200100050025 0.4759044625973395
0.40520260130065033 0.47404596775513724
0.4102051025512756 0.4721717794643587
0.4152076038019009 0.470282141601819
0.42021010505252626 0.46837729932255406
0.42521260630315155 0.4664574990071399
0.4302151075537769 0.4645229882089241
0.4352176088044022 0.46257401560118805
0.4402201100550275 0.4606108309242551
0.4452226113056528 0.45863368493256357
0.4502251125562781 0.4566428293417129
0.45522761380690346 0.45463851677550543
0.46023011505752875 0.4526210007129959
0.46523261630815405 0.45059053543556515
0.4702351175587794 0.44854737597403016
0.4752376188094047 0.44649177805581464
0.48024012006003003 0.44442399805217914
0.4852426213106553 0.44234429292554767
0.4902451225612806 0.4402529201769217
0.49524762381190596 0.4381501377934179
0.5002501250625313 0.4360362041959287
0.5052526263131566 0.4339113781869295
0.5102551275637819 0.4317759188984421
0.5152576288144072 0.429630085740173
0.5202601300650325 0.42747413834783526
0.5252626313156579 0.42530833653167327
0.5302651325662832 0.42313294022520215
0.5352676338169085 0.42094820943417366
0.5402701350675337 0.4187544041857883
0.545272636318159 0.41655178447815877
0.5502751375687843 0.41434061023004587
0.5552776388194097 0.41212114123087584
0.560280140070035 0.40989363709105253
0.5652826413206603 0.40765835719257804
0.5702851425712856 0.4054155606399959
0.5752876438219109 0.40316550621166586
0.5802901450725363 0.4009084523113845
0.5852926463231616 0.39864465692036766
0.5902951475737869 0.3963743775495973
0.5952976488244122 0.39409787119255474
0.6003001500750375 0.39181539427834516
0.6053026513256629 0.38952720262522783
0.6103051525762881 0.3872335513945609
0.6153076538269134 0.3849346950451757
0.6203101550775387 0.3826308872881881
0.625312656328164 0.380322381042255
0.6303151575787894 0.37800942838929324
0.6353176588294147 0.3756922805306679
0.64032016008004 0.3733711877438555
0.6453226613306653 0.3710463993395983
0.6503251625812906 0.36871816361955684
0.655327663831916 0.36638672783446635
0.6603301650825413 0.36405233814281546
0.6653326663331666 0.361715239570042
0.6703351675837919 0.3593756759682686
0.6753376688344171 0.3570338899765774
0.6803401700850426 0.35469012298183406
0.6853426713356678 0.3523446150800705
0.6903451725862931 0.34999760503843363
0.6953476738369184 0.34764933025770367
0.7003501750875437 0.345300026735396
0.7053526763381691 0.3429499290294467
0.7103551775887944 0.340599270222493
0.7153576788394197 0.33824828188675105
0.720360180090045 0.3358971940495031
0.7253626813406703 0.3335462351591923
0.7303651825912957 0.33119563205213726
0.735367683841921 0.32884560991986783
0.7403701850925463 0.3264963922770906
0.7453726863431716 0.32414820093028274
0.7503751875937968 0.3218012559469286
0.7553776888444221 0.31945577562539335
0.7603801900950475 0.3171119764654463
0.7653826913456728 0.314770073139429
0.7703851925962981 0.31243027846408167
0.7753876938469234 0.31009280337302303
0.7803901950975487 0.30775785688989177
0.7853926963481741 0.305425646102149
0.7903951975987994 0.30309637613554824
0.7953976988494247 0.3007702501292707
0.80040020010005 0.29844746921173293
0.8054027013506753 0.2961282324770654
0.8104052026013007 0.2938127369622632
0.815407703851926 0.2915011776250144
0.8204102051025512 0.28919374732220293
0.8254127063531765 0.2868906367890883
0.8304152076038018 0.2845920346191643
0.8354177088544272 0.2822981272446951
0.8404202101050525 0.2800090989179314
0.8454227113556778 0.2777251316930031
0.8504252126063031 0.2754464054084913
0.8554277138569284 0.2731730976706797
0.8604302151075538 0.27090538383748053
0.8654327163581791 0.26864343700304
0.8704352176088044 0.2663874279830155
0.8754377188594297 0.26413752530053025
0.880440220110055 0.26189389517279826
0.8854427213606804 0.2596567014984203
0.8904452226113057 0.25742610584534936
0.8954477238619309 0.25520226743952135
0.9004502251125562 0.25298534315415105
0.9054527263631815 0.2507754874996886
0.9104552276138069 0.24857285261443596
0.9154577288644322 0.2463775882558177
0.9204602301150575 0.24418984179230507
0.9254627313656828 0.24200975819598944
0.9304652326163081 0.23983748003580013
0.9354677338669335 0.23767314747136542
0.9404702351175588 0.235516898247511
0.9454727363681841 0.2333688676893914
0.9504752376188094 0.23122918869825188
0.9554777388694347 0.22909799174781453
0.9604802401200601 0.22697540488128462
0.9654827413706853 0.2248615537089738
0.9704852426213106 0.22275656140653108
0.9754877438719359 0.220660548713782
0.9804902451225612 0.21857363393416626
0.9854927463731865 0.21649593293476949
0.9904952476238119 0.2144275591469468
0.9954977488744372 0.21236862356752484
1.0005002501250626 0.21031923476058612
1.0055027513756878 0.2082794988598214
1.0105052526263132 0.20624951957144855
1.0155077538769384 0.2042293981776896
1.0205102551275638 0.2022192335408008
1.0255127563781892 0.20021912210764825
1.0305152576288144 0.19822915791482315
1.0355177588794398 0.19624943259428818
1.040520260130065 0.1942800353795506
1.0455227613806903 0.19232105311235362
1.0505252626313157 0.19037257024987866
1.055527763881941 0.18843466887245267
1.0605302651325663 0.1865074286917499
1.0655327663831915 0.1845909270594872
1.070535267633817 0.1826852389765968
1.075537768884442 0.1807904371028763
1.0805402701350675 0.17890659176710444
1.0855427713856929 0.17703377097761477
1.090545272636318 0.17517204043332282
1.0955477738869435 0.1733214635351934
1.1005502751375686 0.17148210139814554
1.105552776388194 0.16965401286338286
1.1105552776388194 0.16783725451114467
1.1155577788894446 0.16603188067386634
1.12056028014007 0.16423794344974355
1.1255627813906952 0.16245549271669055
1.1305652826413206 0.16068457614668402
1.135567783891946 0.1589252392204872
1.1405702851425712 0.15717752524273973
1.1455727863931966 0.1554414753574113
1.1505752876438218 0.1537171285636078
1.1555777888944472 0.1520045217317205
1.1605802901450726 0.15030368961991147
1.1655827913956978 0.14861466489092637
1.1705852926463232 0.1469374781292257
1.1755877938969483 0.1452721578584262
1.1805902951475737 0.1436187305590442
1.1855927963981991 0.14197722068653096
1.1905952976488243 0.1403476506895943
1.1955977988994497 0.13873004102879405
1.200600300150075 0.13712441019540658
1.2056028014007003 0.13553077473054764
1.2106053026513257 0.1339491492445449
1.215607803901951 0.13237954643655345
1.2206103051525763 0.13082197711440371
1.2256128064032015 0.12927645021467474
1.2306153076538269 0.12774297282298328
1.2356178089044523 0.1262215501944818
1.2406203101550775 0.12471218577455506
1.2456228114057029 0.12321488121970837
1.250625312656328 0.12172963641863868
1.2556278139069534 0.12025644951348022
1.2606303151575788 0.11879531692121642
1.265632816408204 0.11734623335524999
1.2706353176588294 0.11590919184712249
1.2756378189094546 0.11448418376837705
1.28064032016008 0.11307119885255264
1.2856428214107054 0.11167022521730652
1.2906453226613306 0.11028124938665286
1.295647823911956 0.1089042563133112
1.3006503251625812 0.10753922940115829
1.3056528264132066 0.10618615052777267
1.310655327663832 0.10484500006706696
1.3156578289144572 0.10351575691199863
1.3206603301650826 0.10219839849735135
1.3256628314157077 0.10089290082258183
1.3306653326663331 0.09959923847472166
1.3356678339169585 0.09831738465132875
1.3406703351675837 0.09704731118348052
1.3456728364182091 0.09578898855880165
1.3506753376688343 0.09454238594451944
1.3556778389194597 0.09330747121053909
1.360680340170085 0.092084210952533
1.3656828414207103 0.09087257051503685
1.3706853426713357 0.08967251401454436
1.3756878439219609 0.08848400436259679
1.3806903451725863 0.08730700328885772
1.3856928464232117 0.08614147136416855
1.3906953476738368 0.0849873680235774
1.3956978489244622 0.08384465158933507
1.4007003501750874 0.08271327929385298
1.4057028514257128 0.08159320730261457
1.4107053526763382 0.08048439073703739
1.4157078539269634 0.0793867836972766
1.4207103551775888 0.07830033928496655
1.425712856428214 0.07722500962589354
1.4307153576788394 0.0761607458925944
1.4357178589294648 0.07510749832687504
1.44072036018009 0.07406521626224458
1.4457228614307154 0.07303384814625805
1.4507253626813406 0.07201334156276404
1.455727863931966 0.07100364325405127
1.4607303651825914 0.07000469914288948
1.4657328664332165 0.06901645435445927
1.470735367683842 0.06803885323816694
1.4757378689344671 0.06707183938933857
1.4807403701850925 0.06611535567078945
1.485742871435718 0.06516934423426453
1.490745372686343 0.06423374654174488
1.4957478739369685 0.06330850338661605
1.5007503751875937 0.06239355491469517
1.505752876438219 0.061488840645110836
1.5107553776888443 0.0605942994910337
1.5157578789394697 0.05970986978025301
1.520760380190095 0.058835489275595294
1.5257628814407203 0.057971095195182246
1.5307653826913457 0.057116624232523026
1.5357678839419708 0.05627201257643966
1.5407703851925962 0.0554371959308196
1.5457728864432216 0.05461210953419489
1.5507753876938468 0.053796688179142606
1.5557778889444722 0.052990866231505264
1.5607803901950974 0.0521945776494273
1.5657828914457228 0.05140775600220529
1.5707853926963482 0.05063033448894924
1.5757878939469734 0.04986224595705211
1.5807903951975988 0.04910342292046545
1.585792896448224 0.04835379757777869
1.5907953976988494 0.04761330183009951
1.5957978989494748 0.0468818672987339
1.6008004002001 0.04615942534266287
1.6058029014507254 0.04544590707581453
1.6108054027013505 0.04474124338412989
1.615807903951976 0.04404536494241956
1.6208104052026013 0.04335820223101112
1.6258129064532265 0.04267968555218425
1.630815407703852 0.042009745046393224
1.635817908954477 0.04134831070827464
1.6408204102051025 0.04069531240243982
1.645822911455728 0.04005067987904962
1.650825412706353 0.03941434278917213
1.6558279139569785 0.038786230699920536
1.6608304152076037 0.03816627310937173
1.665832916458229 0.03755439946126341
1.6708354177088545 0.036950539159470865
1.6758379189594796 0.03635462158226049
1.680840420210105 0.035766576096321084
1.6858429214607302 0.035186332070572396
1.6908454227113556 0.034613818889749196
1.695847923961981 0.03404896596776246
1.7008504252126062 0.0334917027608358
1.7058529264632316 0.03294195878041778
1.7108554277138568 0.03239966360587013
1.7158579289644822 0.03186474689693137
1.7208604302151076 0.03133713840595633
1.7258629314657328 0.03081676798993144
1.7308654327163582 0.030303565622266368
1.7358679339669834 0.029797461404361774
1.7408704352176088 0.029298385576954213
1.7458729364682342 0.028806268531237945
1.7508754377188593 0.028321040819764665
1.7558779389694847 0.027842633167121426
1.76088044022011 0.027370976480387648
1.7658829414707353 0.026906001859371507
1.7708854427213607 0.02644764060662708
1.775887943971986 0.025995824237252413
1.7808904452226113 0.025550484488469735
1.7858929464732365 0.025111553328988928
1.7908954477238619 0.024678962968154784
1.7958979489744873 0.024252645864879605
1.8009004502251125 0.023832534736361793
1.8059029514757379 0.023418562566591895
1.810905452726363 0.023010662614647417
1.8159079539769885 0.022608768422777092
1.8209104552276139 0.02221281382427678
1.825912956478239 0.02182273295115753
1.8309154577288644 0.021438460241607667
1.8359179589794896 0.021059930447250463
1.840920460230115 0.02068707864019837
1.8459229614807404 0.02031984021990594
1.8509254627313656 0.019958150919822584
1.855927963981991 0.01960194681384691
1.8609304652326162 0.01925116432258462
1.8659329664832416 0.018905740219410903
1.870935467733867 0.018565611636339994
1.8759379689844922 0.018230716069702817
1.8809404702351176 0.017900991385635143
1.8859429714857427 0.017576375825377653
1.8909454727363681 0.01725680801038999
1.8959479739869936 0.01694222694728069
1.9009504752376187 0.0166325720325548
1.9059529764882441 0.016327783057181088
1.9109554777388693 0.016027800210981158
1.9159579789894947 0.015732564086841927
1.9209604802401201 0.015442015684753846
1.9259629814907453 0.015156096415676949
1.9309654827413707 0.014874748105236413
1.9359679839919959 0.01459791299725017
1.9409704852426213 0.014325533757090217
1.9459729864932465 0.014057553474880205
1.9509754877438719 0.013793915668530865
1.9559779889944973 0.013534564286616133
1.9609804902451224 0.013279443711091337
1.9659829914957478 0.013028498759856306
1.970985492746373 0.012781674689165093
1.9759879939969984 0.012538917195884836
1.9809904952476238 0.012300172419605713
1.985992996498249 0.012065386944604378
1.9909954977488744 0.011834507801662954
1.9959979989994996 0.011607482469745986
2.001000500250125 0.0113842588775373
2.0060030015007504 0.011164785404839417
2.0110055027513756 0.01094901088383722
2.0160080040020008 0.010736884600228648
2.0210105052526264 0.010528356294224323
2.0260130065032516 0.010323376161418527
2.0310155077538767 0.010121894853533476
2.0360180090045024 0.009923863479039629
2.0410205102551275 0.009729233603653882
2.0460230115057527 0.009537957250717896
2.0510255127563783 0.00934998690145899
2.0560280140070035 0.009165275495135834
2.0610305152576287 0.008983776429070797
2.066033016508254 0.008805443558571692
2.0710355177588795 0.008630231196744704
2.0760380190095047 0.008458094114201054
2.08104052026013 0.008288987538659172
2.0860430215107555 0.008122867154445022
2.0910455227613807 0.007959689101892528
2.096048024012006 0.007799409976646166
2.1010505252626315 0.007641986828868149
2.1060530265132567 0.007487377162352165
2.111055527763882 0.007335538933545814
2.116058029014507 0.00718643055048399
2.1210605302651326 0.007040010871635137
2.126063031515758 0.006896239204662748
2.131065532766383 0.006755075305103766
2.1360680340170086 0.006616479374966433
2.141070535267634 0.00648041206124935
2.146073036518259 0.006346834454383789
2.151075537768884 0.006215708086601443
2.15607803901951 0.0060869949302294595
2.161080540270135 0.005960657395914865
2.16608304152076 0.005836658330780229
2.1710855427713858 0.005714961016512635
2.176088044022011 0.005595529167387913
2.181090545272636 0.005478326928231835
2.1860930465232618 0.005363318872320475
2.191095547773887 0.005250469999221434
2.196098049024512 0.005139745732577743
2.2011005502751373 0.0050311119178364765
2.206103051525763 0.004924534819923728
2.211105552776388 0.0048199811208678245
2.2161080540270133 0.004717417917372526
2.221110555277639 0.004616812718342
2.226113056528264 0.00451813344235935
2.2311155577788893 0.004421348415120202
2.236118059029515 0.004326426366823401
2.24112056028014 0.004233336429520182
2.2461230615307652 0.004142048134423558
2.2511255627813904 0.004052531409179669
2.256128064032016 0.003964756575102512
2.2611305652826412 0.003878694344373816
2.2661330665332664 0.0037943158172094554
2.271135567783892 0.0037115924789940863
2.276138069034517 0.003630496197385473
2.2811405702851424 0.003550999219389926
2.286143071535768 0.0034730741684104436
2.291145572786393 0.0033966940412689544
2.2961480740370184 0.0033218322052040276
2.3011505752876436 0.0032484623948455674
2.306153076538269 0.003176558709167787
2.3111555777888944 0.0031060956084218634
2.3161580790395195 0.0030370479110495368
2.321160580290145 0.002969390790579089
2.3261630815407703 0.002903099772504896
2.3311655827913955 0.002838150731151772
2.336168084042021 0.0027745198865255266
2.3411705852926463 0.002712183801150763
2.3461730865432715 0.002651119376897205
2.3511755877938967 0.002591303851795734
2.3561780890445223 0.002532714796845235
2.3611805902951475 0.0024753301128114438
2.3661830915457727 0.0024191280270188156
2.3711855927963983 0.002364087090136578
2.3761880940470235 0.0023101861729599837
2.3811905952976486 0.0022574044631878095
2.3861930965482743 0.0022057214621971116
2.3911955977988995 0.0021551169818162467
2.3961980990495246 0.002105571141097088
2.40120060030015 0.002057064363087453
2.4062031015507754 0.0020095773716045885
2.4112056028014006 0.001963091188010694
2.416208104052026 0.001917587127991302
2.4212106053026514 0.0018730467983374092
2.4262131065532766 0.001829452093732235
2.431215607803902 0.0017867851935433293
2.4362181090545274 0.0017450285586209262
2.4412206103051526 0.0017041649281032821
2.4462231115557778 0.0016641773162297385
2.451225612806403 0.0016250490091622842
2.4562281140570286 0.0015867635618162968
2.4612306153076537 0.0015493047947012185
2.466233116558279 0.0015126567907717472
2.4712356178089045 0.001476803892290307
2.4762381190595297 0.001441730697701387
2.481240620310155 0.0014074220585183297
2.4862431215607805 0.0013738630762232633
2.4912456228114057 0.0013410390991806834
2.496248124062031 0.0013089357195652594
2.501250625312656 0.0012775387703044582
2.5062531265632817 0.0012468343220364503
2.511255627813907 0.0012168086800838636
2.516258129064532 0.0011874483814438177
2.5212606303151577 0.0011587401917947727
2.526263131565783 0.001130671102520635
2.531265632816408 0.0011032283277525132
2.5362681340670337 0.001076399301428617
2.541270635317659 0.0010501716743726807
2.546273136568284 0.0010245333113912708
2.551275637818909 0.0009994722883904135
2.556278139069535 0.0009749768895118506
2.56128064032016 0.0009510356042893157
2.566283141570785 0.0009276371248251019
2.571285642821411 0.0009047703429872923
2.576288144072036 0.0008824243476279414
2.581290645322661 0.0008605884218224497
2.5862931465732864 0.0008392520401304672
2.591295647823912 0.0008184048658785371
2.596298149074537 0.0007980367484647574
2.6013006503251623 0.0007781377206856466
2.606303151575788 0.0007586979960854855
2.611305652826413 0.0007397079663283038
2.6163081540770383 0.0007211581985927025
2.621310655327664 0.0007030394329897149
2.626313156578289 0.0006853425800038627
2.6313156578289143 0.0006680587179575382
2.6363181590795395 0.0006511790904989055
2.641320660330165 0.0006346951041134048
2.6463231615807903 0.0006185983256590122
2.6513256628314155 0.0006028804799253486
2.656328164082041 0.0005875334472167367
2.6613306653326663 0.0005725492609593185
2.6663331665832914 0.0005579201053322631
2.671335667833917 0.0005436383129231842
2.6763381690845423 0.0005296963624078007
2.6813406703351674 0.0005160868762538779
2.6863431715857926 0.0005028026184495156
2.6913456728364182 0.0004898364922557913
2.6963481740870434 0.0004771815379837964
2.7013506753376686 0.0004648309307960548
2.706353176588294 0.00045277797853235217
2.7113556778389194 0.00044101611955996097
2.7163581790895446 0.00042953892064823926
2.72136068034017 0.00041834007486760025
2.7263631815907954 0.0004074133995128166
2.7313656828414206 0.00039675283405061503
2.7363681840920457 0.0003863524380915337
2.7413706853426714 0.00037620638938598447
2.7463731865932965 0.0003663089818444668
2.7513756878439217 0.00035665462358185773
2.7563781890945473 0.00034723783498573054
2.7613806903451725 0.00033805324680861055
2.7663831915957977 0.0003290955982840811
2.7713856928464233 0.0003203597352666711
2.7763881940970485 0.0003118406083954171
2.7813906953476737 0.0003035332712809954
2.786393196598299 0.00029543287871634105
2.7913956978489245 0.0002875346849106198
2.7963981990995497 0.00027983404174646107
2.801400700350175 0.00027232639706031126
2.8064032016008005 0.0002650072929458021
2.8114057028514257 0.00025787236407999947
2.816408204102051 0.0002509173360723925
2.8214107053526765 0.0002441380238364993
2.8264132066033016 0.00023753032998394456
2.831415707853927 0.00023109024324085716
2.836418209104552 0.00022481383688645307
2.8414207103551776 0.00021869726721364258
2.846423211605803 0.00021273677201151425
2.851425712856428 0.00020692866906952986
2.8564282141070536 0.00020126935470327794
2.861430715357679 0.00019575530230162138
2.866433216608304 0.00019038306089506378
2.8714357178589296 0.00018514925374517994
2.8764382191095548 0.00018005057695492908
2.88144072036018 0.00017508379809967915
2.886443221610805 0.00017024575487877054
2.8914457228614308 0.00016553335378743648
2.896448224112056 0.0001609435688089053
2.901450725362681 0.00015647344012649674
2.9064532266133067 0.00015212007285553606
2.911455727863932 0.00014788063579489777
2.916458229114557 0.0001437523601979905
2.9214607303651827 0.00013973253856300056
2.926463231615808 0.0001358185234422035
2.931465732866433 0.00013200772627014904
2.9364682341170583 0.00012829761621053709
2.941470735367684 0.0001246857190215857
2.946473236618309 0.00012116961593970301
2.9514757378689342 0.00011774694258126477
2.95647823911956 0.00011441538786230864
2.961480740370185 0.00011117269293594967
2.9664832416208102 0.00010801665014731575
2.971485742871436 0.00010494510200581816
2.976488244122061 0.00010195594017455249
2.981490745372686 9.90471044766379e-05
2.9864932466233114 9.621658191829895e-05
2.991495747873937 9.346240572849307e-05
2.996498249124562 9.078265441488864e-05
3.0015007503751874 8.817545083599442e-05
3.006503251625813 8.563896128925055e-05
3.011505752876438 8.317139461488101e-05
3.0165082541270634 8.077100131531264e-05
3.0215107553776885 7.84360726899692e-05
3.026513256628314 7.616493998524277e-05
3.0315157578789393 7.395597355945134e-05
3.0365182591295645 7.180758206258613e-05
3.04152076038019 6.971821163066015e-05
3.0465232616308153 6.768634509446378e-05
3.0515257628814405 6.571050120253479e-05
3.056528264132066 6.378923385815637e-05
3.0615307653826913 6.192113137019057e-05
3.0665332666333165 6.010481571755915e-05
3.0715357678839417 5.8338941827184706e-05
3.0765382691345673 5.662219686520536e-05
3.0815407703851925 5.495329954127738e-05
3.0865432716358177 5.3330999425779595e-05
3.0915457728864433 5.175407627973816e-05
3.0965482741370685 5.0221339397289264e-05
3.1015507753876936 4.8731626960495833e-05
3.1065532766383193 4.728380540634177e-05
3.1115557778889444 4.587676880572328e-05
3.1165582791395696 4.4509438254258686e-05
3.121560780390195 4.318076127474358e-05
3.1265632816408204 4.1889711231073336e-05
3.1315657828914456 4.063528675346211e-05
3.136568284142071 3.9416511174784044e-05
3.1415707853926964 3.823243197786754e-05
3.1465732866433216 3.7082120253573465e-05
3.1515757878939468 3.596467016948776e-05
3.1565782891445724 3.487919844906413e-05
3.1615807903951976 3.3824843861051884e-05
3.1665832916458228 3.2800766719043375e-05
3.171585792896448 3.180614839098262e-05
3.1765882941470736 3.084019081847214e-05
3.1815907953976987 2.990211604572155e-05
3.186593296648324 2.8991165757978507e-05
3.1915957978989495 2.8106600829289063e-05
3.1965982991495747 2.7247700879431846e-05
3.2016008004002 2.641376383987401e-05
3.2066033016508255 2.5604105528599244e-05
3.2116058029014507 2.4818059233658016e-05
3.216608304152076 2.405497530529246e-05
3.221610805402701 2.3314220756491294e-05
3.2266133066533267 2.2595178871829447e-05
3.231615807903952 2.1897248824450933e-05
3.236618309154577 2.1219845301053246e-05
3.2416208104052027 2.0562398134735206e-05
3.246623311655828 1.9924351945570083e-05
3.251625812906453 1.9305165788768102e-05
3.2566283141570787 1.8704312810294946e-05
3.261630815407704 1.812127990981314e-05
3.266633316658329 1.755556741081547e-05
3.271635817908954 1.700668873782168e-05
3.27663831915958 1.647417010051089e-05
3.281640820410205 1.59575501846636e-05
3.28664332166083 1.5456379849789107e-05
3.291645822911456 1.4970221833316259e-05
3.296648324162081 1.4498650461226264e-05
3.301650825412706 1.4041251365008037e-05
3.306653326663332 1.3597621204819112e-05
3.311655827913957 1.3167367398735803e-05
3.316658329164582 1.275010785797769e-05
3.3216608304152073 1.234547072799474e-05
3.326663331665833 1.195309413530491e-05
3.331665832916458 1.157262593997327e-05
3.3366683341670833 1.1203723493624099e-05
3.341670835417709 1.0846053402880136e-05
3.346673336668334 1.0499291298123834e-05
3.3516758379189593 1.016312160747704e-05
3.356678339169585 9.837237335898007e-06
3.36168084042021 9.521339849295038e-06
3.3666833416708353 9.21513866355811e-06
3.3716858429214605 8.918351238411584e-06
3.376688344172086 8.630702775992103e-06
3.3816908454227113 8.351926024057699e-06
3.3866933466733364 8.081761083735063e-06
3.391695847923962 7.819955221714223e-06
3.3966983491745872 7.566262686800649e-06
3.4017008504252124 7.320444530736289e-06
3.406703351675838 7.0822684332029365e-06
3.4117058529264632 6.851508530922423e-06
3.4167083541770884 6.627945250769246e-06
3.4217108554277136 6.411365146813394e-06
3.426713356678339 6.201560741211747e-06
3.4317158579289644 5.998330368868344e-06
3.4367183591795896 5.801478025784604e-06
3.441720860430215 5.6108132210226074e-06
3.4467233616808404 5.426150832205374e-06
3.4517258629314655 5.24731096447929e-06
3.4567283641820907 5.0741188128656925e-06
3.4617308654327164 4.906404527929355e-06
3.4667333666833415 4.74400308469315e-06
3.4717358679339667 4.586754154729196e-06
3.4767383691845923 4.434501981358409e-06
3.4817408704352175 4.287095257891272e-06
3.4867433716858427 4.144387008843775e-06
3.4917458729364683 4.006234474064072e-06
3.4967483741870935 3.87249899570626e-06
3.5017508754377187 3.7430459079887447e-06
3.506753376688344 3.6177444296762684e-06
3.5117558779389695 3.496467559225258e-06
3.5167583791895947 3.379091972533721e-06
3.52176088044022 3.265497923237635e-06
3.5267633816908455 3.1555691454972055e-06
3.5317658829414706 3.049192759217254e-06
3.536768384192096 2.9462591776469656e-06
3.5417708854427215 2.846662017305542e-06
3.5467733866933466 2.7502980101811337e-06
3.551775887943972 2.657066918151365e-06
3.556778389194597 2.5668714495750943e-06
3.5617808904452226 2.479617178005636e-06
3.566783391695848 2.395212462976966e-06
3.571785892946473 2.3135683728151165e-06
3.5767883941970986 2.234598609428178e-06
3.5817908954477238 2.1582194350290857e-06
3.586793396698349 2.0843496007461937e-06
3.5917958979489746 2.012910277077835e-06
3.5967983991995998 1.943824986147704e-06
3.601800900450225 1.877019535718755e-06
3.60680340170085 1.8124219549244325e-06
3.6118059029514757 1.7499624316765472e-06
3.616808404202101 1.6895732517102458e-06
3.621810905452726 1.6311887392270716e-06
3.6268134067033517 1.5747451990981812e-06
3.631815907953977 1.5201808605903874e-06
3.636818409204602 1.467435822578481e-06
3.6418209104552277 1.4164520002082046e-06
3.646823411705853 1.3671730729748353e-06
3.651825912956478 1.3195444341831256e-06
3.6568284142071033 1.2735131417551494e-06
3.661830915457729 1.2290278703531989e-06
3.666833416708354 1.1860388647856846e-06
3.6718359179589792 1.1444978946645776e-06
3.676838419209605 1.1043582102837213e-06
3.68184092046023 1.0655744996879425e-06
3.686843421710855 1.0281028469034973e-06
3.691845922961481 9.919006913011751e-07
3.696848424212106 9.569267880638742e-07
3.701850925462731 9.231411697311205e-07
3.7068534267133564 8.905051087936758e-07
3.711855927963982 8.589810813118847e-07
3.716858429214607 8.285327315320673e-07
3.7218609304652324 7.991248374757617e-07
3.726863431715858 7.707232774772988e-07
3.731865932966483 7.432949976456403e-07
3.7368684342171083 7.168079802269866e-07
3.741870935467734 6.912312128452307e-07
3.746873436718359 6.665346585978242e-07
3.7518759379689843 6.426892269850997e-07
3.7568784392196095 6.196667456516998e-07
3.761880940470235 5.97439932919133e-07
3.7668834417208603 5.759823710890712e-07
3.7718859429714855 5.552684804973655e-07
3.776888444222111 5.352734942993485e-07
3.7818909454727363 5.159734339673419e-07
3.7868934467233615 4.973450854817617e-07
3.791895947973987 4.793659761977052e-07
3.7968984492246123 4.620143523692594e-07
3.8019009504752375 4.4526915731421484e-07
3.8069034517258626 4.2911001020231434e-07
3.8119059529764883 4.1351718545051805e-07
3.8169084542271134 3.9847159270919734e-07
3.8219109554777386 3.8395475742352377e-07
3.8269134567283642 3.6994880195474525e-07
3.8319159579789894 3.564364272463667e-07
3.8369184592296146 3.434008950206254e-07
3.8419209604802402 3.308260104910354e-07
3.8469234617308654 3.1869610557708987e-07
3.8519259629814906 3.069960226075507e-07
3.8569284642321158 2.957110984991242e-07
3.8619309654827414 2.8482714939760126e-07
3.8669334667333666 2.743304557688932e-07
3.8719359679839918 2.6420774792768196e-07
3.8769384692346174 2.544461919917315e-07
3.8819409704852426 2.450333762501936e-07
3.8869434717358677 2.359572979345196e-07
3.891945972986493 2.2720635038090987e-07
3.8969484742371185 2.1876931057347797e-07
3.9019509754877437 2.1063532705759994e-07
3.906953476738369 2.0279390821317092e-07
3.9119559779889945 1.9523491087777194e-07
3.9169584792396197 1.8794852930998833e-07
3.921960980490245 1.809252844833679e-07
3.9269634817408705 1.7415601370177337e-07
3.9319659829914957 1.6763186052709627e-07
3.936968484242121 1.613442650105418e-07
3.941970985492746 1.5528495421892964e-07
3.9469734867433717 1.4944593304766365e-07
3.951975987993997 1.4381947531225187e-07
3.956978489244622 1.3839811511045803e-07
3.9619809904952477 1.3317463844738876e-07
3.966983491745873 1.2814207511600978e-07
3.971985992996498 1.232936908257824e-07
3.9769884942471236 1.1862297957231452e-07
3.981990995497749 1.1412365624109986e-07
3.986993496748374 1.0978964943859852e-07
3.991995997998999 1.056150945441083e-07
3.996998499249625 1.0159432697603177e-07
4.00200100050025 9.772187566632838e-08
4.007003501750876 9.39924567371006e-08
4.012006003001501 9.040096737342729e-08
4.017008504252126 8.694247988672098e-08
4.022011005502751 8.361223596303211e-08
4.027013506753376 8.040564109088029e-08
4.0320160080040015 7.731825916333992e-08
4.037018509254628 7.43458072492468e-08
4.042021010505253 7.148415052854019e-08
4.047023511755878 6.872929738687936e-08
4.052026013006503 6.607739466482376e-08
4.057028514257128 6.352472305697977e-08
4.0620310155077535 6.106769265665289e-08
4.067033516758379 5.870283864166645e-08
4.072036018009005 5.642681709712517e-08
4.07703851925963 5.423640097102552e-08
4.082041020510255 5.21284761587186e-08
4.08704352176088 5.010003771235772e-08
4.092046023011505 4.814818617155681e-08
4.097048524262131 4.627012401160151e-08
4.102051025512757 4.4463152205652844e-08
4.107053526763382 4.272466689748836e-08
4.112056028014007 4.105215618141562e-08
4.117058529264632 3.9443196986100035e-08
4.122061030515257 3.789545205913064e-08
4.127063531765883 3.640666704924447e-08
4.132066033016508 3.497466768321628e-08
4.137068534267134 3.3597357034506016e-08
4.142071035517759 3.2272712880841746e-08
4.147073536768384 3.099878514799215e-08
4.152076038019009 2.977369343706997e-08
4.1570785392696346 2.8595624632776972e-08
4.16208104052026 2.7462830590080362e-08
4.167083541770885 2.637362589688252e-08
4.172086043021511 2.5326385710316888e-08
4.177088544272136 2.4319543664373097e-08
4.182091045522761 2.3351589846617892e-08
4.1870935467733865 2.2421068841850566e-08
4.192096048024012 2.1526577840588713e-08
4.197098549274637 2.0666764810345707e-08
4.202101050525263 1.98403267277205e-08
4.207103551775888 1.9046007869380303e-08
4.212106053026513 1.8282598160069818e-08
4.2171085542771385 1.754893157584244e-08
4.222111055527764 1.684388460075667e-08
4.227113556778389 1.6166374735337092e-08
4.232116058029014 1.5515359055148948e-08
4.23711855927964 1.4889832817884941e-08
4.242121060530265 1.4288828117412036e-08
4.2471235617808905 1.3711412583270415e-08
4.252126063031516 1.3156688124166047e-08
4.257128564282141 1.2623789714039077e-08
4.262131065532766 1.2111884219334957e-08
4.267133566783391 1.1620169266146955e-08
4.272136068034017 1.1147872145938687e-08
4.277138569284642 1.0694248758595826e-08
4.282141070535268 1.0258582591592426e-08
4.287143571785893 9.840183734097515e-09
4.292146073036518 9.438387924881045e-09
4.297148574287143 9.052555632914816e-09
4.302151075537768 8.682071169597947e-09
4.307153576788394 8.32634183156922e-09
4.31215607803902 7.984797073101636e-09
4.317158579289645 7.656887707104066e-09
4.32216108054027 7.34208513378777e-09
4.327163581790895 7.039880596082551e-09
4.33216608304152 6.749784460917376e-09
4.337168584292146 6.471325525507534e-09
4.3421710855427715 6.204050347817735e-09
4.347173586793397 5.947522600395634e-09
4.352176088044022 5.701322446797546e-09
4.357178589294647 5.465045939850781e-09
4.362181090545272 5.238304441022152e-09
4.367183591795897 5.020724060184972e-09
4.3721860930465235 4.811945115099435e-09
4.377188594297149 4.6116216099432366e-09
4.382191095547774 4.419420732249864e-09
4.387193596798399 4.235022367633763e-09
4.392196098049024 4.0581186317000364e-09
4.397198599299649 3.888413418556818e-09
4.402201100550275 3.725621965366552e-09
4.407203601800901 3.5694704323908458e-09
4.412206103051526 3.4196954980012958e-09
4.417208604302151 3.276043968145169e-09
4.422211105552776 3.138272399772444e-09
4.427213606803401 3.0061467377457032e-09
4.4322161080540265 2.8794419647706027e-09
4.437218609304653 2.7579417638994895e-09
4.442221110555278 2.6414381931755186e-09
4.447223611805903 2.5297313719984285e-09
4.452226113056528 2.422629178807501e-09
4.457228614307153 2.319946959689931e-09
4.4622311155577785 2.2215072475360888e-09
4.467233616808404 2.1271394913754923e-09
4.47223611805903 2.036679795539567e-09
4.477238619309655 1.9499706683089057e-09
4.48224112056028 1.866860779713954e-09
4.487243621810905 1.7872047281694728e-09
4.4922461230615305 1.7108628156333882e-09
4.497248624312156 1.637700830991089e-09
4.502251125562781 1.567589841376349e-09
4.507253626813407 1.5004059911495715e-09
4.512256128064032 1.4360303082635783e-09
4.517258629314657 1.3743485177560144e-09
4.5222611305652824 1.3152508621165824e-09
4.527263631815908 1.2586319282854764e-09
4.532266133066533 1.2043904810478386e-09
4.537268634317159 1.1524293025969314e-09
4.542271135567784 1.1026550380465582e-09
4.547273636818409 1.0549780466804694e-09
4.552276138069034 1.0093122587341287e-09
4.55727863931966 9.655750375107893e-10
4.562281140570285 9.236870466408684e-10
4.56728364182091 8.835721223000621e-10
4.572286143071536 8.451571502079495e-10
4.577288644322161 8.083719472350842e-10
4.582291145572786 7.731491474522691e-10
4.587293646823412 7.394240924617637e-10
4.592296148074037 7.071347258554098e-10
4.597298649324662 6.762214916502301e-10
4.602301150575287 6.466272365571438e-10
4.607303651825913 6.182971159434959e-10
4.612306153076538 5.911785033549664e-10
4.6173086543271635 5.652209034670064e-10
4.622311155577789 5.403758683406737e-10
4.627313656828414 5.165969168619308e-10
4.632316158079039 4.938394572478211e-10
4.637318659329665 4.720607125069979e-10
4.64232116058029 4.5121964874605846e-10
4.6473236618309155 4.3127690621689394e-10
4.652326163081541 4.1219473300409745e-10
4.657328664332166 3.9393692125489753e-10
4.662331165582791 3.7646874585763584e-10
4.667333666833416 3.5975690547810887e-10
4.672336168084042 3.4376946586631053e-10
4.6773386693346675 3.2847580534926017e-10
4.682341170585293 3.138465624285423e-10
4.687343671835918 2.9985358540418376e-10
4.692346173086543 2.864698839492173e-10
4.697348674337168 2.7366958256203125e-10
4.702351175587793 2.6142787582621833e-10
4.707353676838419 2.4972098541016116e-10
4.712356178089045 2.385261187410433e-10
4.71735867933967 2.2782142929029608e-10
4.722361180590295 2.1758597840983326e-10
4.72736368184092 2.0779969866055724e-10
4.732366183091545 1.984433585767774e-10
4.7373686843421705 1.894985288122241e-10
4.742371185592797 1.8094754961530748e-10
4.747373686843422 1.7277349958320147e-10
4.752376188094047 1.649601656461318e-10
4.757378689344672 1.5749201423508385e-10
4.762381190595297 1.5035416358780456e-10
4.7673836918459225 1.4353235714966172e-10
4.7723861930965485 1.3701293802750492e-10
4.777388694347174 1.3078282445622727e-10
4.782391195597799 1.248294862391838e-10
4.787393696848424 1.191409221251025e-10
4.792396198099049 1.1370563808545895e-10
4.7973986993496744 1.0851262645765074e-10
4.8024012006003 1.0355134592058161e-10
4.807403701850926 9.881170227050871e-11
4.812406203101551 9.428402996620783e-11
4.817408704352176 8.995907441364714e-11
4.822411205602801 8.582797496150436e-11
4.827413706853426 8.188224857990211e-11
4.832416208104052 7.811377419579078e-11
4.837418709354677 7.451477765939954e-11
4.842421210605303 7.107781731713413e-11
4.847423711855928 6.779577016723568e-11
4.852426213106553 6.46618185753913e-11
4.857428714357178 6.166943752837085e-11
4.862431215607804 5.881238240457234e-11
4.867433716858429 5.608467724116983e-11
4.872436218109055 5.3480603478324593e-11
4.87743871935968 5.09946891616649e-11
4.882441220610305 4.862169858494584e-11
4.88744372186093 4.6356622355506935e-11
4.8924462231115555 4.419466786578974e-11
4.897448724362181 4.2131250154830586e-11
4.902451225612806 4.016198314425324e-11
4.907453726863432 3.828267123388068e-11
4.912456228114057 3.648930124265982e-11
4.917458729364682 3.477803468113403e-11
4.9224612306153075 3.3145200342242054e-11
4.927463731865933 3.158728719771938e-11
4.932466233116558 3.010093758787599e-11
4.937468734367183 2.8682940692996374e-11
4.942471235617809 2.733022627506242e-11
4.947473736868434 2.6039858678939333e-11
4.9524762381190595 2.4809031082583324e-11
4.957478739369685 2.3635059986242684e-11
4.96248124062031 2.2515379931007843e-11
4.967483741870935 2.1447538437446384e-11
4.972486243121561 2.042919115541996e-11
4.977488744372186 1.9458097216529712e-11
4.982491245622811 1.8532114780968754e-11
4.987493746873437 1.7649196770888677e-11
4.992496248124062 1.6807386782691923e-11
4.997498749374687 1.6004815170963664e-11
5.002501250625312 1.5239695297043688e-11
