-5.002501250625312 9.247563666520766e-12
-4.997498749374687 9.718294152590761e-12
-4.992496248124062 1.021247613954336e-11
-4.987493746873437 1.0731251579424446e-11
-4.982491245622811 1.12758166916287e-11
-4.977488744372186 1.1847424475160538e-11
-4.972486243121561 1.2447387333954146e-11
-4.967483741870935 1.3077079820186278e-11
-4.96248124062031 1.373794150072262e-11
-4.957478739369685 1.4431479952057917e-11
-4.9524762381190595 1.515927388933067e-11
-4.947473736868434 1.5922976435232402e-11
-4.942471235617809 1.6724318534872367e-11
-4.937468734367183 1.7565112522913947e-11
-4.932466233116558 1.844725584956112e-11
-4.927463731865933 1.9372734972251647e-11
-4.9224612306153075 2.034362942019399e-11
-4.917458729364682 2.1362116039186894e-11
-4.912456228114057 2.2430473424466735e-11
-4.907453726863432 2.355108654965021e-11
-4.902451225612806 2.4726451600173645e-11
-4.897448724362181 2.5959181019976563e-11
-4.8924462231115555 2.725200878054283e-11
-4.88744372186093 2.8607795881780716e-11
-4.882441220610305 3.002953609462059e-11
-4.87743871935968 3.152036195561188e-11
-4.872436218109055 3.3083551024222496e-11
-4.867433716858429 3.472253241398384e-11
-4.862431215607804 3.644089360907767e-11
-4.857428714357178 3.824238757844105e-11
-4.852426213106553 4.0130940199948134e-11
-4.847423711855928 4.211065800774824e-11
-4.842421210605303 4.418583627636596e-11
-4.837418709354677 4.6360967455723505e-11
-4.832416208104052 4.864074997181661e-11
-4.827413706853426 5.1030097408377765e-11
-4.822411205602801 5.353414808546953e-11
-4.817408704352176 5.6158275051603626e-11
-4.812406203101551 5.890809650664424e-11
-4.807403701850926 6.178948667344929e-11
-4.8024012006003 6.480858713692411e-11
-4.7973986993496744 6.797181866990697e-11
-4.792396198099049 7.128589356609401e-11
-4.787393696848424 7.475782850099859e-11
-4.782391195597799 7.839495794279826e-11
-4.777388694347174 8.220494813577718e-11
-4.7723861930965485 8.619581167998461e-11
-4.7673836918459225 9.037592273165992e-11
-4.762381190595297 9.475403284994872e-11
-4.757378689344672 9.933928751645489e-11
-4.752376188094047 1.041412433552003e-10
-4.747373686843422 1.091698860816718e-10
-4.742371185592797 1.1443564921075152e-10
-4.7373686843421705 1.199494335545046e-10
-4.732366183091545 1.257226275420003e-10
-4.72736368184092 1.3176712839463086e-10
-4.722361180590295 1.3809536419165995e-10
-4.71735867933967 1.4472031686212656e-10
-4.712356178089045 1.5165554614061458e-10
-4.707353676838419 1.5891521452586758e-10
-4.702351175587793 1.6651411328273904e-10
-4.697348674337168 1.7446768952953096e-10
-4.692346173086543 1.8279207445443035e-10
-4.687343671835918 1.915041127063905e-10
-4.682341170585293 2.0062139300760828e-10
-4.6773386693346675 2.1016228003652661e-10
-4.672336168084042 2.201459476321908e-10
-4.667333666833416 2.3059241337273032e-10
-4.662331165582791 2.415225745827558e-10
-4.657328664332166 2.5295824582658325e-10
-4.652326163081541 2.649221979463202e-10
-4.6473236618309155 2.774381987061505e-10
-4.64232116058029 2.9053105510645605e-10
-4.637318659329665 3.0422665743384235e-10
-4.632316158079039 3.1855202511564365e-10
-4.627313656828414 3.335353544500534e-10
-4.622311155577789 3.4920606828577783e-10
-4.6173086543271635 3.6559486772779845e-10
-4.612306153076538 3.827337859488089e-10
-4.607303651825913 4.006562441888302e-10
-4.602301150575287 4.1939711002861633e-10
-4.597298649324662 4.3899275802564963e-10
-4.592296148074037 4.5948113280491845e-10
-4.587293646823412 4.809018146999818e-10
-4.582291145572786 5.032960880435143e-10
-4.577288644322161 5.267070122101329e-10
-4.572286143071536 5.511794955181528e-10
-4.56728364182091 5.767603721008685e-10
-4.562281140570285 6.034984818620186e-10
-4.55727863931966 6.314447536344211e-10
-4.552276138069034 6.606522916649888e-10
-4.547273636818409 6.911764655540284e-10
-4.542271135567784 7.230750037813312e-10
-4.537268634317159 7.564080909564484e-10
-4.532266133066533 7.912384689355662e-10
-4.527263631815908 8.276315419525743e-10
-4.5222611305652824 8.656554859174053e-10
-4.517258629314657 9.053813620400913e-10
-4.512256128064032 9.46883234944954e-10
-4.507253626813407 9.902382954451779e-10
-4.502251125562781 1.035526988154205e-09
-4.497248624312156 1.0828331441167416e-09
-4.4922461230615305 1.1322441186488743e-09
-4.487243621810905 1.1838509345833807e-09
-4.48224112056028 1.2377484311236089e-09
-4.477238619309655 1.2940354185164182e-09
-4.47223611805903 1.3528148387623009e-09
-4.467233616808404 1.4141939325885496e-09
-4.4622311155577785 1.4782844129193356e-09
-4.457228614307153 1.545202645085102e-09
-4.452226113056528 1.615069834021919e-09
-4.447223611805903 1.6880122187206748e-09
-4.442221110555278 1.7641612741949775e-09
-4.437218609304653 1.8436539212461956e-09
-4.4322161080540265 1.926632744313881e-09
-4.427213606803401 2.013246217709828e-09
-4.422211105552776 2.103648940544854e-09
-4.417208604302151 2.198001880667635e-09
-4.412206103051526 2.2964726279466693e-09
-4.407203601800901 2.399235657237618e-09
-4.402201100550275 2.5064726013903842e-09
-4.397198599299649 2.618372534662396e-09
-4.392196098049024 2.7351322669177267e-09
-4.387193596798399 2.8569566490040818e-09
-4.382191095547774 2.9840588897140238e-09
-4.377188594297149 3.1166608847502427e-09
-4.3721860930465235 3.2549935581294256e-09
-4.367183591795897 3.3992972164740852e-09
-4.362181090545272 3.5498219166570235e-09
-4.357178589294647 3.7068278472794475e-09
-4.352176088044022 3.870585724479328e-09
-4.347173586793397 4.041377202584456e-09
-4.3421710855427715 4.2194953001414465e-09
-4.337168584292146 4.405244841870299e-09
-4.33216608304152 4.598942917112688e-09
-4.327163581790895 4.800919355361038e-09
-4.32216108054027 5.011517219476087e-09
-4.317158579289645 5.231093317219795e-09
-4.31215607803902 5.460018731752659e-09
-4.307153576788394 5.698679371765718e-09
-4.302151075537768 5.947476541939934e-09
-4.297148574287143 6.206827534448732e-09
-4.292146073036518 6.477166242243961e-09
-4.287143571785893 6.758943794888669e-09
-4.282141070535268 7.0526292177271915e-09
-4.277138569284642 7.358710115207715e-09
-4.272136068034017 7.67769337920037e-09
-4.267133566783391 8.010105923181236e-09
-4.262131065532766 8.35649544318078e-09
-4.257128564282141 8.71743120642659e-09
-4.252126063031516 9.093504868637715e-09
-4.2471235617808905 9.485331320962153e-09
-4.242121060530265 9.893549567579258e-09
-4.23711855927964 1.0318823635023407e-08
-4.232116058029014 1.0761843514318525e-08
-4.227113556778389 1.122332613704867e-08
-4.222111055527764 1.1704016386527531e-08
-4.2171085542771385 1.2204688145264124e-08
-4.212106053026513 1.2726145379963786e-08
-4.207103551775888 1.3269223265341503e-08
-4.202101050525263 1.3834789348065403e-08
-4.197098549274637 1.4423744752191739e-08
-4.192096048024012 1.503702542749375e-08
-4.1870935467733865 1.5675603442134847e-08
-4.182091045522761 1.634048832117821e-08
-4.177088544272136 1.7032728432476127e-08
-4.172086043021511 1.775341242152867e-08
-4.167083541770885 1.8503670696952545e-08
-4.16208104052026 1.9284676968251402e-08
-4.1570785392696346 2.009764983763459e-08
-4.152076038019009 2.0943854447681495e-08
-4.147073536768384 2.182460418670937e-08
-4.142071035517759 2.2741262453757627e-08
-4.137068534267134 2.3695244485161923e-08
-4.132066033016508 2.468801924475239e-08
-4.127063531765883 2.5721111379772554e-08
-4.122061030515257 2.679610324468337e-08
-4.117058529264632 2.7914636995077358e-08
-4.112056028014007 2.907841675400264e-08
-4.107053526763382 3.0289210853062996e-08
-4.102051025512757 3.15488541507339e-08
-4.097048524262131 3.285925043040876e-08
-4.092046023011505 3.4222374880764466e-08
-4.08704352176088 3.5640276661118965e-08
-4.082041020510255 3.7115081554526075e-08
-4.07703851925963 3.864899471144358e-08
-4.072036018009005 4.024430348689207e-08
-4.067033516758379 4.1903380374110276e-08
-4.0620310155077535 4.362868603780151e-08
-4.057028514257128 4.5422772450163954e-08
-4.052026013006503 4.7288286132982325e-08
-4.047023511755878 4.922797150916698e-08
-4.042021010505253 5.124467436721929e-08
-4.037018509254628 5.334134544220952e-08
-4.0320160080040015 5.55210441169563e-08
-4.027013506753376 5.778694224720584e-08
-4.022011005502751 6.014232811472567e-08
-4.017008504252126 6.259061051233167e-08
-4.012006003001501 6.51353229649958e-08
-4.007003501750876 6.77801280912959e-08
-4.00200100050025 7.052882210959488e-08
-3.996998499249625 7.338533949346448e-08
-3.991995997998999 7.63537577809963e-08
-3.986993496748374 7.943830254278169e-08
-3.981990995497749 8.26433525134752e-08
-3.9769884942471236 8.597344489199802e-08
-3.971985992996498 8.943328081558408e-08
-3.966983491745873 9.30277310130178e-08
-3.9619809904952477 9.676184164256945e-08
-3.956978489244622 1.0064084032028068e-07
-3.951975987993997 1.046701423444217e-07
-3.9469734867433717 1.0885535712210582e-07
-3.941970985492746 1.1320229480420572e-07
-3.936968484242121 1.1771697313489776e-07
-3.9319659829914957 1.2240562452233896e-07
-3.9269634817408705 1.27274703337151e-07
-3.921960980490245 1.3233089344558327e-07
-3.9169584792396197 1.3758111598441125e-07
-3.9119559779889945 1.4303253738482707e-07
-3.906953476738369 1.4869257765277067e-07
-3.9019509754877437 1.545689189133608e-07
-3.8969484742371185 1.606695142273012e-07
-3.891945972986493 1.6700259668733504e-07
-3.8869434717358677 1.7357668880305711e-07
-3.8819409704852426 1.8040061218261784e-07
-3.8769384692346174 1.874834975200698e-07
-3.8719359679839918 1.9483479489736487e-07
-3.8669334667333666 2.0246428441023087e-07
-3.8619309654827414 2.1038208712743328e-07
-3.8569284642321158 2.1859867639314433e-07
-3.8519259629814906 2.271248894824344e-07
-3.8469234617308654 2.359719396201581e-07
-3.8419209604802402 2.451514283737623e-07
-3.8369184592296146 2.5467535843085273e-07
-3.8319159579789894 2.645561467726086e-07
-3.8269134567283642 2.7480663825446494e-07
-3.8219109554777386 2.854401196057354e-07
-3.8169084542271134 2.964703338601917e-07
-3.8119059529764883 3.079114952299173e-07
-3.8069034517258626 3.1977830443506186e-07
-3.8019009504752375 3.3208596450245706e-07
-3.7968984492246123 3.4485019704640506e-07
-3.791895947973987 3.580872590452593e-07
-3.7868934467233615 3.718139601277985e-07
-3.7818909454727363 3.860476803837281e-07
-3.776888444222111 4.0080638871303845e-07
-3.7718859429714855 4.1610866172928086e-07
-3.7668834417208603 4.319737032322375e-07
-3.761880940470235 4.4842136426585517e-07
-3.7568784392196095 4.654721637776664e-07
-3.7518759379689843 4.831473098963821e-07
-3.746873436718359 5.014687218447333e-07
-3.741870935467734 5.204590525050486e-07
-3.7368684342171083 5.401417116555162e-07
-3.731865932966483 5.605408898954913e-07
-3.726863431715858 5.816815832787217e-07
-3.7218609304652324 6.035896186737293e-07
-3.716858429214607 6.262916798711423e-07
-3.711855927963982 6.49815334458238e-07
-3.7068534267133564 6.741890614814025e-07
-3.701850925462731 6.994422799177542e-07
-3.696848424212106 7.256053779777068e-07
-3.691845922961481 7.527097432607114e-07
-3.686843421710855 7.807877937870005e-07
-3.68184092046023 8.098730099286732e-07
-3.676838419209605 8.399999672640537e-07
-3.6718359179589792 8.71204370379745e-07
-3.666833416708354 9.035230876454492e-07
-3.661830915457729 9.36994186987213e-07
-3.6568284142071033 9.716569726852744e-07
-3.651825912956478 1.0075520232233868e-06
-3.646823411705853 1.0447212302171099e-06
-3.6418209104552277 1.0832078384491158e-06
-3.636818409204602 1.1230564870403013e-06
-3.631815907953977 1.1643132517860757e-06
-3.6268134067033517 1.2070256886879753e-06
-3.621810905452726 1.2512428787112617e-06
-3.616808404202101 1.2970154738000518e-06
-3.6118059029514757 1.3443957441821295e-06
-3.60680340170085 1.3934376269962964e-06
-3.601800900450225 1.4441967762759153e-06
-3.5967983991995998 1.4967306143230623e-06
-3.5917958979489746 1.551098384508352e-06
-3.586793396698349 1.607361205532415e-06
-3.5817908954477238 1.6655821271856853e-06
-3.5767883941970986 1.7258261876440966e-06
-3.571785892946473 1.7881604723388954e-06
-3.566783391695848 1.852654174439818e-06
-3.5617808904452226 1.9193786569916446e-06
-3.556778389194597 1.9884075167449427e-06
-3.551775887943972 2.0598166497227646e-06
-3.5467733866933466 2.1336843185660044e-06
-3.5417708854427215 2.2100912217008376e-06
-3.536768384192096 2.2891205643727986e-06
-3.5317658829414706 2.3708581315928166e-06
-3.5267633816908455 2.4553923630416856e-06
-3.52176088044022 2.542814429980081e-06
-3.5167583791895947 2.6332183142125885e-06
-3.5117558779389695 2.7267008891549895e-06
-3.506753376688344 2.823362003055043e-06
-3.5017508754377187 2.923304564418141e-06
-3.4967483741870935 3.0266346296902477e-06
-3.4917458729364683 3.1334614932514952e-06
-3.4867433716858427 3.2438977797749395e-06
-3.4817408704352175 3.3580595390060935e-06
-3.4767383691845923 3.4760663430200303e-06
-3.4717358679339667 3.5980413860137275e-06
-3.4667333666833415 3.7241115866926815e-06
-3.4617308654327164 3.854407693312038e-06
-3.4567283641820907 3.989064391433375e-06
-3.4517258629314655 4.12822041445964e-06
-3.4467233616808404 4.272018657012116e-06
-3.441720860430215 4.42060629121409e-06
-3.4367183591795896 4.574134885947535e-06
-3.4317158579289644 4.732760529150121e-06
-3.426713356678339 4.896643953221381e-06
-3.4217108554277136 5.065950663607805e-06
-3.4167083541770884 5.240851070638204e-06
-3.4117058529264632 5.421520624682096e-06
-3.406703351675838 5.608139954704745e-06
-3.4017008504252124 5.800895010294417e-06
-3.3966983491745872 5.999977207238237e-06
-3.391695847923962 6.205583576725012e-06
-3.3866933466733364 6.417916918254141e-06
-3.3816908454227113 6.637185956331555e-06
-3.376688344172086 6.86360550103523e-06
-3.3716858429214605 7.097396612533595e-06
-3.3666833416708353 7.33878676964228e-06
-3.36168084042021 7.5880100425060385e-06
-3.356678339169585 7.845307269493637e-06
-3.3516758379189593 8.110926238395748e-06
-3.346673336668334 8.385121872016817e-06
-3.341670835417709 8.668156418254015e-06
-3.3366683341670833 8.960299644757222e-06
-3.331665832916458 9.261829038265985e-06
-3.326663331665833 9.573030008721399e-06
-3.3216608304152073 9.894196098251273e-06
-3.316658329164582 1.0225629195129752e-05
-3.311655827913957 1.0567639752813778e-05
-3.306653326663332 1.0920547014159931e-05
-3.301650825412706 1.1284679240927678e-05
-3.296648324162081 1.1660373948676e-05
-3.291645822911456 1.2047978147162793e-05
-3.28664332166083 1.2447848586357197e-05
-3.281640820410205 1.2860352008177385e-05
-3.27663831915958 1.3285865404068292e-05
-3.271635817908954 1.372477627853447e-05
-3.266633316658329 1.4177482918745684e-05
-3.261630815407704 1.4644394670335395e-05
-3.2566283141570787 1.512593221951174e-05
-3.251625812906453 1.5622527881605155e-05
-3.246623311655828 1.6134625896176116e-05
-3.2416208104052027 1.6662682728810515e-05
-3.236618309154577 1.720716737972963e-05
-3.231615807903952 1.776856169934528e-05
-3.2266133066533267 1.8347360710892256e-05
-3.221610805402701 1.8944072940270662e-05
-3.216608304152076 1.9559220753234015e-05
-3.2116058029014507 2.0193340700060877e-05
-3.2066033016508255 2.084698386784777e-05
-3.2016008004002 2.1520716240565315e-05
-3.1965982991495747 2.2215119067019546e-05
-3.1915957978989495 2.2930789236863586e-05
-3.186593296648324 2.3668339664805293e-05
-3.1815907953976987 2.4428399683159213e-05
-3.1765882941470736 2.5211615442893455e-05
-3.171585792896448 2.6018650323322327e-05
-3.1665832916458228 2.6850185350598936e-05
-3.1615807903951976 2.7706919625163325e-05
-3.1565782891445724 2.8589570758303034e-05
-3.1515757878939468 2.9498875317985284e-05
-3.1465732866433216 3.0435589284121702e-05
-3.1415707853926964 3.140048851342879e-05
-3.136568284142071 3.2394369214047514e-05
-3.1315657828914456 3.341804843008911e-05
-3.1265632816408204 3.447236453627533e-05
-3.121560780390195 3.5558177742842126e-05
-3.1165582791395696 3.667637061087844e-05
-3.1115557778889444 3.7827848578274606e-05
-3.1065532766383193 3.9013540496453496e-05
-3.1015507753876936 4.0234399178062405e-05
-3.0965482741370685 4.149140195580331e-05
-3.0915457728864433 4.2785551252582696e-05
-3.0865432716358177 4.4117875163160736e-05
-3.0815407703851925 4.548942804748467e-05
-3.0765382691345673 4.6901291135891074e-05
-3.0715357678839417 4.835457314636288e-05
-3.0665332666333165 4.98504109140291e-05
-3.0615307653826913 5.1389970033098164e-05
-3.056528264132066 5.297444551141409e-05
-3.0515257628814405 5.460506243782907e-05
-3.0465232616308153 5.62830766625857e-05
-3.04152076038019 5.800977549090548e-05
-3.0365182591295645 5.978647838997856e-05
-3.0315157578789393 6.161453770955272e-05
-3.026513256628314 6.349533941632392e-05
-3.0215107553776885 6.543030384232402e-05
-3.0165082541270634 6.742088644751067e-05
-3.011505752876438 6.946857859676277e-05
-3.006503251625813 7.15749083514819e-05
-3.0015007503751874 7.374144127600896e-05
-2.996498249124562 7.59697812590575e-05
-2.991495747873937 7.826157135037616e-05
-2.9864932466233114 8.061849461284294e-05
-2.981490745372686 8.304227499020177e-05
-2.976488244122061 8.553467819065351e-05
-2.971485742871436 8.809751258650688e-05
-2.9664832416208102 9.073263013010363e-05
-2.961480740370185 9.344192728622758e-05
-2.95647823911956 9.622734598121162e-05
-2.9514757378689342 9.90908745689523e-05
-2.946473236618309 0.0001020345488140455
-2.941470735367684 0.00010506045289226006
-2.9364682341170583 0.00010817072040855608
-2.931465732866433 0.00011136753543286647
-2.926463231615808 0.00011465313355385465
-2.9214607303651827 0.00011802980295085955
-2.916458229114557 0.00012149988548424385
-2.911455727863932 0.00012506577780435637
-2.9064532266133067 0.00012872993247932572
-2.901450725362681 0.00013249485914189284
-2.896448224112056 0.000136363125655496
-2.8914457228614308 0.00014033735929982498
-2.886443221610805 0.00014442024797604628
-2.88144072036018 0.00014861454143191591
-2.8764382191095548 0.00015292305250698952
-2.8714357178589296 0.00015734865839813245
-2.866433216608304 0.00016189430194554335
-2.861430715357679 0.00016656299293949062
-2.8564282141070536 0.00017135780944797514
-2.851425712856428 0.0001762818991655132
-2.846423211605803 0.00018133848078324497
-2.8414207103551776 0.00018653084538057285
-2.836418209104552 0.00019186235783851812
-2.831415707853927 0.00019733645827499946
-2.8264132066033016 0.00020295666350222708
-2.8214107053526765 0.00020872656850639797
-2.816408204102051 0.00021464984794988912
-2.8114057028514257 0.00022073025769612744
-2.8064032016008005 0.00022697163635733146
-2.801400700350175 0.00023337790686529282
-2.7963981990995497 0.00023995307806538562
-2.7913956978489245 0.0002467012463339758
-2.786393196598299 0.0002536265972194013
-2.7813906953476737 0.0002607334071066894
-2.7763881940970485 0.0002680260449061841
-2.7713856928464233 0.0002755089737662343
-2.7663831915957977 0.00028318675281010613
-2.7613806903451725 0.00029106403889726784
-2.7563781890945473 0.00029914558840920304
-2.7513756878439217 0.0003074362590598889
-2.7463731865932965 0.0003159410117310753
-2.7413706853426714 0.00032466491233251895
-2.7363681840920457 0.0003336131336872723
-2.7313656828414206 0.00034279095744217745
-2.7263631815907954 0.0003522037760036697
-2.72136068034017 0.00036185709449900827
-2.7163581790895446 0.0003717565327630383
-2.7113556778389194 0.0003819078273505872
-2.706353176588294 0.0003923168335745946
-2.7013506753376686 0.0004029895275700569
-2.6963481740870434 0.00041393200838386516
-2.6913456728364182 0.00042515050009062967
-2.6863431715857926 0.0004366513539345361
-2.6813406703351674 0.00044844105049730593
-2.6763381690845423 0.0004605262018923134
-2.671335667833917 0.0004729135539849028
-2.6663331665832914 0.0004856099886389397
-2.6613306653326663 0.0004986225259896252
-2.656328164082041 0.0005119583267426074
-2.6513256628314155 0.0005256246944993769
-2.6463231615807903 0.0005396290781089661
-2.641320660330165 0.0005539790740459485
-2.6363181590795395 0.0005686824288147082
-2.6313156578289143 0.0005837470413799556
-2.626313156578289 0.000599180965623476
-2.621310655327664 0.0006149924128270315
-2.6163081540770383 0.0006311897541813854
-2.611305652826413 0.0006477815233213643
-2.606303151575788 0.000664776418886906
-2.6013006503251623 0.0006821833071099692
-2.596298149074537 0.000700011224427227
-2.591295647823912 0.0007182693801184385
-2.5862931465732864 0.0007369671589703472
-2.581290645322661 0.0007561141239659908
-2.576288144072036 0.0007757200189992778
-2.571285642821411 0.0007957947716146433
-2.566283141570785 0.0008163484957716374
-2.56128064032016 0.0008373914946342354
-2.556278139069535 0.0008589342633846934
-2.551275637818909 0.0008809874920617058
-2.546273136568284 0.0009035620684226468
-2.541270635317659 0.0009266690808296689
-2.5362681340670337 0.0009503198211593643
-2.531265632816408 0.0009745257877357518
-2.526263131565783 0.0009992986882862661
-2.5212606303151577 0.001024650442920482
-2.516258129064532 0.0010505931871312203
-2.511255627813907 0.0010771392748177093
-2.5062531265632817 0.0011043012813304737
-2.501250625312656 0.0011320920065375382
-2.496248124062031 0.0011605244779115877
-2.4912456228114057 0.001189611953637691
-2.4862431215607805 0.0012193679257411355
-2.481240620310155 0.0012498061232349622
-2.4762381190595297 0.0012809405152867197
-2.4712356178089045 0.0013127853144040038
-2.466233116558279 0.0013453549796382468
-2.4612306153076537 0.0013786642198062517
-2.4562281140570286 0.0014127279967289883
-2.451225612806403 0.0014475615284870354
-2.4462231115557778 0.0014831802926921266
-2.4412206103051526 0.0015196000297742443
-2.4362181090545274 0.0015568367462835985
-2.431215607803902 0.0015949067182068949
-2.4262131065532766 0.0016338264942972196
-2.4212106053026514 0.0016736128994169256
-2.416208104052026 0.001714283037892741
-2.4112056028014006 0.0017558542968824518
-2.4062031015507754 0.0017983443497524352
-2.40120060030015 0.0018417711594652213
-2.3961980990495246 0.0018861529819763525
-2.3911955977988995 0.001931508369639775
-2.3861930965482743 0.00197785617462084
-2.3811905952976486 0.0020252155523161845
-2.3761880940470235 0.0020736059647795185
-2.3711855927963983 0.0021230471841525364
-2.3661830915457727 0.002173559296099943
-2.3611805902951475 0.0022251627032477024
-2.3561780890445223 0.002277878128623579
-2.3511755877938967 0.0023317266190989207
-2.3461730865432715 0.0023867295488307
-2.3411705852926463 0.0024429086227028556
-2.336168084042021 0.0025002858797657456
-2.3311655827913955 0.0025588836966727478
-2.3261630815407703 0.0026187247911128118
-2.321160580290145 0.0026798322252379655
-2.3161580790395195 0.002742229409084437
-2.3111555777888944 0.0028059401039863736
-2.306153076538269 0.0028709884259809095
-2.3011505752876436 0.0029373988492032875
-2.2961480740370184 0.0030051962092708527
-2.291145572786393 0.003074405706654683
-2.286143071535768 0.003145052910037389
-2.2811405702851424 0.0032171637596559444
-2.276138069034517 0.003290764570628035
-2.271135567783892 0.0033658820362607025
-2.2661330665332664 0.003442543231339712
-2.2611305652826412 0.0035207756153983138
-2.256128064032016 0.0036006070359639922
-2.2511255627813904 0.003682065731781546
-2.2461230615307652 0.0037651803360111624
-2.24112056028014 0.0038499798793998957
-2.236118059029515 0.0039364937934249725
-2.2311155577788893 0.004024751913407341
-2.226113056528264 0.004114784481593873
-2.221110555277639 0.004206622150206641
-2.2161080540270133 0.004300295984457482
-2.211105552776388 0.004395837465526249
-2.206103051525763 0.004493278493501101
-2.2011005502751373 0.004592651390278957
-2.196098049024512 0.0046939889024244265
-2.191095547773887 0.004797324203985506
-2.1860930465232618 0.004902690899264096
-2.181090545272636 0.005010123025539654
-2.176088044022011 0.005119655055743931
-2.1710855427713858 0.00523132190108521
-2.16608304152076 0.005345158913619852
-2.161080540270135 0.005461201888769347
-2.15607803901951 0.005579487067781028
-2.151075537768884 0.0057000511401302896
-2.146073036518259 0.005822931245862382
-2.141070535267634 0.0059481649778718925
-2.1360680340170086 0.006075790384117721
-2.131065532766383 0.006205845969771552
-2.126063031515758 0.0063383706992976635
-2.1210605302651326 0.006473403998462268
-2.116058029014507 0.006610985756269867
-2.111055527763882 0.006751156326824667
-2.1060530265132567 0.0068939565311150796
-2.1010505252626315 0.007039427658718766
-2.096048024012006 0.007187611469426309
-2.0910455227613807 0.0073385501947811575
-2.0860430215107555 0.007492286539533787
-2.08104052026013 0.007648863683007579
-2.0760380190095047 0.0078083252803742825
-2.0710355177588795 0.007970715463836946
-2.066033016508254 0.008136078843717724
-2.0610305152576287 0.008304460509448346
-2.0560280140070035 0.008475906030461201
-2.0510255127563783 0.008650461456978255
-2.0460230115057527 0.00882817332069574
-2.0410205102551275 0.009009088635362232
-2.0360180090045024 0.009193254897247646
-2.0310155077538767 0.009380720085500942
-2.0260130065032516 0.009571532662393823
-2.0210105052526264 0.009765741573448469
-2.0160080040020008 0.009963396247446524
-2.0110055027513756 0.0101645465963171
-2.0060030015007504 0.010369243014901395
-2.001000500250125 0.010577536380591359
-1.9959979989994996 0.010789478052840118
-1.9909954977488744 0.011005119872541614
-1.985992996498249 0.011224514161277203
-1.9809904952476238 0.0114477137204264
-1.9759879939969984 0.01167477183013982
-1.970985492746373 0.011905742248171435
-1.9659829914957478 0.012140679208567966
-1.9609804902451224 0.012379637420212907
-1.9559779889944973 0.012622672065222612
-1.9509754877438719 0.01286983879719234
-1.9459729864932465 0.013121193739289334
-1.9409704852426213 0.013376793482191006
-1.9359679839919959 0.013636695081865564
-1.9309654827413707 0.013900956057192545
-1.9259629814907453 0.014169634387421234
-1.9209604802401201 0.01444278850946419
-1.9159579789894947 0.014720477315023739
-1.9109554777388693 0.015002760147549001
-1.9059529764882441 0.01528969679902103
-1.9009504752376187 0.015581347506563937
-1.8959479739869936 0.015877772948879345
-1.8909454727363681 0.01617903424250224
-1.8859429714857427 0.016485192937875672
-1.8809404702351176 0.016796311015242028
-1.8759379689844922 0.01711245088034904
-1.870935467733867 0.01743367535996765
-1.8659329664832416 0.01776004769722011
-1.8609304652326162 0.01809163154671581
-1.855927963981991 0.01842849096949292
-1.8509254627313656 0.01877069042776346
-1.8459229614807404 0.019118294779460053
-1.840920460230115 0.019471369272581935
-1.8359179589794896 0.019829979539338488
-1.8309154577288644 0.020194191590088117
-1.825912956478239 0.020564071807070757
-1.8209104552276139 0.020939686937931717
-1.8159079539769885 0.02132110408903533
-1.810905452726363 0.02170839071856641
-1.8059029514757379 0.022101614629417635
-1.8009004502251125 0.022500843961861458
-1.7958979489744873 0.02290614718600413
-1.7908954477238619 0.02331759309402113
-1.7858929464732365 0.023735250792171352
-1.7808904452226113 0.02415918969258934
-1.775887943971986 0.02458947950485354
-1.7708854427213607 0.025026190227329083
-1.7658829414707353 0.025469392138284228
-1.76088044022011 0.025919155786778236
-1.7558779389694847 0.02637555198332002
-1.7508754377188593 0.02683865179029629
-1.7458729364682342 0.027308526512167506
-1.7408704352176088 0.02778524768543109
-1.7358679339669834 0.028268887068350353
-1.7308654327163582 0.0287595166304484
-1.7258629314657328 0.029257208541766094
-1.7208604302151076 0.029762035161882885
-1.7158579289644822 0.03027406902870018
-1.7108554277138568 0.030793382846985917
-1.7058529264632316 0.03132004947668019
-1.7008504252126062 0.031854141920961254
-1.695847923961981 0.03239573331407082
-1.6908454227113556 0.032944896908899034
-1.6858429214607302 0.0335017060643282
-1.680840420210105 0.03406623423233503
-1.6758379189594796 0.03463855494485146
-1.6708354177088545 0.03521874180038343
-1.665832916458229 0.03580686845038835
-1.6608304152076037 0.036403008585410096
-1.6558279139569785 0.037007235920972895
-1.650825412706353 0.037619624183233724
-1.645822911455728 0.03824024709439312
-1.6408204102051025 0.03886917835786583
-1.635817908954477 0.03950649164321032
-1.630815407703852 0.040152260570819436
-1.6258129064532265 0.040806558696371446
-1.6208104052026013 0.04146945949504266
-1.615807903951976 0.04214103634548279
-1.6108054027013505 0.04282136251355385
-1.6058029014507254 0.04351051113583308
-1.6008004002001 0.04420855520288199
-1.5957978989494748 0.04491556754228183
-1.5907953976988494 0.0456316208014378
-1.585792896448224 0.04635678743015239
-1.5807903951975988 0.04709113966297009
-1.5757878939469734 0.047834749501295265
-1.5707853926963482 0.04858768869528394
-1.5657828914457228 0.049350028725513105
-1.5607803901950974 0.05012184078442735
-1.5557778889444722 0.050903195757566855
-1.5507753876938468 0.05169416420457789
-1.5457728864432216 0.05249481634000817
-1.5407703851925962 0.053305222013889764
-1.5357678839419708 0.05412545069211227
-1.5307653826913457 0.05495557143658825
-1.5257628814407203 0.05579565288521414
-1.520760380190095 0.056645763231629384
-1.5157578789394697 0.05750597020477709
-1.5107553776888443 0.05837634104826858
-1.505752876438219 0.059256942499555654
-1.5007503751875937 0.060147840768913885
-1.4957478739369685 0.06104910151823995
-1.490745372686343 0.061960789839667185
-1.485742871435718 0.06288297023400219
-1.4807403701850925 0.06381570658898732
-1.4757378689344671 0.06475906215739233
-1.470735367683842 0.06571309953493869
-1.4657328664332165 0.0666778806380628
-1.4607303651825914 0.06765346668151916
-1.455727863931966 0.06863991815583116
-1.4507253626813406 0.06963729480459162
-1.4457228614307154 0.07064565560161878
-1.44072036018009 0.07166505872797291
-1.4357178589294648 0.07269556154883654
-1.4307153576788394 0.07373722059026588
-1.425712856428214 0.07479009151581627
-1.4207103551775888 0.07585422910304813
-1.4157078539269634 0.07692968721991855
-1.4107053526763382 0.07801651880106358
-1.4057028514257128 0.079114775823977
-1.4007003501750874 0.08022450928509167
-1.3956978489244622 0.08134576917576802
-1.3906953476738368 0.08247860445819832
-1.3856928464232117 0.08362306304122767
-1.3806903451725863 0.08477919175610481
-1.3756878439219609 0.08594703633216207
-1.3706853426713357 0.0871266413724358
-1.3656828414207103 0.08831805032923147
-1.360680340170085 0.08952130547964021
-1.3556778389194597 0.09073644790101386
-1.3506753376688343 0.09196351744640521
-1.3456728364182091 0.09320255271998071
-1.3406703351675837 0.09445359105241138
-1.3356678339169585 0.09571666847625034
-1.3306653326663331 0.0969918197013042
-1.3256628314157077 0.0982790780900039
-1.3206603301650826 0.09957847563278474
-1.3156578289144572 0.10089004292348139
-1.310655327663832 0.10221380913474591
-1.3056528264132066 0.103549801993497
-1.3006503251625812 0.10489804775640747
-1.295647823911956 0.10625857118543829
-1.2906453226613306 0.10763139552342699
-1.2856428214107054 0.10901654246973828
-1.28064032016008 0.11041403215598551
-1.2756378189094546 0.11182388312183063
-1.2706353176588294 0.11324611229087068
-1.265632816408204 0.11468073494662119
-1.2606303151575788 0.11612776470860064
-1.2556278139069534 0.11758721350852983
-1.250625312656328 0.11905909156665048
-1.2456228114057029 0.12054340736817315
-1.2406203101550775 0.12204016763986482
-1.2356178089044523 0.12354937732678088
-1.2306153076538269 0.12507103956915527
-1.2256128064032015 0.1266051556794528
-1.2206103051525763 0.12815172511959697
-1.215607803901951 0.1297107454783788
-1.2106053026513257 0.13128221244905722
-1.2056028014007003 0.132866119807161
-1.200600300150075 0.1344624593884981
-1.1955977988994497 0.13607122106738576
-1.1905952976488243 0.13769239273510794
-1.1855927963981991 0.13932596027860822
-1.1805902951475737 0.14097190755943134
-1.1755877938969483 0.14263021639291823
-1.1705852926463232 0.14430086652766677
-1.1655827913956978 0.14598383562526712
-1.1605802901450726 0.14767909924031863
-1.1555777888944472 0.14938663080074108
-1.1505752876438218 0.151106401588387
-1.1455727863931966 0.15283838071996536
-1.1405702851425712 0.15458253512828662
-1.135567783891946 0.15633882954383577
-1.1305652826413206 0.15810722647668757
-1.1255627813906952 0.1598876861987666
-1.12056028014007 0.16168016672646826
-1.1155577788894446 0.1634846238036458
-1.1105552776388194 0.16530101088497168
-1.105552776388194 0.16712927911968764
-1.1005502751375686 0.16896937733574732
-1.0955477738869435 0.17082125202436238
-1.090545272636318 0.17268484732496323
-1.0855427713856929 0.17456010501057964
-1.0805402701350675 0.1764469644736541
-1.075537768884442 0.17834536271229326
-1.070535267633817 0.18025523431696955
-1.0655327663831915 0.1821765114576799
-1.0605302651325663 0.18410912387156986
-1.055527763881941 0.18605299885103554
-1.0505252626313157 0.18800806123230476
-1.0455227613806903 0.18997423338451547
-1.040520260130065 0.19195143519929042
-1.0355177588794398 0.19393958408082457
-1.0305152576288144 0.19593859493648708
-1.0255127563781892 0.19794838016795038
-1.0205102551275638 0.19996884966285272
-1.0155077538769384 0.20199991078700175
-1.0105052526263132 0.20404146837712828
-1.0055027513756878 0.20609342473419792
-1.0005002501250626 0.20815567961728607
-0.9954977488744372 0.21022813023802656
-0.9904952476238119 0.21231067125564107
-0.9854927463731865 0.21440319477255346
-0.9804902451225612 0.21650559033060043
-0.9754877438719359 0.2186177449078445
-0.9704852426213106 0.22073954291599124
-0.9654827413706853 0.22287086619842658
-0.9604802401200601 0.22501159402887264
-0.9554777388694347 0.22716160311067193
-0.9504752376188094 0.22932076757670744
-0.9454727363681841 0.2314889589899612
-0.9404702351175588 0.2336660463447212
-0.9354677338669335 0.23585189606843907
-0.9304652326163081 0.23804637202424597
-0.9254627313656828 0.2402493355141328
-0.9204602301150575 0.242460645282797
-0.9154577288644322 0.2446801575221644
-0.9104552276138069 0.24690772587658938
-0.9054527263631815 0.24914320144873747
-0.9004502251125562 0.25138643280615625
-0.8954477238619309 0.2536372659885377
-0.8904452226113057 0.2558955445156773
-0.8854427213606804 0.2581611093961324
-0.880440220110055 0.2604337991365836
-0.8754377188594297 0.2627134497519057
-0.8704352176088044 0.2649998947759454
-0.8654327163581791 0.267292965273015
-0.8604302151075538 0.26959248985010126
-0.8554277138569284 0.27189829466979326
-0.8504252126063031 0.2742102034639304
-0.8454227113556778 0.276528037547975
-0.8404202101050525 0.278851615836109
-0.8354177088544272 0.281180754857058
-0.8304152076038018 0.28351526877064187
-0.8254127063531765 0.2858549693850579
-0.8204102051025512 0.2881996661748893
-0.815407703851926 0.29054916629985034
-0.8104052026013007 0.2929032746242577
-0.8054027013506753 0.2952617937372363
-0.80040020010005 0.2976245239736555
-0.7953976988494247 0.29999126343579624
-0.7903951975987994 0.3023618080157494
-0.7853926963481741 0.3047359514185428
-0.7803901950975487 0.30711348518599757
-0.7753876938469234 0.3094941987213108
-0.7703851925962981 0.31187787931436517
-0.7653826913456728 0.31426431216775924
-0.7603801900950475 0.3166532804235618
-0.7553776888444221 0.3190445651907859
-0.7503751875937968 0.32143794557357425
-0.7453726863431716 0.32383319870010463
-0.7403701850925463 0.32623009975219885
-0.735367683841921 0.3286284219956427
-0.7303651825912957 0.3310279368112068
-0.7253626813406703 0.33342841372636534
-0.720360180090045 0.33582962044771053
-0.7153576788394197 0.3382313228940556
-0.7103551775887944 0.34063328523022407
-0.7053526763381691 0.34303526990151467
-0.7003501750875437 0.34543703766884554
-0.6953476738369184 0.3478383476445637
-0.6903451725862931 0.3502389573289161
-0.6853426713356678 0.3526386226471797
-0.6803401700850426 0.35503709798743915
-0.6753376688344171 0.35743413623900655
-0.6703351675837919 0.35982948883147964
-0.6653326663331666 0.36222290577442473
-0.6603301650825413 0.36461413569768425
-0.655327663831916 0.3670029258922928
-0.6503251625812906 0.3693890223520013
-0.6453226613306653 0.3717721698153964
-0.64032016008004 0.37415211180860625
-0.6353176588294147 0.37652859068858646
-0.6303151575787894 0.37890134768697525
-0.625312656328164 0.38127012295450574
-0.6203101550775387 0.383634655605974
-0.6153076538269134 0.3859946837657413
-0.6103051525762881 0.38834994461377115
-0.6053026513256629 0.39070017443218275
-0.6003001500750375 0.3930451086523147
-0.5952976488244122 0.39538448190228664
-0.5902951475737869 0.3977180280550469
-0.5852926463231616 0.40004548027689535
-0.5802901450725363 0.40236657107647095
-0.5752876438219109 0.40468103235419
-0.5702851425712856 0.4069885954521226
-0.5652826413206603 0.40928899120430134
-0.560280140070035 0.4115819499874359
-0.5552776388194097 0.41386720177203934
-0.5502751375687843 0.4161444761739356
-0.545272636318159 0.41841350250614606
-0.5402701350675337 0.4206740098311381
-0.5352676338169085 0.42292572701342207
-0.5302651325662832 0.4251683827724802
-0.5252626313156579 0.4274017057360227
-0.5202601300650325 0.42962542449354274
-0.5152576288144072 0.43183926765016967
-0.5102551275637819 0.43404296388079694
-0.5052526263131566 0.4362362419844726
-0.5002501250625313 0.43841883093903994
-0.49524762381190596 0.4405904599560091
-0.4902451225612806 0.44275085853564733
-0.4852426213106553 0.4448997565222715
-0.48024012006003003 0.447036884159728
-0.4752376188094047 0.4491619721470417
-0.4702351175587794 0.451274751694224
-0.46523261630815405 0.4533749545782159
-0.46023011505752875 0.45546231319896047
-0.45522761380690346 0.4575365606355747
-0.4502251125562781 0.4595974307026193
-0.4452226113056528 0.4616446580064406
-0.4402201100550275 0.46367797800157057
-0.4352176088044022 0.4656971270471665
-0.4302151075537769 0.46770184246348023
-0.42521260630315155 0.4696918625883303
-0.42021010505252626 0.47166692683356964
-0.4152076038019009 0.4736267757415252
-0.4102051025512756 0.4755711510413957
-0.40520260130065033 0.47749979570559004
-0.400200100050025 0.4794124540059886
-0.3951975987993997 0.48130887157011226
-0.39019509754877435 0.4831887954371782
-0.38519259629814906 0.48505197411402845
-0.38019009504752377 0.4868981576309165
-0.3751875937968984 0.488727097597124
-0.37018509254627313 0.490538547256407
-0.36518259129564784 0.4923322615422359
-0.3601800900450225 0.494107997132831
-0.3551775887943972 0.4958655125059555
-0.35017508754377186 0.4976045679934709
-0.34517258629314657 0.49932492583561894
-0.3401700850425213 0.501026350235025
-0.33516758379189593 0.5027086074103969
-0.33016508254127064 0.5043714656499129
-0.3251625812906453 0.5060146953642697
-0.32016008004002 0.507638069139382
-0.3151575787893947 0.509241361788716
-0.31015507753876936 0.5108243504052324
-0.3051525762881441 0.5123868144129358
-0.3001500750375187 0.5139285356179967
-0.29514757378689344 0.515449298259449
-0.29014507253626814 0.5169488890594264
-0.2851425712856428 0.5184270972729389
-0.2801400700350175 0.5198837147371618
-0.27513756878439216 0.521318535920224
-0.27013506753376687 0.522731357969487
-0.2651325662831416 0.5241219807592793
-0.26013006503251623 0.5254902069380988
-0.25512756378189094 0.5268358419752402
-0.25012506253126565 0.5281586942068522
-0.2451225612806403 0.5294585748813927
-0.24012006003001501 0.5307352982044844
-0.2351175587793897 0.5319886813831392
-0.23011505752876438 0.53321854466935
-0.22511255627813906 0.5344247114030248
-0.22011005502751374 0.5356070080542584
-0.21510755377688845 0.5367652642649153
-0.21010505252626313 0.5378993128895286
-0.2051025512756378 0.5390089900354761
-0.2001000500250125 0.5400941351024477
-0.19509754877438718 0.541154590821165
-0.19009504752376188 0.5421902032913596
-0.18509254627313657 0.5432008220189853
-0.18009004502251125 0.5441862999526612
-0.17508754377188593 0.5451464935193198
-0.17008504252126064 0.5460812626590641
-0.16508254127063532 0.5469904708592107
-0.16008004002001 0.5478739851875086
-0.15507753876938468 0.5487316763245307
-0.15007503751875936 0.5495634185952121
-0.14507253626813407 0.55036908999954
-0.14007003501750875 0.5511485722423756
-0.13506753376688344 0.5519017507623988
-0.13006503251625812 0.5526285147601668
-0.12506253126563283 0.5533287572252801
-0.12006003001500751 0.5540023749626389
-0.11505752876438219 0.5546492686177901
-0.11005502751375687 0.5552693427013483
-0.10505252626313157 0.555862505612487
-0.10005002501250625 0.556428669661491
-0.09504752376188094 0.5569677510913614
-0.09004502251125562 0.5574796700984668
-0.08504252126063032 0.5579643508522301
-0.080040020010005 0.5584217215138522
-0.07503751875937968 0.5588517142540558
-0.07003501750875438 0.5592542652698514
-0.06503251625812906 0.5596293148003156
-0.060030015007503754 0.5599768071413773
-0.055027513756878435 0.560296690659605
-0.05002501250625312 0.5605889178049951
-0.04502251125562781 0.5608534451227525
-0.0400200100050025 0.5610902332640582
-0.03501750875437719 0.561299246995825
-0.030015007503751877 0.5614804552094356
-0.02501250625312656 0.5616338309284601
-0.02001000500250125 0.5617593513153467
-0.015007503751875938 0.5618569976770906
-0.010005002501250625 0.5619267554698739
-0.0050025012506253125 0.5619686143026744
0.0 0.5619825679398486
0.0050025012506253125 0.5619686143026743
0.010005002501250625 0.5619267554698737
0.015007503751875938 0.5618569976770904
0.02001000500250125 0.5617593513153468
0.02501250625312656 0.56163383092846
0.030015007503751877 0.5614804552094358
0.03501750875437719 0.5612992469958248
0.0400200100050025 0.5610902332640578
0.04502251125562781 0.5608534451227527
0.05002501250625312 0.5605889178049953
0.055027513756878435 0.5602966906596046
0.060030015007503754 0.5599768071413772
0.06503251625812906 0.5596293148003155
0.07003501750875438 0.5592542652698514
0.07503751875937968 0.5588517142540557
0.080040020010005 0.5584217215138522
0.08504252126063032 0.5579643508522303
0.09004502251125562 0.5574796700984667
0.09504752376188094 0.5569677510913617
0.10005002501250625 0.5564286696614907
0.10505252626313157 0.5558625056124867
0.11005502751375687 0.555269342701348
0.11505752876438219 0.5546492686177902
0.12006003001500751 0.5540023749626394
0.12506253126563283 0.5533287572252801
0.13006503251625812 0.5526285147601667
0.13506753376688344 0.5519017507623986
0.14007003501750875 0.5511485722423753
0.14507253626813407 0.5503690899995397
0.15007503751875936 0.5495634185952114
0.15507753876938468 0.5487316763245308
0.16008004002001 0.5478739851875091
0.16508254127063532 0.5469904708592107
0.17008504252126064 0.5460812626590638
0.17508754377188593 0.5451464935193198
0.18009004502251125 0.5441862999526612
0.18509254627313657 0.5432008220189853
0.19009504752376188 0.5421902032913591
0.19509754877438718 0.541154590821165
0.2001000500250125 0.540094135102448
0.2051025512756378 0.5390089900354762
0.21010505252626313 0.5378993128895284
0.21510755377688845 0.5367652642649158
0.22011005502751374 0.5356070080542583
0.22511255627813906 0.5344247114030252
0.23011505752876438 0.5332185446693504
0.2351175587793897 0.5319886813831395
0.24012006003001501 0.5307352982044845
0.2451225612806403 0.5294585748813928
0.25012506253126565 0.5281586942068525
0.25512756378189094 0.5268358419752406
0.26013006503251623 0.5254902069380983
0.2651325662831416 0.5241219807592791
0.27013506753376687 0.5227313579694869
0.27513756878439216 0.5213185359202243
0.2801400700350175 0.5198837147371613
0.2851425712856428 0.5184270972729388
0.29014507253626814 0.5169488890594264
0.29514757378689344 0.5154492982594489
0.3001500750375187 0.5139285356179967
0.3051525762881441 0.5123868144129359
0.31015507753876936 0.5108243504052323
0.3151575787893947 0.5092413617887159
0.32016008004002 0.507638069139382
0.3251625812906453 0.5060146953642695
0.33016508254127064 0.504371465649913
0.33516758379189593 0.5027086074103968
0.3401700850425213 0.5010263502350247
0.34517258629314657 0.499324925835619
0.35017508754377186 0.4976045679934709
0.3551775887943972 0.49586551250595523
0.3601800900450225 0.4941079971328307
0.36518259129564784 0.4923322615422361
0.37018509254627313 0.4905385472564069
0.3751875937968984 0.4887270975971244
0.38019009504752377 0.48689815763091626
0.38519259629814906 0.48505197411402856
0.39019509754877435 0.4831887954371783
0.3951975987993997 0.48130887157011226
0.400200100050025 0.47941245400598886
0.40520260130065033 0.47749979570559004
0.4102051025512756 0.4755711510413958
0.4152076038019009 0.4736267757415252
0.42021010505252626 0.47166692683356987
0.42521260630315155 0.4696918625883302
0.4302151075537769 0.46770184246347996
0.4352176088044022 0.4656971270471665
0.4402201100550275 0.46367797800157085
0.4452226113056528 0.4616446580064405
0.4502251125562781 0.4595974307026192
0.45522761380690346 0.4575365606355747
0.46023011505752875 0.4554623131989606
0.46523261630815405 0.4533749545782163
0.4702351175587794 0.4512747516942239
0.4752376188094047 0.4491619721470417
0.48024012006003003 0.44703688415972775
0.4852426213106553 0.4448997565222716
0.4902451225612806 0.4427508585356472
0.49524762381190596 0.440590459956009
0.5002501250625313 0.43841883093903977
0.5052526263131566 0.43623624198447236
0.5102551275637819 0.4340429638807968
0.5152576288144072 0.43183926765017
0.5202601300650325 0.4296254244935426
0.5252626313156579 0.4274017057360227
0.5302651325662832 0.4251683827724805
0.5352676338169085 0.42292572701342185
0.5402701350675337 0.42067400983113823
0.545272636318159 0.4184135025061459
0.5502751375687843 0.41614447617393546
0.5552776388194097 0.41386720177203934
0.560280140070035 0.41158194998743597
0.5652826413206603 0.4092889912043013
0.5702851425712856 0.40698859545212296
0.5752876438219109 0.40468103235418973
0.5802901450725363 0.40236657107647084
0.5852926463231616 0.40004548027689507
0.5902951475737869 0.3977180280550469
0.5952976488244122 0.3953844819022867
0.6003001500750375 0.3930451086523147
0.6053026513256629 0.3907001744321829
0.6103051525762881 0.38834994461377115
0.6153076538269134 0.3859946837657413
0.6203101550775387 0.38363465560597404
0.625312656328164 0.3812701229545057
0.6303151575787894 0.37890134768697503
0.6353176588294147 0.3765285906885867
0.64032016008004 0.374152111808606
0.6453226613306653 0.3717721698153961
0.6503251625812906 0.3693890223520012
0.655327663831916 0.36700292589229283
0.6603301650825413 0.3646141356976843
0.6653326663331666 0.3622229057744247
0.6703351675837919 0.35982948883147964
0.6753376688344171 0.3574341362390065
0.6803401700850426 0.3550370979874391
0.6853426713356678 0.3526386226471796
0.6903451725862931 0.3502389573289159
0.6953476738369184 0.3478383476445638
0.7003501750875437 0.34543703766884576
0.7053526763381691 0.34303526990151456
0.7103551775887944 0.34063328523022407
0.7153576788394197 0.3382313228940557
0.720360180090045 0.3358296204477104
0.7253626813406703 0.3334284137263653
0.7303651825912957 0.3310279368112068
0.735367683841921 0.328628421995643
0.7403701850925463 0.3262300997521989
0.7453726863431716 0.32383319870010463
0.7503751875937968 0.3214379455735742
0.7553776888444221 0.3190445651907857
0.7603801900950475 0.3166532804235618
0.7653826913456728 0.31426431216775913
0.7703851925962981 0.31187787931436517
0.7753876938469234 0.30949419872131095
0.7803901950975487 0.3071134851859974
0.7853926963481741 0.3047359514185427
0.7903951975987994 0.30236180801574936
0.7953976988494247 0.2999912634357961
0.80040020010005 0.29762452397365546
0.8054027013506753 0.29526179373723643
0.8104052026013007 0.2929032746242578
0.815407703851926 0.29054916629985045
0.8204102051025512 0.28819966617488946
0.8254127063531765 0.2858549693850579
0.8304152076038018 0.2835152687706421
0.8354177088544272 0.28118075485705807
0.8404202101050525 0.27885161583610907
0.8454227113556778 0.276528037547975
0.8504252126063031 0.27421020346393044
0.8554277138569284 0.2718982946697932
0.8604302151075538 0.2695924898501013
0.8654327163581791 0.2672929652730148
0.8704352176088044 0.26499989477594543
0.8754377188594297 0.26271344975190575
0.880440220110055 0.26043379913658365
0.8854427213606804 0.25816110939613224
0.8904452226113057 0.2558955445156774
0.8954477238619309 0.2536372659885378
0.9004502251125562 0.2513864328061563
0.9054527263631815 0.24914320144873747
0.9104552276138069 0.24690772587658946
0.9154577288644322 0.24468015752216446
0.9204602301150575 0.24246064528279695
0.9254627313656828 0.24024933551413286
0.9304652326163081 0.23804637202424583
0.9354677338669335 0.23585189606843895
0.9404702351175588 0.2336660463447212
0.9454727363681841 0.2314889589899612
0.9504752376188094 0.22932076757670744
0.9554777388694347 0.22716160311067196
0.9604802401200601 0.2250115940288726
0.9654827413706853 0.22287086619842664
0.9704852426213106 0.22073954291599113
0.9754877438719359 0.21861774490784439
0.9804902451225612 0.21650559033060057
0.9854927463731865 0.21440319477255337
0.9904952476238119 0.21231067125564107
0.9954977488744372 0.21022813023802656
1.0005002501250626 0.20815567961728604
1.0055027513756878 0.206093424734198
1.0105052526263132 0.20404146837712825
1.0155077538769384 0.2019999107870016
1.0205102551275638 0.19996884966285255
1.0255127563781892 0.19794838016795024
1.0305152576288144 0.19593859493648708
1.0355177588794398 0.19393958408082457
1.040520260130065 0.19195143519929042
1.0455227613806903 0.18997423338451552
1.0505252626313157 0.1880080612323047
1.055527763881941 0.18605299885103554
1.0605302651325663 0.1841091238715699
1.0655327663831915 0.18217651145767988
1.070535267633817 0.18025523431696958
1.075537768884442 0.17834536271229331
1.0805402701350675 0.17644696447365413
1.0855427713856929 0.17456010501057975
1.090545272636318 0.17268484732496314
1.0955477738869435 0.17082125202436224
1.1005502751375686 0.16896937733574732
1.105552776388194 0.1671292791196877
1.1105552776388194 0.16530101088497168
1.1155577788894446 0.16348462380364587
1.12056028014007 0.1616801667264685
1.1255627813906952 0.15988768619876667
1.1305652826413206 0.15810722647668754
1.135567783891946 0.15633882954383593
1.1405702851425712 0.15458253512828665
1.1455727863931966 0.1528383807199655
1.1505752876438218 0.151106401588387
1.1555777888944472 0.14938663080074108
1.1605802901450726 0.14767909924031863
1.1655827913956978 0.14598383562526718
1.1705852926463232 0.14430086652766672
1.1755877938969483 0.14263021639291815
1.1805902951475737 0.14097190755943131
1.1855927963981991 0.13932596027860816
1.1905952976488243 0.13769239273510797
1.1955977988994497 0.13607122106738584
1.200600300150075 0.13446245938849805
1.2056028014007003 0.132866119807161
1.2106053026513257 0.1312822124490573
1.215607803901951 0.12971074547837877
1.2206103051525763 0.128151725119597
1.2256128064032015 0.12660515567945282
1.2306153076538269 0.12507103956915516
1.2356178089044523 0.12354937732678092
1.2406203101550775 0.12204016763986478
1.2456228114057029 0.12054340736817319
1.250625312656328 0.11905909156665043
1.2556278139069534 0.11758721350852991
1.2606303151575788 0.11612776470860069
1.265632816408204 0.11468073494662118
1.2706353176588294 0.11324611229087071
1.2756378189094546 0.11182388312183059
1.28064032016008 0.11041403215598546
1.2856428214107054 0.10901654246973824
1.2906453226613306 0.10763139552342703
1.295647823911956 0.10625857118543829
1.3006503251625812 0.10489804775640747
1.3056528264132066 0.10354980199349709
1.310655327663832 0.10221380913474586
1.3156578289144572 0.10089004292348136
1.3206603301650826 0.09957847563278474
1.3256628314157077 0.09827907809000394
1.3306653326663331 0.09699181970130419
1.3356678339169585 0.09571666847625032
1.3406703351675837 0.09445359105241129
1.3456728364182091 0.0932025527199807
1.3506753376688343 0.09196351744640519
1.3556778389194597 0.09073644790101384
1.360680340170085 0.08952130547964016
1.3656828414207103 0.0883180503292315
1.3706853426713357 0.08712664137243578
1.3756878439219609 0.08594703633216205
1.3806903451725863 0.08477919175610478
1.3856928464232117 0.08362306304122769
1.3906953476738368 0.08247860445819828
1.3956978489244622 0.08134576917576808
1.4007003501750874 0.08022450928509159
1.4057028514257128 0.07911477582397705
1.4107053526763382 0.07801651880106363
1.4157078539269634 0.07692968721991857
1.4207103551775888 0.07585422910304818
1.425712856428214 0.07479009151581624
1.4307153576788394 0.07373722059026591
1.4357178589294648 0.07269556154883654
1.44072036018009 0.07166505872797291
1.4457228614307154 0.07064565560161881
1.4507253626813406 0.06963729480459163
1.455727863931966 0.06863991815583116
1.4607303651825914 0.06765346668151913
1.4657328664332165 0.06667788063806283
1.470735367683842 0.06571309953493872
1.4757378689344671 0.06475906215739226
1.4807403701850925 0.06381570658898732
1.485742871435718 0.06288297023400218
1.490745372686343 0.06196078983966721
1.4957478739369685 0.06104910151823994
1.5007503751875937 0.06014784076891391
1.505752876438219 0.059256942499555626
1.5107553776888443 0.05837634104826858
1.5157578789394697 0.057505970204777115
1.520760380190095 0.05664576323162935
1.5257628814407203 0.05579565288521415
1.5307653826913457 0.05495557143658828
1.5357678839419708 0.054125450692112324
1.5407703851925962 0.053305222013889764
1.5457728864432216 0.052494816340008146
1.5507753876938468 0.05169416420457791
1.5557778889444722 0.05090319575756686
1.5607803901950974 0.05012184078442738
1.5657828914457228 0.04935002872551309
1.5707853926963482 0.04858768869528394
1.5757878939469734 0.047834749501295216
1.5807903951975988 0.04709113966297012
1.585792896448224 0.046356787430152396
1.5907953976988494 0.04563162080143781
1.5957978989494748 0.04491556754228181
1.6008004002001 0.04420855520288196
1.6058029014507254 0.043510511135833055
1.6108054027013505 0.04282136251355386
1.615807903951976 0.04214103634548278
1.6208104052026013 0.04146945949504264
1.6258129064532265 0.04080655869637145
1.630815407703852 0.04015226057081943
1.635817908954477 0.03950649164321034
1.6408204102051025 0.03886917835786582
1.645822911455728 0.03824024709439312
1.650825412706353 0.037619624183233724
1.6558279139569785 0.0370072359209729
1.6608304152076037 0.0364030085854101
1.665832916458229 0.03580686845038837
1.6708354177088545 0.035218741800383445
1.6758379189594796 0.03463855494485146
1.680840420210105 0.034066234232335034
1.6858429214607302 0.03350170606432823
1.6908454227113556 0.03294489690889904
1.695847923961981 0.03239573331407082
1.7008504252126062 0.03185414192096126
1.7058529264632316 0.03132004947668019
1.7108554277138568 0.030793382846985923
1.7158579289644822 0.03027406902870019
1.7208604302151076 0.029762035161882878
1.7258629314657328 0.0292572085417661
1.7308654327163582 0.028759516630448404
1.7358679339669834 0.028268887068350367
1.7408704352176088 0.02778524768543109
1.7458729364682342 0.027308526512167492
1.7508754377188593 0.02683865179029628
1.7558779389694847 0.026375551983320006
1.76088044022011 0.025919155786778246
1.7658829414707353 0.02546939213828424
1.7708854427213607 0.02502619022732909
1.775887943971986 0.024589479504853535
1.7808904452226113 0.024159189692589338
1.7858929464732365 0.023735250792171356
1.7908954477238619 0.023317593094021115
1.7958979489744873 0.022906147186004137
1.8009004502251125 0.022500843961861455
1.8059029514757379 0.022101614629417638
1.810905452726363 0.02170839071856641
1.8159079539769885 0.02132110408903533
1.8209104552276139 0.020939686937931724
1.825912956478239 0.020564071807070775
1.8309154577288644 0.02019419159008811
1.8359179589794896 0.019829979539338485
1.840920460230115 0.01947136927258195
1.8459229614807404 0.01911829477946006
1.8509254627313656 0.01877069042776347
1.855927963981991 0.018428490969492894
1.8609304652326162 0.01809163154671582
1.8659329664832416 0.017760047697220113
1.870935467733867 0.017433675359967645
1.8759379689844922 0.017112450880349052
1.8809404702351176 0.016796311015242024
1.8859429714857427 0.016485192937875662
1.8909454727363681 0.016179034242502246
1.8959479739869936 0.01587777294887934
1.9009504752376187 0.015581347506563932
1.9059529764882441 0.015289696799021023
1.9109554777388693 0.015002760147549005
1.9159579789894947 0.014720477315023739
1.9209604802401201 0.014442788509464191
1.9259629814907453 0.014169634387421241
1.9309654827413707 0.013900956057192541
1.9359679839919959 0.013636695081865572
1.9409704852426213 0.013376793482191004
1.9459729864932465 0.013121193739289331
1.9509754877438719 0.012869838797192343
1.9559779889944973 0.012622672065222612
1.9609804902451224 0.0123796374202129
1.9659829914957478 0.012140679208567966
1.970985492746373 0.011905742248171437
1.9759879939969984 0.01167477183013983
1.9809904952476238 0.0114477137204264
1.985992996498249 0.011224514161277203
1.9909954977488744 0.01100511987254163
1.9959979989994996 0.010789478052840121
2.001000500250125 0.010577536380591357
2.0060030015007504 0.010369243014901398
2.0110055027513756 0.010164546596317114
2.0160080040020008 0.009963396247446528
2.0210105052526264 0.009765741573448478
2.0260130065032516 0.009571532662393826
2.0310155077538767 0.009380720085500952
2.0360180090045024 0.009193254897247642
2.0410205102551275 0.00900908863536223
2.0460230115057527 0.008828173320695742
2.0510255127563783 0.008650461456978247
2.0560280140070035 0.008475906030461205
2.0610305152576287 0.00830446050944834
2.066033016508254 0.008136078843717717
2.0710355177588795 0.007970715463836943
2.0760380190095047 0.00780832528037428
2.08104052026013 0.007648863683007576
2.0860430215107555 0.007492286539533791
2.0910455227613807 0.00733855019478116
2.096048024012006 0.007187611469426301
2.1010505252626315 0.007039427658718766
2.1060530265132567 0.006893956531115082
2.111055527763882 0.006751156326824668
2.116058029014507 0.006610985756269867
2.1210605302651326 0.006473403998462269
2.126063031515758 0.00633837069929766
2.131065532766383 0.00620584596977155
2.1360680340170086 0.006075790384117728
2.141070535267634 0.005948164977871897
2.146073036518259 0.005822931245862372
2.151075537768884 0.005700051140130289
2.15607803901951 0.005579487067781029
2.161080540270135 0.005461201888769347
2.16608304152076 0.005345158913619854
2.1710855427713858 0.005231321901085214
2.176088044022011 0.005119655055743931
2.181090545272636 0.005010123025539654
2.1860930465232618 0.004902690899264098
2.191095547773887 0.0047973242039855025
2.196098049024512 0.004693988902424427
2.2011005502751373 0.004592651390278958
2.206103051525763 0.0044932784935011036
2.211105552776388 0.004395837465526248
2.2161080540270133 0.004300295984457479
2.221110555277639 0.004206622150206641
2.226113056528264 0.004114784481593873
2.2311155577788893 0.00402475191340734
2.236118059029515 0.0039364937934249725
2.24112056028014 0.0038499798793998957
2.2461230615307652 0.0037651803360111567
2.2511255627813904 0.0036820657317815446
2.256128064032016 0.0036006070359639922
2.2611305652826412 0.003520775615398315
2.2661330665332664 0.0034425432313397136
2.271135567783892 0.003365882036260704
2.276138069034517 0.0032907645706280356
2.2811405702851424 0.0032171637596559444
2.286143071535768 0.003145052910037388
2.291145572786393 0.003074405706654684
2.2961480740370184 0.0030051962092708558
2.3011505752876436 0.0029373988492032883
2.306153076538269 0.002870988425980911
2.3111555777888944 0.0028059401039863766
2.3161580790395195 0.002742229409084436
2.321160580290145 0.0026798322252379637
2.3261630815407703 0.002618724791112814
2.3311655827913955 0.0025588836966727478
2.336168084042021 0.0025002858797657478
2.3411705852926463 0.0024429086227028556
2.3461730865432715 0.0023867295488306985
2.3511755877938967 0.0023317266190989185
2.3561780890445223 0.0022778781286235793
2.3611805902951475 0.0022251627032477046
2.3661830915457727 0.002173559296099943
2.3711855927963983 0.0021230471841525347
2.3761880940470235 0.0020736059647795185
2.3811905952976486 0.0020252155523161845
2.3861930965482743 0.00197785617462084
2.3911955977988995 0.0019315083696397754
2.3961980990495246 0.0018861529819763538
2.40120060030015 0.0018417711594652217
2.4062031015507754 0.0017983443497524361
2.4112056028014006 0.0017558542968824527
2.416208104052026 0.0017142830378927409
2.4212106053026514 0.0016736128994169243
2.4262131065532766 0.0016338264942972185
2.431215607803902 0.001594906718206894
2.4362181090545274 0.0015568367462835979
2.4412206103051526 0.001519600029774244
2.4462231115557778 0.001483180292692127
2.451225612806403 0.0014475615284870362
2.4562281140570286 0.0014127279967289883
2.4612306153076537 0.0013786642198062508
2.466233116558279 0.001345354979638245
2.4712356178089045 0.001312785314404004
2.4762381190595297 0.0012809405152867197
2.481240620310155 0.0012498061232349633
2.4862431215607805 0.0012193679257411366
2.4912456228114057 0.0011896119536376917
2.496248124062031 0.0011605244779115888
2.501250625312656 0.001132092006537539
2.5062531265632817 0.0011043012813304748
2.511255627813907 0.0010771392748177102
2.516258129064532 0.0010505931871312203
2.5212606303151577 0.0010246504429204815
2.526263131565783 0.0009992986882862655
2.531265632816408 0.0009745257877357522
2.5362681340670337 0.0009503198211593643
2.541270635317659 0.0009266690808296682
2.546273136568284 0.0009035620684226475
2.551275637818909 0.0008809874920617058
2.556278139069535 0.000858934263384693
2.56128064032016 0.0008373914946342352
2.566283141570785 0.0008163484957716371
2.571285642821411 0.0007957947716146429
2.576288144072036 0.0007757200189992779
2.581290645322661 0.0007561141239659909
2.5862931465732864 0.000736967158970347
2.591295647823912 0.0007182693801184384
2.596298149074537 0.0007000112244272272
2.6013006503251623 0.0006821833071099691
2.606303151575788 0.000664776418886906
2.611305652826413 0.0006477815233213644
2.6163081540770383 0.0006311897541813852
2.621310655327664 0.0006149924128270319
2.626313156578289 0.0005991809656234759
2.6313156578289143 0.0005837470413799556
2.6363181590795395 0.0005686824288147083
2.641320660330165 0.0005539790740459485
2.6463231615807903 0.0005396290781089663
2.6513256628314155 0.000525624694499377
2.656328164082041 0.0005119583267426074
2.6613306653326663 0.0004986225259896253
2.6663331665832914 0.00048560998863893994
2.671335667833917 0.0004729135539849032
2.6763381690845423 0.0004605262018923134
2.6813406703351674 0.0004484410504973057
2.6863431715857926 0.00043665135393453633
2.6913456728364182 0.00042515050009062956
2.6963481740870434 0.0004139320083838652
2.7013506753376686 0.00040298952757005695
2.706353176588294 0.0003923168335745948
2.7113556778389194 0.00038190782735058725
2.7163581790895446 0.0003717565327630384
2.72136068034017 0.00036185709449900827
2.7263631815907954 0.00035220377600366995
2.7313656828414206 0.0003427909574421774
2.7363681840920457 0.00033361313368727264
2.7413706853426714 0.00032466491233251873
2.7463731865932965 0.00031594101173107545
2.7513756878439217 0.00030743625905988885
2.7563781890945473 0.0002991455884092031
2.7613806903451725 0.0002910640388972677
2.7663831915957977 0.0002831867528101061
2.7713856928464233 0.0002755089737662342
2.7763881940970485 0.0002680260449061842
2.7813906953476737 0.00026073340710668926
2.786393196598299 0.00025362659721940133
2.7913956978489245 0.00024670124633397584
2.7963981990995497 0.00023995307806538556
2.801400700350175 0.00023337790686529287
2.8064032016008005 0.00022697163635733127
2.8114057028514257 0.0002207302576961275
2.816408204102051 0.00021464984794988907
2.8214107053526765 0.00020872656850639794
2.8264132066033016 0.00020295666350222697
2.831415707853927 0.00019733645827499938
2.836418209104552 0.00019186235783851812
2.8414207103551776 0.00018653084538057283
2.846423211605803 0.00018133848078324513
2.851425712856428 0.00017628189916551313
2.8564282141070536 0.00017135780944797495
2.861430715357679 0.00016656299293949043
2.866433216608304 0.00016189430194554338
2.8714357178589296 0.00015734865839813256
2.8764382191095548 0.00015292305250698955
2.88144072036018 0.00014861454143191602
2.886443221610805 0.00014442024797604617
2.8914457228614308 0.00014033735929982493
2.896448224112056 0.00013636312565549607
2.901450725362681 0.0001324948591418927
2.9064532266133067 0.0001287299324793257
2.911455727863932 0.00012506577780435645
2.916458229114557 0.00012149988548424384
2.9214607303651827 0.00011802980295085955
2.926463231615808 0.00011465313355385465
2.931465732866433 0.00011136753543286641
2.9364682341170583 0.00010817072040855614
2.941470735367684 0.00010506045289226004
2.946473236618309 0.00010203454881404559
2.9514757378689342 9.909087456895223e-05
2.95647823911956 9.622734598121159e-05
2.961480740370185 9.344192728622753e-05
2.9664832416208102 9.073263013010357e-05
2.971485742871436 8.809751258650683e-05
2.976488244122061 8.553467819065352e-05
2.981490745372686 8.304227499020173e-05
2.9864932466233114 8.061849461284297e-05
2.991495747873937 7.82615713503762e-05
2.996498249124562 7.596978125905756e-05
3.0015007503751874 7.374144127600899e-05
3.006503251625813 7.157490835148191e-05
3.011505752876438 6.946857859676271e-05
3.0165082541270634 6.742088644751067e-05
3.0215107553776885 6.5430303842324e-05
3.026513256628314 6.349533941632395e-05
3.0315157578789393 6.161453770955276e-05
3.0365182591295645 5.9786478389978564e-05
3.04152076038019 5.800977549090548e-05
3.0465232616308153 5.62830766625857e-05
3.0515257628814405 5.4605062437829067e-05
3.056528264132066 5.2974445511414094e-05
3.0615307653826913 5.138997003309819e-05
3.0665332666333165 4.9850410914029113e-05
3.0715357678839417 4.835457314636289e-05
3.0765382691345673 4.690129113589107e-05
3.0815407703851925 4.5489428047484676e-05
3.0865432716358177 4.411787516316081e-05
3.0915457728864433 4.278555125258269e-05
3.0965482741370685 4.149140195580331e-05
3.1015507753876936 4.023439917806237e-05
3.1065532766383193 3.9013540496453476e-05
3.1115557778889444 3.7827848578274606e-05
3.1165582791395696 3.667637061087846e-05
3.121560780390195 3.5558177742842153e-05
3.1265632816408204 3.447236453627535e-05
3.1315657828914456 3.341804843008911e-05
3.136568284142071 3.2394369214047514e-05
3.1415707853926964 3.1400488513428756e-05
3.1465732866433216 3.04355892841217e-05
3.1515757878939468 2.9498875317985287e-05
3.1565782891445724 2.858957075830301e-05
3.1615807903951976 2.7706919625163335e-05
3.1665832916458228 2.6850185350598946e-05
3.171585792896448 2.6018650323322348e-05
3.1765882941470736 2.521161544289345e-05
3.1815907953976987 2.442839968315922e-05
3.186593296648324 2.3668339664805303e-05
3.1915957978989495 2.293078923686359e-05
3.1965982991495747 2.2215119067019546e-05
3.2016008004002 2.15207162405653e-05
3.2066033016508255 2.084698386784777e-05
3.2116058029014507 2.0193340700060877e-05
3.216608304152076 1.9559220753234032e-05
3.221610805402701 1.8944072940270655e-05
3.2266133066533267 1.8347360710892242e-05
3.231615807903952 1.7768561699345277e-05
3.236618309154577 1.720716737972963e-05
3.2416208104052027 1.6662682728810515e-05
3.246623311655828 1.6134625896176127e-05
3.251625812906453 1.562252788160516e-05
3.2566283141570787 1.512593221951175e-05
3.261630815407704 1.4644394670335393e-05
3.266633316658329 1.41774829187457e-05
3.271635817908954 1.372477627853446e-05
3.27663831915958 1.3285865404068303e-05
3.281640820410205 1.2860352008177385e-05
3.28664332166083 1.2447848586357198e-05
3.291645822911456 1.2047978147162785e-05
3.296648324162081 1.1660373948676004e-05
3.301650825412706 1.128467924092768e-05
3.306653326663332 1.092054701415993e-05
3.311655827913957 1.0567639752813787e-05
3.316658329164582 1.0225629195129752e-05
3.3216608304152073 9.894196098251272e-06
3.326663331665833 9.5730300087214e-06
3.331665832916458 9.261829038265987e-06
3.3366683341670833 8.960299644757222e-06
3.341670835417709 8.668156418254021e-06
3.346673336668334 8.385121872016809e-06
3.3516758379189593 8.110926238395744e-06
3.356678339169585 7.845307269493637e-06
3.36168084042021 7.5880100425060385e-06
3.3666833416708353 7.33878676964228e-06
3.3716858429214605 7.097396612533599e-06
3.376688344172086 6.863605501035235e-06
3.3816908454227113 6.637185956331557e-06
3.3866933466733364 6.417916918254141e-06
3.391695847923962 6.205583576725012e-06
3.3966983491745872 5.999977207238237e-06
3.4017008504252124 5.800895010294421e-06
3.406703351675838 5.6081399547047446e-06
3.4117058529264632 5.421520624682098e-06
3.4167083541770884 5.240851070638209e-06
3.4217108554277136 5.065950663607801e-06
3.426713356678339 4.896643953221381e-06
3.4317158579289644 4.73276052915012e-06
3.4367183591795896 4.574134885947536e-06
3.441720860430215 4.42060629121409e-06
3.4467233616808404 4.272018657012119e-06
3.4517258629314655 4.128220414459642e-06
3.4567283641820907 3.989064391433375e-06
3.4617308654327164 3.85440769331204e-06
3.4667333666833415 3.724111586692679e-06
3.4717358679339667 3.598041386013729e-06
3.4767383691845923 3.4760663430200332e-06
3.4817408704352175 3.3580595390060935e-06
3.4867433716858427 3.243897779774939e-06
3.4917458729364683 3.133461493251497e-06
3.4967483741870935 3.0266346296902494e-06
3.5017508754377187 2.9233045644181417e-06
3.506753376688344 2.823362003055046e-06
3.5117558779389695 2.726700889154988e-06
3.5167583791895947 2.6332183142125885e-06
3.52176088044022 2.542814429980081e-06
3.5267633816908455 2.455392363041683e-06
3.5317658829414706 2.3708581315928183e-06
3.536768384192096 2.2891205643727977e-06
3.5417708854427215 2.210091221700838e-06
3.5467733866933466 2.1336843185660044e-06
3.551775887943972 2.059816649722765e-06
3.556778389194597 1.988407516744944e-06
3.5617808904452226 1.9193786569916446e-06
3.566783391695848 1.8526541744398183e-06
3.571785892946473 1.788160472338896e-06
3.5767883941970986 1.7258261876440962e-06
3.5817908954477238 1.6655821271856843e-06
3.586793396698349 1.6073612055324143e-06
3.5917958979489746 1.551098384508352e-06
3.5967983991995998 1.4967306143230623e-06
3.601800900450225 1.4441967762759164e-06
3.60680340170085 1.3934376269962964e-06
3.6118059029514757 1.3443957441821295e-06
3.616808404202101 1.2970154738000524e-06
3.621810905452726 1.2512428787112617e-06
3.6268134067033517 1.207025688687974e-06
3.631815907953977 1.1643132517860768e-06
3.636818409204602 1.1230564870403017e-06
3.6418209104552277 1.0832078384491167e-06
3.646823411705853 1.04472123021711e-06
3.651825912956478 1.007552023223387e-06
3.6568284142071033 9.716569726852744e-07
3.661830915457729 9.369941869872135e-07
3.666833416708354 9.035230876454495e-07
3.6718359179589792 8.712043703797447e-07
3.676838419209605 8.399999672640536e-07
3.68184092046023 8.098730099286733e-07
3.686843421710855 7.807877937870005e-07
3.691845922961481 7.527097432607114e-07
3.696848424212106 7.256053779777073e-07
3.701850925462731 6.994422799177547e-07
3.7068534267133564 6.741890614814025e-07
3.711855927963982 6.498153344582379e-07
3.716858429214607 6.262916798711418e-07
3.7218609304652324 6.035896186737295e-07
3.726863431715858 5.816815832787221e-07
3.731865932966483 5.605408898954916e-07
3.7368684342171083 5.401417116555161e-07
3.741870935467734 5.20459052505049e-07
3.746873436718359 5.014687218447335e-07
3.7518759379689843 4.831473098963817e-07
3.7568784392196095 4.654721637776663e-07
3.761880940470235 4.4842136426585496e-07
3.7668834417208603 4.3197370323223797e-07
3.7718859429714855 4.16108661729281e-07
3.776888444222111 4.008063887130382e-07
3.7818909454727363 3.860476803837281e-07
3.7868934467233615 3.718139601277987e-07
3.791895947973987 3.5808725904525926e-07
3.7968984492246123 3.44850197046405e-07
3.8019009504752375 3.3208596450245706e-07
3.8069034517258626 3.197783044350618e-07
3.8119059529764883 3.079114952299173e-07
3.8169084542271134 2.9647033386019155e-07
3.8219109554777386 2.8544011960573555e-07
3.8269134567283642 2.7480663825446494e-07
3.8319159579789894 2.6455614677260853e-07
3.8369184592296146 2.546753584308525e-07
3.8419209604802402 2.451514283737622e-07
3.8469234617308654 2.3597193962015804e-07
3.8519259629814906 2.2712488948243446e-07
3.8569284642321158 2.1859867639314423e-07
3.8619309654827414 2.1038208712743328e-07
3.8669334667333666 2.024642844102309e-07
3.8719359679839918 1.948347948973648e-07
3.8769384692346174 1.874834975200699e-07
3.8819409704852426 1.8040061218261768e-07
3.8869434717358677 1.7357668880305711e-07
3.891945972986493 1.6700259668733518e-07
3.8969484742371185 1.606695142273012e-07
3.9019509754877437 1.5456891891336077e-07
3.906953476738369 1.4869257765277062e-07
3.9119559779889945 1.4303253738482715e-07
3.9169584792396197 1.3758111598441128e-07
3.921960980490245 1.3233089344558338e-07
3.9269634817408705 1.27274703337151e-07
3.9319659829914957 1.2240562452233894e-07
3.936968484242121 1.1771697313489776e-07
3.941970985492746 1.1320229480420575e-07
3.9469734867433717 1.0885535712210586e-07
3.951975987993997 1.0467014234442171e-07
3.956978489244622 1.0064084032028062e-07
3.9619809904952477 9.676184164256946e-08
3.966983491745873 9.302773101301785e-08
3.971985992996498 8.943328081558408e-08
3.9769884942471236 8.597344489199802e-08
3.981990995497749 8.26433525134752e-08
3.986993496748374 7.943830254278162e-08
3.991995997998999 7.635375778099629e-08
3.996998499249625 7.33853394934645e-08
4.00200100050025 7.052882210959487e-08
4.007003501750876 6.778012809129591e-08
4.012006003001501 6.51353229649958e-08
4.017008504252126 6.259061051233169e-08
4.022011005502751 6.01423281147257e-08
4.027013506753376 5.77869422472059e-08
4.0320160080040015 5.552104411695632e-08
4.037018509254628 5.3341345442209473e-08
4.042021010505253 5.12446743672193e-08
4.047023511755878 4.922797150916698e-08
4.052026013006503 4.728828613298234e-08
4.057028514257128 4.542277245016393e-08
4.0620310155077535 4.362868603780151e-08
4.067033516758379 4.190338037411025e-08
4.072036018009005 4.0244303486892075e-08
4.07703851925963 3.864899471144359e-08
4.082041020510255 3.711508155452609e-08
4.08704352176088 3.5640276661118965e-08
4.092046023011505 3.422237488076445e-08
4.097048524262131 3.2859250430408764e-08
4.102051025512757 3.154885415073388e-08
4.107053526763382 3.0289210853062996e-08
4.112056028014007 2.907841675400264e-08
4.117058529264632 2.7914636995077374e-08
4.122061030515257 2.679610324468337e-08
4.127063531765883 2.572111137977256e-08
4.132066033016508 2.4688019244752386e-08
4.137068534267134 2.369524448516192e-08
4.142071035517759 2.274126245375763e-08
4.147073536768384 2.1824604186709363e-08
4.152076038019009 2.094385444768149e-08
4.1570785392696346 2.0097649837634587e-08
4.16208104052026 1.9284676968251402e-08
4.167083541770885 1.8503670696952548e-08
4.172086043021511 1.7753412421528672e-08
4.177088544272136 1.7032728432476134e-08
4.182091045522761 1.634048832117822e-08
4.1870935467733865 1.5675603442134844e-08
4.192096048024012 1.503702542749374e-08
4.197098549274637 1.4423744752191735e-08
4.202101050525263 1.3834789348065403e-08
4.207103551775888 1.3269223265341503e-08
4.212106053026513 1.2726145379963796e-08
4.2171085542771385 1.220468814526412e-08
4.222111055527764 1.1704016386527536e-08
4.227113556778389 1.1223326137048677e-08
4.232116058029014 1.0761843514318522e-08
4.23711855927964 1.0318823635023407e-08
4.242121060530265 9.893549567579258e-09
4.2471235617808905 9.485331320962151e-09
4.252126063031516 9.09350486863772e-09
4.257128564282141 8.717431206426593e-09
4.262131065532766 8.35649544318078e-09
4.267133566783391 8.01010592318124e-09
4.272136068034017 7.677693379200377e-09
4.277138569284642 7.358710115207715e-09
4.282141070535268 7.05262921772719e-09
4.287143571785893 6.7589437948886705e-09
4.292146073036518 6.4771662422439575e-09
4.297148574287143 6.2068275344487375e-09
4.302151075537768 5.947476541939936e-09
4.307153576788394 5.698679371765713e-09
4.31215607803902 5.46001873175266e-09
4.317158579289645 5.231093317219797e-09
4.32216108054027 5.011517219476087e-09
4.327163581790895 4.8009193553610355e-09
4.33216608304152 4.598942917112686e-09
4.337168584292146 4.405244841870301e-09
4.3421710855427715 4.2194953001414465e-09
4.347173586793397 4.041377202584456e-09
4.352176088044022 3.870585724479327e-09
4.357178589294647 3.7068278472794466e-09
4.362181090545272 3.549821916657024e-09
4.367183591795897 3.399297216474085e-09
4.3721860930465235 3.2549935581294256e-09
4.377188594297149 3.116660884750243e-09
4.382191095547774 2.984058889714025e-09
4.387193596798399 2.856956649004081e-09
4.392196098049024 2.7351322669177263e-09
4.397198599299649 2.6183725346623963e-09
4.402201100550275 2.506472601390384e-09
4.407203601800901 2.399235657237617e-09
4.412206103051526 2.296472627946671e-09
4.417208604302151 2.198001880667635e-09
4.422211105552776 2.103648940544852e-09
4.427213606803401 2.0132462177098276e-09
4.4322161080540265 1.926632744313881e-09
4.437218609304653 1.8436539212461958e-09
4.442221110555278 1.7641612741949767e-09
4.447223611805903 1.688012218720675e-09
4.452226113056528 1.6150698340219188e-09
4.457228614307153 1.545202645085102e-09
4.4622311155577785 1.4782844129193363e-09
4.467233616808404 1.4141939325885505e-09
4.47223611805903 1.3528148387623015e-09
4.477238619309655 1.2940354185164182e-09
4.48224112056028 1.2377484311236101e-09
4.487243621810905 1.1838509345833813e-09
4.4922461230615305 1.1322441186488745e-09
4.497248624312156 1.0828331441167418e-09
4.502251125562781 1.0355269881542049e-09
4.507253626813407 9.902382954451777e-10
4.512256128064032 9.46883234944954e-10
4.517258629314657 9.053813620400915e-10
4.5222611305652824 8.656554859174053e-10
4.527263631815908 8.276315419525741e-10
4.532266133066533 7.912384689355661e-10
4.537268634317159 7.564080909564476e-10
4.542271135567784 7.230750037813312e-10
4.547273636818409 6.911764655540282e-10
4.552276138069034 6.606522916649885e-10
4.55727863931966 6.314447536344212e-10
4.562281140570285 6.034984818620187e-10
4.56728364182091 5.767603721008681e-10
4.572286143071536 5.511794955181526e-10
4.577288644322161 5.267070122101328e-10
4.582291145572786 5.032960880435139e-10
4.587293646823412 4.809018146999817e-10
4.592296148074037 4.594811328049183e-10
4.597298649324662 4.389927580256498e-10
4.602301150575287 4.1939711002861623e-10
4.607303651825913 4.006562441888304e-10
4.612306153076538 3.8273378594880877e-10
4.6173086543271635 3.655948677277985e-10
4.622311155577789 3.49206068285778e-10
4.627313656828414 3.3353535445005347e-10
4.632316158079039 3.185520251156434e-10
4.637318659329665 3.0422665743384235e-10
4.64232116058029 2.905310551064563e-10
4.6473236618309155 2.774381987061507e-10
4.652326163081541 2.6492219794632026e-10
4.657328664332166 2.529582458265832e-10
4.662331165582791 2.415225745827557e-10
4.667333666833416 2.305924133727302e-10
4.672336168084042 2.2014594763219086e-10
4.6773386693346675 2.1016228003652661e-10
4.682341170585293 2.006213930076083e-10
4.687343671835918 1.9150411270639056e-10
4.692346173086543 1.8279207445443022e-10
4.697348674337168 1.7446768952953104e-10
4.702351175587793 1.66514113282739e-10
4.707353676838419 1.5891521452586758e-10
4.712356178089045 1.5165554614061452e-10
4.71735867933967 1.4472031686212648e-10
4.722361180590295 1.3809536419165982e-10
4.72736368184092 1.3176712839463086e-10
4.732366183091545 1.2572262754200025e-10
4.7373686843421705 1.199494335545047e-10
4.742371185592797 1.1443564921075154e-10
4.747373686843422 1.0916988608167174e-10
4.752376188094047 1.0414124335520026e-10
4.757378689344672 9.933928751645492e-11
4.762381190595297 9.475403284994869e-11
4.7673836918459225 9.037592273165997e-11
4.7723861930965485 8.61958116799846e-11
4.777388694347174 8.220494813577716e-11
4.782391195597799 7.839495794279815e-11
4.787393696848424 7.475782850099858e-11
4.792396198099049 7.128589356609402e-11
4.7973986993496744 6.797181866990697e-11
4.8024012006003 6.480858713692412e-11
4.807403701850926 6.178948667344928e-11
4.812406203101551 5.890809650664423e-11
4.817408704352176 5.6158275051603626e-11
4.822411205602801 5.3534148085469514e-11
4.827413706853426 5.103009740837774e-11
4.832416208104052 4.864074997181661e-11
4.837418709354677 4.6360967455723505e-11
4.842421210605303 4.4185836276365914e-11
4.847423711855928 4.2110658007748235e-11
4.852426213106553 4.0130940199948115e-11
4.857428714357178 3.824238757844106e-11
4.862431215607804 3.644089360907766e-11
4.867433716858429 3.472253241398384e-11
4.872436218109055 3.308355102422249e-11
4.87743871935968 3.152036195561188e-11
4.882441220610305 3.0029536094620604e-11
4.88744372186093 2.8607795881780732e-11
4.8924462231115555 2.7252008780542837e-11
4.897448724362181 2.5959181019976547e-11
4.902451225612806 2.472645160017363e-11
4.907453726863432 2.3551086549650213e-11
4.912456228114057 2.2430473424466735e-11
4.917458729364682 2.136211603918689e-11
4.9224612306153075 2.0343629420193992e-11
4.927463731865933 1.937273497225164e-11
4.932466233116558 1.8447255849561122e-11
4.937468734367183 1.7565112522913947e-11
4.942471235617809 1.6724318534872364e-11
4.947473736868434 1.59229764352324e-11
4.9524762381190595 1.5159273889330663e-11
4.957478739369685 1.4431479952057911e-11
4.96248124062031 1.373794150072262e-11
4.967483741870935 1.3077079820186278e-11
4.972486243121561 1.2447387333954149e-11
4.977488744372186 1.184742447516053e-11
4.982491245622811 1.1275816691628699e-11
4.987493746873437 1.0731251579424438e-11
4.992496248124062 1.0212476139543359e-11
4.997498749374687 9.718294152590758e-12
5.002501250625312 9.247563666520767e-12
