-1.5 0.012003836588128454
-1.49 0.014036335717826661
-1.48 0.016301522192974382
-1.47 0.018807911269674262
-1.46 0.021562018572606454
-1.45 0.024568240165977487
-1.44 0.027828794463170933
-1.43 0.03134372615293528
-1.42 0.03511096914295039
-1.41 0.039126462683948926
-1.4000000000000001 0.04338431252548979
-1.3900000000000001 0.04787698729906181
-1.3800000000000001 0.05259553939331575
-1.37 0.05752983938370856
-1.36 0.06266881355009843
-1.35 0.06800067505875897
-1.34 0.07351314086454928
-1.33 0.07919362815180297
-1.32 0.08502942602396225
-1.31 0.091007840028412
-1.3 0.09711630884227715
-1.29 0.10334249395338599
-1.28 0.10967434438584422
-1.27 0.11610013941062523
-1.26 0.12260851274551667
-1.25 0.12918846200648446
-1.24 0.13582934716257009
-1.23 0.14252088151884792
-1.22 0.14925311836236244
-1.21 0.1560164359103661
-1.2 0.16280152265082132
-1.19 0.16959936460748018
-1.18 0.1764012355326718
-1.17 0.1831986905575023
-1.16 0.1899835634293476
-1.1500000000000001 0.19674796714941215
-1.1400000000000001 0.20348429759047232
-1.1300000000000001 0.21018523952240045
-1.12 0.2168437743921165
-1.11 0.22345318918382226
-1.1 0.23000708571206271
-1.09 0.23649938976142343
-1.08 0.24292435957045724
-1.07 0.2492765932530598
-1.06 0.255551034849188
-1.05 0.26174297879168884
-1.04 0.2678480726622695
-1.03 0.2738623181842152
-1.02 0.2797820704609179
-1.01 0.2856040355173615
-1.0 0.291325266237161
-0.99 0.2969431568118926
-0.98 0.3024554358340183
-0.97 0.30786015817151396
-0.96 0.3131556957632322
-0.9500000000000001 0.31834072747065806
-0.9400000000000001 0.32341422811557946
-0.93 0.3283754568253897
-0.92 0.33322394479924305
-0.91 0.3379594825997127
-0.9 0.342582107066415
-0.89 0.34709208794049135
-0.88 0.3514899142820301
-0.87 0.35577628075642276
-0.86 0.35995207386024736
-0.85 0.36401835815246053
-0.84 0.36797636255229016
-0.8300000000000001 0.37182746676119044
-0.8200000000000001 0.3755731878623898
-0.81 0.379215167147862
-0.8 0.38275515721889564
-0.79 0.38619500940279566
-0.78 0.38953666152455974
-0.77 0.3927821260686596
-0.76 0.3959334787622829
-0.75 0.3989928476076197
-0.74 0.40196240238696
-0.73 0.404844344660616
-0.72 0.407640898273938
-0.71 0.41035430038606463
-0.7000000000000001 0.4129867930294904
-0.6900000000000001 0.4155406152061358
-0.68 0.418017995522348
-0.67 0.4204211453621808
-0.66 0.4227522525954181
-0.65 0.42501347581411336
-0.64 0.42720693908895196
-0.63 0.4293347272344808
-0.62 0.4313988815702246
-0.61 0.43340139616288803
-0.6 0.43534421453325567
-0.59 0.43722922681002063
-0.58 0.4390582673116103
-0.5700000000000001 0.4408331125361128
-0.56 0.4425554795386412
-0.55 0.44422702467488234
-0.54 0.4458493426891887
-0.53 0.4474239661253106
-0.52 0.44895236503779257
-0.51 0.4504359469821125
-0.5 0.45187605726182667
-0.49 0.45327397941129177
-0.48 0.4546309358929562
-0.47000000000000003 0.455948088988714
-0.46 0.4572265418654273
-0.45 0.45846733979537896
-0.44 0.4596714715131548
-0.43 0.4608398706912602
-0.42 0.4619734175175705
-0.41000000000000003 0.4630729403586151
-0.4 0.46413921749355497
-0.39 0.4651729789046372
-0.38 0.46617490811080864
-0.37 0.4671456440320946
-0.36 0.468085782873247
-0.35000000000000003 0.4689958800160772
-0.34 0.4698764519107528
-0.33 0.47072797795720844
-0.32 0.47155090236864716
-0.31 0.47234563600991547
-0.3 0.4731125582043017
-0.29 0.47385201850304937
-0.28 0.474564338412564
-0.27 0.4752498130749665
-0.26 0.47590871289825115
-0.25 0.476541285132891
-0.24 0.47714775539226706
-0.23 0.4777283291147999
-0.22 0.4782831929661009
-0.21 0.47881251617989196
-0.2 0.47931645183680116
-0.19 0.47979513808047647
-0.18 0.48024869927077024
-0.17 0.48067724707397996
-0.16 0.48108088149038136
-0.15 0.4814596918194608
-0.14 0.48181375756342015
-0.13 0.48214314926965285
-0.12 0.4824479293129871
-0.11 0.48272815261856733
-0.1 0.48298386732628795
-0.09 0.48321511539771733
-0.08 0.4834219331664589
-0.07 0.483604351832864
-0.06 0.4837623979039932
-0.05 0.4838960935796605
-0.04 0.48400545708532966
-0.03 0.484090502952558
-0.02 0.4841512422475978
-0.01 0.48418768274865104
0.0 0.4841998290721946
0.01 0.48418768274865104
0.02 0.48415124224759754
0.03 0.4840905029525581
0.04 0.48400545708532927
0.05 0.48389609357966035
0.06 0.48376239790399306
0.07 0.48360435183286327
0.08 0.483421933166459
0.09 0.4832151153977172
0.1 0.4829838673262872
0.11 0.4827281526185674
0.12 0.48244792931298724
0.13 0.48214314926965257
0.14 0.48181375756342
0.15 0.4814596918194605
0.16 0.48108088149038136
0.17 0.4806772470739796
0.18 0.48024869927077024
0.19 0.47979513808047614
0.2 0.47931645183680055
0.21 0.47881251617989184
0.22 0.4782831929661005
0.23 0.4777283291147997
0.24 0.47714775539226706
0.25 0.476541285132891
0.26 0.475908712898251
0.27 0.4752498130749661
0.28 0.47456433841256335
0.29 0.47385201850304887
0.3 0.4731125582043016
0.31 0.47234563600991514
0.32 0.47155090236864666
0.33 0.47072797795720794
0.34 0.4698764519107524
0.35000000000000003 0.4689958800160772
0.36 0.46808578287324654
0.37 0.4671456440320943
0.38 0.46617490811080814
0.39 0.46517297890463655
0.4 0.4641392174935546
0.41000000000000003 0.46307294035861446
0.42 0.4619734175175702
0.43 0.46083987069126003
0.44 0.4596714715131544
0.45 0.45846733979537846
0.46 0.45722654186542727
0.47000000000000003 0.4559480889887135
0.48 0.45463093589295583
0.49 0.45327397941129166
0.5 0.4518760572618261
0.51 0.4504359469821121
0.52 0.4489523650377923
0.53 0.4474239661253104
0.54 0.4458493426891884
0.55 0.44422702467488223
0.56 0.4425554795386412
0.5700000000000001 0.44083311253611285
0.58 0.43905826731160996
0.59 0.4372292268100203
0.6 0.43534421453325567
0.61 0.4334013961628883
0.62 0.4313988815702241
0.63 0.4293347272344805
0.64 0.427206939088952
0.65 0.4250134758141133
0.66 0.4227522525954175
0.67 0.42042114536218034
0.68 0.41801799552234786
0.6900000000000001 0.4155406152061362
0.7000000000000001 0.4129867930294904
0.71 0.4103543003860647
0.72 0.40764089827393785
0.73 0.4048443446606159
0.74 0.4019624023869601
0.75 0.39899284760761944
0.76 0.39593347876228274
0.77 0.3927821260686594
0.78 0.38953666152455996
0.79 0.3861950094027956
0.8 0.38275515721889564
0.81 0.3792151671478619
0.8200000000000001 0.37557318786238986
0.8300000000000001 0.37182746676119044
0.84 0.36797636255229077
0.85 0.36401835815246075
0.86 0.3599520738602475
0.87 0.35577628075642304
0.88 0.3514899142820304
0.89 0.34709208794049123
0.9 0.34258210706641506
0.91 0.3379594825997129
0.92 0.3332239447992433
0.93 0.32837545682539016
0.9400000000000001 0.3234142281155797
0.9500000000000001 0.3183407274706581
0.96 0.31315569576323193
0.97 0.3078601581715144
0.98 0.3024554358340183
0.99 0.2969431568118928
1.0 0.29132526623716104
1.01 0.28560403551736163
1.02 0.27978207046091824
1.03 0.27386231818421525
1.04 0.2678480726622695
1.05 0.26174297879168895
1.06 0.2555510348491881
1.07 0.24927659325306
1.08 0.24292435957045744
1.09 0.23649938976142368
1.1 0.23000708571206296
1.11 0.22345318918382243
1.12 0.2168437743921166
1.1300000000000001 0.21018523952240062
1.1400000000000001 0.2034842975904724
1.1500000000000001 0.1967479671494122
1.16 0.18998356342934763
1.17 0.18319869055750249
1.18 0.1764012355326718
1.19 0.16959936460748043
1.2 0.16280152265082132
1.21 0.15601643591036618
1.22 0.14925311836236263
1.23 0.1425208815188481
1.24 0.13582934716257028
1.25 0.12918846200648457
1.26 0.12260851274551689
1.27 0.11610013941062533
1.28 0.10967434438584422
1.29 0.10334249395338621
1.3 0.0971163088422773
1.31 0.09100784002841215
1.32 0.08502942602396235
1.33 0.07919362815180303
1.34 0.0735131408645494
1.35 0.06800067505875913
1.36 0.0626688135500985
1.37 0.05752983938370859
1.3800000000000001 0.052595539393315814
1.3900000000000001 0.04787698729906187
1.4000000000000001 0.04338431252548986
1.41 0.039126462683949
1.42 0.03511096914295043
1.43 0.0313437261529353
1.44 0.02782879446317098
1.45 0.024568240165977525
1.46 0.021562018572606492
1.47 0.018807911269674286
1.48 0.01630152219297441
1.49 0.014036335717826679
1.5 0.012003836588128472
