-1.5 0.0038662933196374973
-1.49 0.004540324782251605
-1.48 0.0052968297636767315
-1.47 0.006140205326705087
-1.46 0.0070743974655195
-1.45 0.008102860623514445
-1.44 0.009228534044764005
-1.43 0.010453835242811214
-1.42 0.011780669957604352
-1.41 0.013210457141652802
-1.4000000000000001 0.014744166825067748
-1.3900000000000001 0.016382368196407586
-1.3800000000000001 0.018125284924996894
-1.37 0.019972854645423883
-1.36 0.021924789614288853
-1.35 0.023980635807098954
-1.34 0.02613982811350594
-1.33 0.028401739770116577
-1.32 0.03076572469862369
-1.31 0.03323115195206236
-1.3 0.03579743197796525
-1.29 0.03846403485580779
-1.28 0.04123050103757839
-1.27 0.04409644540333845
-1.26 0.04706155563500208
-1.25 0.05012558601483721
-1.24 0.05328834777928493
-1.23 0.056549697116220446
-1.22 0.059909521799457174
-1.21 0.06336772732348903
-1.2 0.06692422324899265
-1.19 0.07057891030881353
-1.18 0.07433166866628388
-1.17 0.07818234757156714
-1.16 0.08213075653355874
-1.1500000000000001 0.08617665801850885
-1.1400000000000001 0.09031976160361191
-1.1300000000000001 0.09455971945411511
-1.12 0.09889612295441581
-1.11 0.10332850030448504
-1.1 0.1078563148895358
-1.09 0.11247896423962701
-1.08 0.11719577941339138
-1.07 0.12200602466308279
-1.06 0.12690889726387028
-1.05 0.13190352741646436
-1.04 0.13698897815701475
-1.03 0.14216424523053303
-1.02 0.14742825690313568
-1.01 0.1527798737038324
-1.0 0.15821788809839696
-0.99 0.16374102410627553
-0.98 0.16934793687692024
-0.97 0.17503721224484484
-0.96 0.18080736628363392
-0.9500000000000001 0.18665684487856327
-0.9400000000000001 0.1925840233359082
-0.93 0.19858720604479524
-0.92 0.20466462620493295
-0.91 0.2108144456309901
-0.9 0.21703475464193822
-0.89 0.22332357204148257
-0.88 0.22967884519381576
-0.87 0.2360984501973759
-0.86 0.24258019215807103
-0.85 0.24912180556251218
-0.84 0.2557209547511427
-0.8300000000000001 0.2623752344907183
-0.8200000000000001 0.26908217064532663
-0.81 0.27583922094499846
-0.8 0.28264377585092404
-0.79 0.2894931595162918
-0.78 0.2963846308418105
-0.77 0.3033153846250231
-0.76 0.31028255280256745
-0.75 0.3172832057845685
-0.74 0.3243143538803397
-0.73 0.33137294881458085
-0.72 0.33845588533318866
-0.71 0.3455600028977561
-0.7000000000000001 0.3526820874677371
-0.6900000000000001 0.35981887336916213
-0.68 0.3669670452486658
-0.67 0.3741232401114733
-0.66 0.38128404944184446
-0.65 0.3884460214043479
-0.64 0.3956056631241917
-0.63 0.40275944304469063
-0.62 0.4099037933598133
-0.61 0.41703511251961367
-0.6 0.4241497678062025
-0.59 0.4312440979777954
-0.58 0.4383144159782311
-0.5700000000000001 0.44535701170922987
-0.56 0.452368154862541
-0.55 0.4593440978090091
-0.54 0.4662810785414715
-0.53 0.47317532366828996
-0.52 0.4800230514542233
-0.51 0.48682047490522823
-0.5 0.4935638048936984
-0.49 0.5002492533205544
-0.48 0.5068730363105003
-0.47000000000000003 0.5134313774367019
-0.46 0.5199205109710452
-0.45 0.5263366851560811
-0.44 0.5326761654946812
-0.43 0.5389352380533843
-0.42 0.545110212775351
-0.41000000000000003 0.5511974267988015
-0.4 0.5571932477767682
-0.39 0.563094077193958
-0.38 0.5688963536765036
-0.37 0.5745965562903392
-0.36 0.5801912078239465
-0.35000000000000003 0.5856768780511877
-0.34 0.5910501869699557
-0.33 0.59630780801237
-0.32 0.6014464712222641
-0.31 0.606462966395725
-0.3 0.6113541461804746
-0.29 0.6161169291299233
-0.28 0.6207483027077576
-0.27 0.6252453262389684
-0.26 0.6296051338033073
-0.25 0.6338249370671775
-0.24 0.6379020280500758
-0.23 0.6418337818217559
-0.22 0.6456176591263669
-0.21 0.6492512089299104
-0.2 0.6527320708874633
-0.19 0.6560579777267027
-0.18 0.659226757544382
-0.17 0.6622363360125194
-0.16 0.6650847384911842
-0.15 0.6677700920448761
-0.14 0.6702906273596456
-0.13 0.672644680558214
-0.12 0.6748306949105101
-0.11 0.6768472224371738
-0.1 0.6786929254037325
-0.09 0.680366577703304
-0.08 0.6818670661258394
-0.07 0.6831933915120846
-0.06 0.6843446697905862
-0.05 0.6853201328962595
-0.04 0.6861191295691832
-0.03 0.6867411260324681
-0.02 0.6871857065482199
-0.01 0.6874525738507951
0.0 0.6875415494567145
0.01 0.6874525738507946
0.02 0.6871857065482196
0.03 0.6867411260324676
0.04 0.686119129569183
0.05 0.6853201328962595
0.06 0.6843446697905857
0.07 0.6831933915120846
0.08 0.6818670661258396
0.09 0.6803665777033039
0.1 0.6786929254037324
0.11 0.6768472224371741
0.12 0.6748306949105097
0.13 0.6726446805582136
0.14 0.6702906273596452
0.15 0.6677700920448761
0.16 0.6650847384911841
0.17 0.6622363360125191
0.18 0.6592267575443809
0.19 0.6560579777267019
0.2 0.6527320708874629
0.21 0.6492512089299097
0.22 0.6456176591263665
0.23 0.6418337818217555
0.24 0.637902028050075
0.25 0.633824937067177
0.26 0.6296051338033072
0.27 0.625245326238968
0.28 0.6207483027077568
0.29 0.6161169291299231
0.3 0.6113541461804742
0.31 0.606462966395725
0.32 0.6014464712222637
0.33 0.5963078080123695
0.34 0.5910501869699553
0.35000000000000003 0.5856768780511877
0.36 0.5801912078239465
0.37 0.5745965562903391
0.38 0.5688963536765028
0.39 0.5630940771939574
0.4 0.5571932477767673
0.41000000000000003 0.551197426798801
0.42 0.5451102127753502
0.43 0.5389352380533838
0.44 0.5326761654946807
0.45 0.5263366851560808
0.46 0.5199205109710447
0.47000000000000003 0.5134313774367013
0.48 0.5068730363105002
0.49 0.5002492533205539
0.5 0.49356380489369794
0.51 0.4868204749052276
0.52 0.48002305145422275
0.53 0.47317532366828957
0.54 0.4662810785414708
0.55 0.45934409780900853
0.56 0.4523681548625406
0.5700000000000001 0.4453570117092295
0.58 0.4383144159782308
0.59 0.4312440979777951
0.6 0.4241497678062021
0.61 0.41703511251961306
0.62 0.409903793359813
0.63 0.4027594430446899
0.64 0.39560566312419126
0.65 0.38844602140434736
0.66 0.38128404944184396
0.67 0.3741232401114729
0.68 0.3669670452486657
0.6900000000000001 0.3598188733691619
0.7000000000000001 0.35268208746773705
0.71 0.34556000289775607
0.72 0.33845588533318854
0.73 0.3313729488145805
0.74 0.3243143538803396
0.75 0.3172832057845682
0.76 0.31028255280256745
0.77 0.3033153846250227
0.78 0.2963846308418102
0.79 0.2894931595162916
0.8 0.28264377585092365
0.81 0.27583922094499824
0.8200000000000001 0.26908217064532647
0.8300000000000001 0.2623752344907184
0.84 0.2557209547511425
0.85 0.24912180556251204
0.86 0.24258019215807103
0.87 0.23609845019737585
0.88 0.22967884519381565
0.89 0.22332357204148245
0.9 0.21703475464193822
0.91 0.21081444563099003
0.92 0.20466462620493286
0.93 0.19858720604479513
0.9400000000000001 0.19258402333590816
0.9500000000000001 0.18665684487856324
0.96 0.1808073662836339
0.97 0.17503721224484475
0.98 0.16934793687692024
0.99 0.16374102410627556
1.0 0.15821788809839682
1.01 0.15277987370383236
1.02 0.1474282569031357
1.03 0.14216424523053298
1.04 0.13698897815701475
1.05 0.13190352741646433
1.06 0.12690889726387025
1.07 0.12200602466308282
1.08 0.11719577941339138
1.09 0.11247896423962704
1.1 0.1078563148895358
1.11 0.10332850030448507
1.12 0.0988961229544158
1.1300000000000001 0.09455971945411508
1.1400000000000001 0.09031976160361192
1.1500000000000001 0.08617665801850881
1.16 0.08213075653355872
1.17 0.07818234757156718
1.18 0.07433166866628388
1.19 0.07057891030881357
1.2 0.06692422324899266
1.21 0.06336772732348905
1.22 0.05990952179945719
1.23 0.056549697116220446
1.24 0.05328834777928494
1.25 0.050125586014837194
1.26 0.0470615556350021
1.27 0.04409644540333847
1.28 0.041230501037578374
1.29 0.03846403485580781
1.3 0.03579743197796524
1.31 0.03323115195206236
1.32 0.030765724698623702
1.33 0.02840173977011661
1.34 0.02613982811350595
1.35 0.02398063580709897
1.36 0.021924789614288863
1.37 0.01997285464542389
1.3800000000000001 0.018125284924996907
1.3900000000000001 0.0163823681964076
1.4000000000000001 0.01474416682506776
1.41 0.013210457141652808
1.42 0.011780669957604361
1.43 0.010453835242811226
1.44 0.00922853404476401
1.45 0.008102860623514447
1.46 0.0070743974655195045
1.47 0.006140205326705094
1.48 0.005296829763676732
1.49 0.004540324782251607
1.5 0.003866293319637501
