-1.5 0.006547420832989607
-1.49 0.007676026265727873
-1.48 0.008939259460431797
-1.47 0.010343437270447777
-1.46 0.011893973298100685
-1.45 0.013595308228951594
-1.44 0.015450870524828795
-1.43 0.01746306783188872
-1.42 0.019633307845145897
-1.41 0.021962045912911586
-1.4000000000000001 0.02444885546005606
-1.3900000000000001 0.027092516427550596
-1.3800000000000001 0.02989111640552729
-1.37 0.03284215898409981
-1.36 0.03594267403670385
-1.35 0.039189325136559434
-1.34 0.04257851002232356
-1.33 0.04610645089866475
-1.32 0.049769272303874804
-1.31 0.05356306522695878
-1.3 0.057483937048150906
-1.29 0.06152804766031694
-1.28 0.06569163277039576
-1.27 0.06997101586156726
-1.26 0.07436261061413413
-1.25 0.07886291574416956
-1.24 0.08346850424110594
-1.23 0.08817600889221684
-1.22 0.09298210580035275
-1.21 0.09788349735912281
-1.2 0.10287689587338918
-1.19 0.10795900872596789
-1.18 0.11312652571330815
-1.17 0.11837610891861318
-1.16 0.1237043852707312
-1.1500000000000001 0.129107941757116
-1.1400000000000001 0.13458332312138688
-1.1300000000000001 0.14012703177939376
-1.12 0.14573552962878425
-1.11 0.15140524140070966
-1.1 0.15713255920247637
-1.09 0.1629138479202612
-1.08 0.168745451185316
-1.07 0.1746236976497966
-1.06 0.18054490736466647
-1.05 0.18650539809826316
-1.04 0.19250149147718762
-1.03 0.19852951886929784
-1.02 0.2045858269606509
-1.01 0.21066678300387234
-1.0 0.2167687797347388
-0.99 0.22288823996731805
-0.98 0.22902162088654932
-0.97 0.2351654180615752
-0.96 0.24131616920440682
-0.9500000000000001 0.2474704576974312
-0.9400000000000001 0.2536249159107156
-0.93 0.25977622832661695
-0.92 0.2659211344854322
-0.91 0.2720564317621249
-0.9 0.2781789779807585
-0.89 0.2842856938703963
-0.88 0.29037356536390296
-0.87 0.29643964573938
-0.86 0.3024810576027964
-0.85 0.30849499470974245
-0.84 0.31447872362399615
-0.8300000000000001 0.3204295852107112
-0.8200000000000001 0.32634499596240724
-0.81 0.33222244915648985
-0.8 0.3380595158437094
-0.79 0.34385384566768445
-0.78 0.34960316751637316
-0.77 0.35530529000710775
-0.76 0.3609581018075009
-0.75 0.3665595717951851
-0.74 0.3721077490599208
-0.73 0.37760076275214194
-0.72 0.38303682178245674
-0.71 0.3884142143770248
-0.7000000000000001 0.3937313074940709
-0.6900000000000001 0.39898654610708706
-0.68 0.4041784523605164
-0.67 0.40930562460391323
-0.66 0.4143667363107462
-0.65 0.41936053488812747
-0.64 0.4242858403838655
-0.63 0.4291415440973051
-0.62 0.43392660710046954
-0.61 0.4386400586760367
-0.6 0.4432809946786968
-0.59 0.44784857582640364
-0.58 0.4523420259280063
-0.5700000000000001 0.4567606300536809
-0.56 0.4611037326545055
-0.55 0.4653707356374368
-0.54 0.46956109640181715
-0.53 0.4736743258434323
-0.52 0.47770998633198386
-0.51 0.4816676896676849
-0.5 0.48554709502252935
-0.49 0.48934790687158053
-0.48 0.49306987291945487
-0.47000000000000003 0.4967127820269559
-0.46 0.5002764621426059
-0.45 0.5037607782436141
-0.44 0.5071656302905724
-0.43 0.5104909511999618
-0.42 0.5137367048383013
-0.41000000000000003 0.5169028840415424
-0.4 0.5199895086630721
-0.39 0.5229966236534426
-0.38 0.5259242971747189
-0.37 0.528772618752083
-0.36 0.5315416974651211
-0.35000000000000003 0.5342316601809621
-0.34 0.5368426498312415
-0.33 0.5393748237346196
-0.32 0.5418283519663857
-0.31 0.54420341577646
-0.3 0.5465002060569267
-0.29 0.5487189218600161
-0.28 0.5508597689672949
-0.27 0.5529229585106331
-0.26 0.5549087056453792
-0.25 0.5568172282759866
-0.24 0.5586487458342342
-0.23 0.5604034781100218
-0.22 0.5620816441346198
-0.21 0.5636834611161358
-0.2 0.5652091434268692
-0.19 0.5666589016421324
-0.18 0.5680329416300549
-0.17 0.5693314636918027
-0.16 0.5705546617516187
-0.15 0.5717027225960226
-0.14 0.5727758251615015
-0.13 0.573774139869973
-0.12 0.5746978280113265
-0.11 0.5755470411723121
-0.1 0.5763219207110766
-0.09 0.5770225972766552
-0.08 0.5776491903727479
-0.07 0.5782018079651452
-0.06 0.5786805461322095
-0.05 0.5790854887578543
-0.04 0.5794167072665227
-0.03 0.5796742603997167
-0.02 0.579858194033704
-0.01 0.5799685410380627
0.0 0.5800053211748297
0.01 0.5799685410380627
0.02 0.579858194033704
0.03 0.5796742603997164
0.04 0.5794167072665223
0.05 0.5790854887578546
0.06 0.5786805461322098
0.07 0.5782018079651451
0.08 0.5776491903727475
0.09 0.577022597276655
0.1 0.5763219207110767
0.11 0.575547041172312
0.12 0.5746978280113261
0.13 0.5737741398699726
0.14 0.5727758251615015
0.15 0.5717027225960225
0.16 0.5705546617516184
0.17 0.5693314636918024
0.18 0.5680329416300546
0.19 0.5666589016421321
0.2 0.5652091434268688
0.21 0.5636834611161354
0.22 0.5620816441346193
0.23 0.5604034781100214
0.24 0.5586487458342337
0.25 0.5568172282759858
0.26 0.554908705645379
0.27 0.5529229585106327
0.28 0.5508597689672942
0.29 0.548718921860016
0.3 0.5465002060569265
0.31 0.5442034157764597
0.32 0.5418283519663849
0.33 0.5393748237346195
0.34 0.5368426498312409
0.35000000000000003 0.5342316601809617
0.36 0.5315416974651205
0.37 0.5287726187520827
0.38 0.525924297174718
0.39 0.5229966236534421
0.4 0.5199895086630713
0.41000000000000003 0.5169028840415419
0.42 0.5137367048383008
0.43 0.5104909511999614
0.44 0.5071656302905717
0.45 0.5037607782436136
0.46 0.5002764621426057
0.47000000000000003 0.4967127820269553
0.48 0.4930698729194546
0.49 0.48934790687157986
0.5 0.48554709502252874
0.51 0.4816676896676846
0.52 0.4777099863319833
0.53 0.4736743258434321
0.54 0.46956109640181687
0.55 0.4653707356374364
0.56 0.46110373265450494
0.5700000000000001 0.4567606300536808
0.58 0.45234202592800604
0.59 0.4478485758264033
0.6 0.44328099467869625
0.61 0.4386400586760363
0.62 0.4339266071004691
0.63 0.42914154409730515
0.64 0.4242858403838653
0.65 0.4193605348881273
0.66 0.41436673631074605
0.67 0.40930562460391323
0.68 0.40417845236051597
0.6900000000000001 0.3989865461070874
0.7000000000000001 0.3937313074940708
0.71 0.38841421437702456
0.72 0.3830368217824566
0.73 0.37760076275214205
0.74 0.3721077490599209
0.75 0.36655957179518506
0.76 0.3609581018075011
0.77 0.355305290007108
0.78 0.34960316751637344
0.79 0.34385384566768445
0.8 0.33805951584370925
0.81 0.33222244915648985
0.8200000000000001 0.32634499596240707
0.8300000000000001 0.3204295852107117
0.84 0.3144787236239962
0.85 0.30849499470974245
0.86 0.3024810576027967
0.87 0.2964396457393801
0.88 0.2903735653639028
0.89 0.28428569387039615
0.9 0.2781789779807587
0.91 0.27205643176212496
0.92 0.2659211344854323
0.93 0.25977622832661695
0.9400000000000001 0.2536249159107159
0.9500000000000001 0.2474704576974312
0.96 0.2413161692044069
0.97 0.23516541806157543
0.98 0.22902162088654915
0.99 0.22288823996731819
1.0 0.21676877973473888
1.01 0.2106667830038725
1.02 0.2045858269606511
1.03 0.1985295188692978
1.04 0.19250149147718779
1.05 0.18650539809826333
1.06 0.18054490736466658
1.07 0.17462369764979674
1.08 0.16874545118531606
1.09 0.1629138479202612
1.1 0.15713255920247657
1.11 0.15140524140070985
1.12 0.1457355296287843
1.1300000000000001 0.14012703177939387
1.1400000000000001 0.13458332312138702
1.1500000000000001 0.12910794175711615
1.16 0.12370438527073127
1.17 0.11837610891861323
1.18 0.11312652571330824
1.19 0.10795900872596806
1.2 0.10287689587338926
1.21 0.09788349735912293
1.22 0.09298210580035282
1.23 0.08817600889221688
1.24 0.08346850424110598
1.25 0.07886291574416954
1.26 0.07436261061413416
1.27 0.06997101586156737
1.28 0.0656916327703958
1.29 0.06152804766031703
1.3 0.057483937048150954
1.31 0.05356306522695884
1.32 0.049769272303874866
1.33 0.04610645089866477
1.34 0.04257851002232359
1.35 0.03918932513655946
1.36 0.03594267403670388
1.37 0.03284215898409986
1.3800000000000001 0.029891116405527312
1.3900000000000001 0.027092516427550638
1.4000000000000001 0.024448855460056106
1.41 0.021962045912911607
1.42 0.01963330784514592
1.43 0.01746306783188874
1.44 0.01545087052482881
1.45 0.013595308228951618
1.46 0.0118939732981007
1.47 0.01034343727044779
1.48 0.008939259460431812
1.49 0.007676026265727882
1.5 0.00654742083298961
