-5.002273760800364 4.337654871042655e-12
-4.997726239199636 4.6255012629634255e-12
-4.993178717598909 4.929739223435467e-12
-4.988631195998181 5.25114827753406e-12
-4.9840836743974535 5.59053887492187e-12
-4.979536152796726 5.948753560521793e-12
-4.974988631195998 6.326668201765613e-12
-4.970441109595271 6.725193275310983e-12
-4.965893587994543 7.14527521618958e-12
-4.961346066393816 7.587897832418279e-12
-4.956798544793088 8.054083788173743e-12
-4.95225102319236 8.54489615869845e-12
-4.947703501591633 9.061440060174058e-12
-4.943155979990905 9.60486435786581e-12
-4.938608458390178 1.0176363455910567e-11
-4.93406093678945 1.0777179172190324e-11
-4.9295134151887225 1.1408602701804905e-11
-4.924965893587995 1.2071976672730255e-11
-4.920418371987267 1.2768697297325099e-11
-4.91587085038654 1.3500216623427171e-11
-4.911323328785812 1.4268044888862824e-11
-4.906775807185085 1.5073752983280303e-11
-4.902228285584357 1.591897502130778e-11
-4.8976807639836295 1.680541103113351e-11
-4.893133242382902 1.7734829762707227e-11
-4.8885857207821735 1.8709071619869818e-11
-4.884038199181446 1.9730051720831148e-11
-4.879490677580718 2.079976309154243e-11
-4.874943155979991 2.1920279996630493e-11
-4.870395634379263 2.309376141270676e-11
-4.865848112778536 2.4322454649004152e-11
-4.861300591177808 2.5608699120452236e-11
-4.85675306957708 2.695493027846352e-11
-4.852205547976353 2.8363683704879057e-11
-4.847658026375625 2.983759937470417e-11
-4.843110504774898 3.1379426093460414e-11
-4.83856298317417 3.299202611518496e-11
-4.8340154615734425 3.467837994732527e-11
-4.829467939972715 3.644159134900544e-11
-4.824920418371987 3.8284892529379936e-11
-4.82037289677126 4.021164955304376e-11
-4.815825375170532 4.2225367959731433e-11
-4.811277853569805 4.4329698605816745e-11
-4.806730331969077 4.6528443735413214e-11
-4.8021828103683495 4.882556328918136e-11
-4.797635288767622 5.122518145926504e-11
-4.793087767166894 5.373159349911046e-11
-4.788540245566167 5.6349272797267375e-11
-4.783992723965439 5.908287822463129e-11
-4.779445202364712 6.193726176495949e-11
-4.774897680763984 6.491747643888387e-11
-4.770350159163256 6.802878453204716e-11
-4.765802637562529 7.127666613840855e-11
-4.761255115961801 7.466682803020194e-11
-4.756707594361074 7.820521286647887e-11
-4.752160072760346 8.189800875263947e-11
-4.7476125511596186 8.575165916383622e-11
-4.743065029558891 8.977287324563798e-11
-4.738517507958163 9.396863650586237e-11
-4.733969986357435 9.834622191201888e-11
-4.729422464756707 1.0291320140935655e-10
-4.72487494315598 1.0767745787509944e-10
-4.720327421555252 1.1264719752501814e-10
-4.715779899954525 1.1783096278912472e-10
-4.711232378353797 1.2323764567389103e-10
-4.7066848567530695 1.2887650162905539e-10
-4.702137335152342 1.3475716393774538e-10
-4.697589813551614 1.4088965864934638e-10
-4.693042291950887 1.472844200752597e-10
-4.688494770350159 1.5395230686843345e-10
-4.683947248749432 1.6090461870831194e-10
-4.679399727148704 1.6815311361363917e-10
-4.674852205547976 1.757100259063604e-10
-4.670304683947249 1.8358808485070505e-10
-4.665757162346521 1.9180053399239804e-10
-4.661209640745794 2.0036115122383597e-10
-4.656662119145066 2.0928426960198695e-10
-4.6521145975443385 2.185847989467152e-10
-4.647567075943611 2.2827824824821587e-10
-4.643019554342883 2.383807489132445e-10
-4.638472032742156 2.489090788808793e-10
-4.633924511141428 2.598806876396109e-10
-4.629376989540701 2.7131372217867435e-10
-4.624829467939973 2.8322705390767204e-10
-4.6202819463392455 2.9564030657971933e-10
-4.615734424738518 3.0857388525455107e-10
-4.61118690313779 3.2204900633929315e-10
-4.606639381537063 3.3608772874588417e-10
-4.602091859936335 3.5071298620547567e-10
-4.597544338335608 3.659486207815127e-10
-4.59299681673488 3.818194176246121e-10
-4.5884492951341525 3.9835114101383706e-10
-4.583901773533425 4.15570571730459e-10
-4.579354251932697 4.33505545811878e-10
-4.574806730331969 4.5218499473497097e-10
-4.570259208731241 4.716389870797909e-10
-4.565711687130514 4.918987717263149e-10
-4.561164165529786 5.129968226385962e-10
-4.5566166439290585 5.349668852926245e-10
-4.552069122328331 5.578440248060046e-10
-4.547521600727603 5.816646758295406e-10
-4.542974079126876 6.06466694262818e-10
-4.538426557526148 6.322894108579391e-10
-4.533879035925421 6.591736867777214e-10
-4.529331514324693 6.871619711768589e-10
-4.5247839927239655 7.162983608768349e-10
-4.520236471123238 7.466286622077211e-10
-4.51568894952251 7.782004550924202e-10
-4.511141427921783 8.110631594514143e-10
-4.506593906321055 8.452681040086633e-10
-4.502046384720328 8.808685975819509e-10
-4.4974988631196 9.179200029437333e-10
-4.492951341518872 9.56479813341381e-10
-4.488403819918145 9.966077317686083e-10
-4.483856298317417 1.0383657530829293e-09
-4.47930877671669 1.0818182490670564e-09
-4.474761255115962 1.1270320565353983e-09
-4.4702137335152345 1.1740765685900826e-09
-4.465666211914507 1.2230238291343893e-09
-4.461118690313779 1.2739486307549374e-09
-4.456571168713052 1.3269286160876497e-09
-4.452023647112324 1.3820443827862288e-09
-4.447476125511597 1.4393795922157202e-09
-4.442928603910869 1.4990210819977617e-09
-4.4383810823101415 1.561058982538152e-09
-4.433833560709414 1.625586837671634e-09
-4.429286039108686 1.6927017295631297e-09
-4.424738517507959 1.7625044080091407e-09
-4.42019099590723 1.835099424287669e-09
-4.415643474306503 1.910595269709667e-09
-4.411095952705775 1.9891045190302606e-09
-4.406548431105048 2.070743978882484e-09
-4.40200090950432 2.155634841402047e-09
-4.397453387903592 2.2439028432166547e-09
-4.392905866302865 2.3356784299790795e-09
-4.388358344702137 2.4310969266288095e-09
-4.38381082310141 2.5302987135730067e-09
-4.379263301500682 2.633429408983539e-09
-4.3747157798999545 2.740640057413013e-09
-4.370168258299227 2.852087324939231e-09
-4.365620736698499 2.967933701054001e-09
-4.361073215097772 3.0883477075190826e-09
-4.356525693497044 3.213504114418973e-09
-4.351978171896317 3.343584163647517e-09
-4.347430650295589 3.478775800072657e-09
-4.3428831286948615 3.61927391063126e-09
-4.338335607094134 3.765280571613928e-09
-4.333788085493406 3.91700530440756e-09
-4.329240563892679 4.074665339971989e-09
-4.324693042291951 4.2384858923353095e-09
-4.320145520691224 4.408700441401616e-09
-4.315597999090496 4.5855510253736136e-09
-4.311050477489768 4.76928854310213e-09
-4.306502955889041 4.960173066683992e-09
-4.301955434288313 5.158474164639676e-09
-4.297407912687586 5.364471236012228e-09
-4.292860391086858 5.578453855739463e-09
-4.2883128694861306 5.800722131662063e-09
-4.283765347885403 6.0315870735413854e-09
-4.279217826284675 6.271370974472025e-09
-4.274670304683948 6.520407805085906e-09
-4.27012278308322 6.77904362095666e-09
-4.265575261482492 7.047636983625508e-09
-4.261027739881764 7.326559395682126e-09
-4.256480218281037 7.616195750348027e-09
-4.251932696680309 7.91694479602198e-09
-4.2473851750795815 8.229219616261958e-09
-4.242837653478854 8.553448125691903e-09
-4.238290131878126 8.890073582335905e-09
-4.233742610277399 9.239555116897815e-09
-4.229195088676671 9.602368279519326e-09
-4.224647567075944 9.979005604565694e-09
-4.220100045475216 1.0369977194004265e-08
-4.215552523874488 1.0775811319957823e-08
-4.211005002273761 1.1197055047031931e-08
-4.206457480673033 1.1634274875033037e-08
-4.201909959072306 1.2088057402712265e-08
-4.197362437471578 1.2559010013188306e-08
-4.1928149158708505 1.3047761581722155e-08
-4.188267394270123 1.3554963206535959e-08
-4.183719872669395 1.4081288963388336e-08
-4.179172351068668 1.4627436684639247e-08
-4.17462482946794 1.519412876355922e-08
-4.170077307867213 1.5782112984658577e-08
-4.165529786266485 1.639216338083593e-08
-4.1609822646657575 1.7025081118167427e-08
-4.15643474306503 1.768169540918207e-08
-4.151887221464302 1.8362864455492884e-08
-4.147339699863575 1.9069476420678357e-08
-4.142792178262847 1.980245043433457e-08
-4.13824465666212 2.0562737628243962e-08
-4.133697135061392 2.1351322205634692e-08
-4.1291496134606644 2.2169222544530882e-08
-4.124602091859937 2.3017492336223907e-08
-4.120054570259209 2.389722175992239e-08
-4.115507048658482 2.4809538694670272e-08
-4.110959527057753 2.5755609969651098e-08
-4.106412005457026 2.673664265402899e-08
-4.101864483856298 2.7753885387510927e-08
-4.0973169622555705 2.8808629752843126e-08
-4.092769440654843 2.9902211691494004e-08
-4.088221919054115 3.1036012963806965e-08
-4.083674397453388 3.22114626549439e-08
-4.07912687585266 3.34300387279763e-08
-4.074579354251933 3.469326962551849e-08
-4.070031832651205 3.600273592133608e-08
-4.0654843110504775 3.736007202340234e-08
-4.06093678944975 3.876696792991507e-08
-4.056389267849022 4.022517103982953e-08
-4.051841746248295 4.173648801950304e-08
-4.047294224647567 4.330278672709358e-08
-4.04274670304684 4.4925998196396666e-08
-4.038199181446112 4.660811868185212e-08
-4.033651659845384 4.835121176649911e-08
-4.029104138244657 5.0157410534705604e-08
-4.024556616643929 5.202891981154761e-08
-4.020009095043202 5.396801847076506e-08
-4.015461573442474 5.597706181327109e-08
-4.0109140518417465 5.805848401824708e-08
-4.006366530241019 6.021480066890732e-08
-4.001819008640291 6.244861135507508e-08
-3.997271487039564 6.476260235476738e-08
-3.992723965438836 6.715954939704568e-08
-3.988176443838108 6.964232050844592e-08
-3.9836289222373806 7.221387894536996e-08
-3.979081400636653 7.487728621487216e-08
-3.9745338790359255 7.763570518635079e-08
-3.969986357435198 8.049240329671019e-08
-3.9654388358344703 8.345075585163212e-08
-3.9608913142337427 8.651424942566328e-08
-3.956343792633015 8.968648536389282e-08
-3.9517962710322876 9.297118338807083e-08
-3.94724874943156 9.637218531008859e-08
-3.9427012278308324 9.989345885581906e-08
-3.938153706230105 1.0353910160239257e-07
-3.9336061846293773 1.0731334503206251e-07
-3.9290586630286497 1.1122055870589549e-07
-3.924511141427922 1.1526525456060447e-07
-3.9199636198271945 1.1945209133192772e-07
-3.9154160982264665 1.237858791080434e-07
-3.910868576625739 1.2827158401659467e-07
-3.9063210550250114 1.3291433304900156e-07
-3.901773533424284 1.3771941902581053e-07
-3.897226011823556 1.4269230570694724e-07
-3.8926784902228286 1.478386330508204e-07
-3.888130968622101 1.5316422262632982e-07
-3.8835834470213735 1.5867508318193462e-07
-3.879035925420646 1.6437741637603434e-07
-3.8744884038199183 1.7027762267303149e-07
-3.8699408822191907 1.763823074095411e-07
-3.865393360618463 1.826982870353345e-07
-3.8608458390177356 1.8923259553370738e-07
-3.856298317417008 1.9599249102608783e-07
-3.8517507958162804 2.0298546256580691e-07
-3.847203274215553 2.1021923712608755e-07
-3.8426557526148253 2.1770178678741738e-07
-3.8381082310140973 2.2544133612961133e-07
-3.8335607094133697 2.3344636983398038e-07
-3.829013187812642 2.417256405011797e-07
-3.8244656662119145 2.5028817669041364e-07
-3.819918144611187 2.5914329118583517e-07
-3.8153706230104594 2.683005894961074e-07
-3.810823101409732 2.7776997859324086e-07
-3.806275579809004 2.875616758969602e-07
-3.8017280582082766 2.976862185110146e-07
-3.797180536607549 3.0815447271798116e-07
-3.7926330150068215 3.1897764373928717e-07
-3.788085493406094 3.301672857673116e-07
-3.7835379718053663 3.4173531227661187e-07
-3.7789904502046388 3.5369400662146464e-07
-3.774442928603911 3.660560329270974e-07
-3.7698954070031836 3.788344472821412e-07
-3.765347885402456 3.920427092400303e-07
-3.760800363801728 4.056946936372291e-07
-3.7562528422010004 4.1980470273636925e-07
-3.751705320600273 4.3438747870256663e-07
-3.7471577989995453 4.494582164213514e-07
-3.7426102773988177 4.6503257666686984e-07
-3.73806275579809 4.81126699629197e-07
-3.7335152341973625 4.977572188098023e-07
-3.728967712596635 5.149412752944186e-07
-3.7244201909959074 5.326965324127672e-07
-3.71987266939518 5.510411907948233e-07
-3.715325147794452 5.699940038334892e-07
-3.7107776261937246 5.895742935638019e-07
-3.706230104592997 6.098019669690079e-07
-3.7016825829922695 6.306975327240609e-07
-3.697135061391542 6.522821183873527e-07
-3.6925875397908143 6.745774880517096e-07
-3.6880400181900868 6.976060604659382e-07
-3.6834924965893587 7.213909276384533e-07
-3.678944974988631 7.459558739347514e-07
-3.6743974533879036 7.713253956808075e-07
-3.669849931787176 7.975247212846474e-07
-3.6653024101864484 8.245798318886988e-07
-3.660754888585721 8.525174825657441e-07
-3.6562073669849933 8.813652240715894e-07
-3.6516598453842657 9.111514251678539e-07
-3.647112323783538 9.4190529552855e-07
-3.6425648021828105 9.7365690924444e-07
-3.638017280582083 1.006437228939431e-06
-3.6334697589813554 1.0402781305135807e-06
-3.628922237380628 1.0752124285275957e-06
-3.6243747157799002 1.1112739022440141e-06
-3.6198271941791726 1.1484973223405823e-06
-3.615279672578445 1.1869184783116445e-06
-3.6107321509777175 1.2265742065737302e-06
-3.6061846293769895 1.2675024192918235e-06
-3.601637107776262 1.3097421339431214e-06
-3.5970895861755343 1.353333503635538e-06
-3.5925420645748067 1.3983178481983914e-06
-3.587994542974079 1.4447376860632425e-06
-3.5834470213733516 1.492636766953085e-06
-3.578899499772624 1.542060105398552e-06
-3.5743519781718964 1.593054015100102e-06
-3.569804456571169 1.6456661441555785e-06
-3.5652569349704413 1.6999455111729189e-06
-3.5607094133697137 1.7559425422881493e-06
-3.556161891768986 1.8137091091092495e-06
-3.5516143701682585 1.8732985676068306e-06
-3.547066848567531 1.9347657979730215e-06
-3.5425193269668034 1.9981672454703602e-06
-3.537971805366076 2.063560962292891e-06
-3.5334242837653482 2.131006650462151e-06
-3.52887676216462 2.200565705781126e-06
-3.5243292405638926 2.2723012628696694e-06
-3.519781718963165 2.346278241305507e-06
-3.5152341973624375 2.4225633928950734e-06
-3.51068667576171 2.5012253500992732e-06
-3.5061391541609823 2.5823346756394586e-06
-3.5015916325602547 2.6659639133094875e-06
-3.497044110959527 2.75218764002025e-06
-3.4924965893587996 2.841082519103476e-06
-3.487949067758072 2.932727354902147e-06
-3.4834015461573444 3.027203148675414e-06
-3.478854024556617 3.1245931558463053e-06
-3.4743065029558893 3.224982944621171e-06
-3.4697589813551617 3.328460456010238e-06
-3.465211459754434 3.435116065279183e-06
-3.4606639381537065 3.54504264486232e-06
-3.456116416552979 3.6583356287682668e-06
-3.451568894952251 3.7750930785098378e-06
-3.4470213733515234 3.8954157505901894e-06
-3.442473851750796 4.0194071655780505e-06
-3.437926330150068 4.147173678805234e-06
-3.4333788085493406 4.27882455272035e-06
-3.428831286948613 4.414472030933257e-06
-3.4242837653478855 4.5542314139852085e-06
-3.419736243747158 4.698221136880471e-06
-3.4151887221464303 4.846562848415676e-06
-3.4106412005457027 4.999381492343806e-06
-3.406093678944975 5.1568053904104025e-06
-3.4015461573442476 5.318966327300105e-06
-3.39699863574352 5.485999637532426e-06
-3.3924511141427924 5.6580442943461805e-06
-3.387903592542065 5.835243000612714e-06
-3.3833560709413373 6.0177422818187085e-06
-3.3788085493406097 6.205692581160087e-06
-3.3742610277398817 6.399248356789111e-06
-3.369713506139154 6.598568181257436e-06
-3.3651659845384265 6.803814843198872e-06
-3.360618462937699 7.015155451295827e-06
-3.3560709413369714 7.232761540574447e-06
-3.351523419736244 7.456809181074198e-06
-3.346975898135516 7.687479088938085e-06
-3.3424283765347886 7.92495673997071e-06
-3.337880854934061 8.169432485712037e-06
-3.3333333333333335 8.421101672075237e-06
-3.328785811732606 8.680164760598162e-06
-3.3242382901318783 8.946827452358373e-06
-3.3196907685311507 9.221300814602537e-06
-3.315143246930423 9.503801410141945e-06
-3.3105957253296956 9.794551429566305e-06
-3.306048203728968 1.0093778826329154e-05
-3.3015006821282404 1.0401717454758646e-05
-3.2969531605275124 1.0718607211048628e-05
-3.292405638926785 1.1044694177285275e-05
-3.2878581173260573 1.1380230768566009e-05
-3.2833105957253297 1.1725475883267289e-05
-3.278763074124602 1.2080695056519755e-05
-3.2742155525238745 1.2446160616949054e-05
-3.269668030923147 1.2822151846742298e-05
-3.2651205093224194 1.3208955145100303e-05
-3.260572987721692 1.3606864195136957e-05
-3.256025466120964 1.4016180134287882e-05
-3.2514779445202366 1.443721172829123e-05
-3.246930422919509 1.4870275548804336e-05
-3.2423829013187815 1.531569615472105e-05
-3.237835379718054 1.5773806277255084e-05
-3.2332878581173263 1.624494700885578e-05
-3.2287403365165988 1.6729467996023413e-05
-3.224192814915871 1.7227727636092306e-05
-3.219645293315143 1.7740093278050492e-05
-3.2150977717144156 1.8266941427465726e-05
-3.210550250113688 1.8808657955588995e-05
-3.2060027285129604 1.9365638312706255e-05
-3.201455206912233 1.993828774581164e-05
-3.1969076853115053 2.0527021520675055e-05
-3.1923601637107777 2.113226514837831e-05
-3.18781264211005 2.1754454616395316e-05
-3.1832651205093225 2.2394036624291673e-05
-3.178717598908595 2.305146882412111e-05
-3.1741700773078674 2.372722006559611e-05
-3.16962255570714 2.4421770646111635e-05
-3.165075034106412 2.5135612565701176e-05
-3.1605275125056846 2.5869249787005752e-05
-3.155979990904957 2.662319850033706e-05
-3.1514324693042295 2.7397987393916906e-05
-3.146884947703502 2.8194157929375938e-05
-3.142337426102774 2.901226462259582e-05
-3.1377899045020463 2.9852875329978925e-05
-3.1332423829013187 3.071657154023257e-05
-3.128694861300591 3.1603948671752674e-05
-3.1241473396998636 3.2515616375695556e-05
-3.119599818099136 3.345219884482516e-05
-3.1150522964984084 3.441433512822588e-05
-3.110504774897681 3.540267945196951e-05
-3.1059572532969533 3.6417901545828626e-05
-3.1014097316962257 3.746068697612699e-05
-3.096862210095498 3.853173748481973e-05
-3.0923146884947705 3.9631771334896956e-05
-3.087767166894043 4.0761523662204194e-05
-3.0832196452933154 4.192174683377544e-05
-3.078672123692588 4.3113210812773487e-05
-3.0741246020918602 4.433670353013532e-05
-3.0695770804911326 4.5593031263018516e-05
-3.0650295588904046 4.6883019020148065e-05
-3.060482037289677 4.820751093416048e-05
-3.0559345156889495 4.956737066104781e-05
-3.051386994088222 5.0963481786798465e-05
-3.0468394724874943 5.2396748241338224e-05
-3.0422919508867667 5.386809471987208e-05
-3.037744429286039 5.537846711172985e-05
-3.0331969076853116 5.692883293681816e-05
-3.028649386084584 5.852018178978336e-05
-3.0241018644838564 6.015352579198853e-05
-3.019554342883129 6.182990005141104e-05
-3.0150068212824013 6.355036313056532e-05
-3.0104592996816737 6.531599752255752e-05
-3.005911778080946 6.712791013537849e-05
-3.0013642564802185 6.898723278454352e-05
-2.996816734879491 7.089512269418487e-05
-2.9922692132787634 7.285276300670767e-05
-2.9877216916780354 7.486136330111704e-05
-2.983174170077308 7.69221601201243e-05
-2.97862664847658 7.903641750614666e-05
-2.9740791268758526 8.12054275463049e-05
-2.969531605275125 8.343051092653402e-05
-2.9649840836743975 8.571301749491568e-05
-2.96043656207367 8.805432683434512e-05
-2.9558890404729423 9.045584884464324e-05
-2.9513415188722147 9.291902433422585e-05
-2.946793997271487 9.54453256214435e-05
-2.9422464756707596 9.803625714570272e-05
-2.937698954070032 0.00010069335608848236
-2.9331514324693044 0.00010341819300435816
-2.928603910868577 0.00010621237246214674
-2.9240563892678493 0.00010907753369628407
-2.9195088676671217 0.00011201535126855059
-2.914961346066394 0.00011502753574025562
-2.9104138244656665 0.00011811583435499524
-2.9058663028649385 0.00012128203173209625
-2.901318781264211 0.00012452795057085742
-2.8967712596634834 0.00012785545236570483
-2.892223738062756 0.00013126643813237053
-2.887676216462028 0.00013476284914520678
-2.8831286948613006 0.00013834666768575127
-2.878581173260573 0.00014201991780265114
-2.8740336516598455 0.00014578466608306122
-2.869486130059118 0.00014964302243562395
-2.8649386084583903 0.00015359714088514434
-2.8603910868576627 0.00015764922037906856
-2.855843565256935 0.0001618015056058772
-2.8512960436562076 0.00016605628782549985
-2.84674852205548 0.00017041590571186243
-2.8422010004547524 0.00017488274620767254
-2.837653478854025 0.00017945924539155124
-2.8331059572532973 0.00018414788935761548
-2.8285584356525693 0.00018895121510761957
-2.8240109140518417 0.00019387181145575472
-2.819463392451114 0.00019891231994621902
-2.8149158708503865 0.00020407543578364847
-2.810368349249659 0.00020936390877651883
-2.8058208276489314 0.00021478054429361715
-2.801273306048204 0.0002203282042336769
-2.796725784447476 0.00022600980800828005
-2.7921782628467486 0.00023182833353811892
-2.787630741246021 0.00023778681826271182
-2.7830832196452935 0.0002438883601636703
-2.778535698044566 0.000250136118801602
-2.7739881764438383 0.00025653331636674685
-2.7694406548431107 0.0002630832387434296
-2.764893133242383 0.00026978923658841643
-2.7603456116416556 0.0002766547264232626
-2.755798090040928 0.00028368319174072905
-2.7512505684402 0.000290878184125354
-2.7467030468394724 0.0002982433243882505
-2.742155525238745 0.0003057823037162196
-2.7376080036380173 0.0003134988848352363
-2.7330604820372897 0.0003213969031883918
-2.728512960436562 0.0003294802681283583
-2.7239654388358345 0.00033775296412444296
-2.719417917235107 0.00034621905198429213
-2.7148703956343794 0.00035488267009031597
-2.710322874033652 0.00036374803565088004
-2.705775352432924 0.00037281944596633155
-2.7012278308321966 0.0003821012797099056
-2.696680309231469 0.00039159799822356336
-2.6921327876307415 0.0004013141468288113
-2.687585266030014 0.00041125435615254046
-2.6830377444292863 0.0004214233434679319
-2.6784902228285588 0.00043182591405045863
-2.6739427012278307 0.00044246696254902315
-2.669395179627103 0.00045335147437225367
-2.6648476580263756 0.00046448452708999804
-2.660300136425648 0.0004758712918500175
-2.6557526148249204 0.00048751703480991735
-2.651205093224193 0.0004994271185843172
-2.6466575716234653 0.0005116070037072788
-2.6421100500227377 0.000524062250109988
-2.63756252842201 0.0005367985186137034
-2.6330150068212825 0.0005498215724379592
-2.628467485220555 0.00056313727872402
-2.6239199636198274 0.0005767516100735779
-2.6193724420191 0.0005906706461026659
-2.6148249204183722 0.0006049005750107764
-2.6102773988176446 0.0006194476951651512
-2.605729877216917 0.0006343184167002139
-2.6011823556161895 0.0006495192631321089
-2.5966348340154615 0.0006650568729883046
-2.592087312414734 0.0006809380014521995
-2.5875397908140063 0.0006971695220227147
-2.5829922692132787 0.0007137584281887667
-2.578444747612551 0.0007307118351185871
-2.5738972260118236 0.000748036981363815
-2.569349704411096 0.0007657412305782725
-2.5648021828103684 0.0007838320732513578
-2.560254661209641 0.0008023171284559456
-2.5557071396089133 0.0008212041456107286
-2.5511596180081857 0.0008405010062568699
-2.546612096407458 0.0008602157258488706
-2.5420645748067305 0.000880356455559545
-2.537517053206003 0.0009009314840989638
-2.5329695316052754 0.000921949239547255
-2.528422010004548 0.0009434182912011074
-2.5238744884038202 0.0009653473514338566
-2.519326966803092 0.000987745277568979
-2.5147794452023646 0.0010106210737668476
-2.510231923601637 0.0010339838929245995
-2.5056844020009095 0.0010578430385889033
-2.501136880400182 0.0010822079668814885
-2.4965893587994543 0.0011070882884372146
-2.4920418371987267 0.0011324937703544983
-2.487494315597999 0.001158434338157904
-2.4829467939972716 0.001184920077772659
-2.478399272396544 0.0012119612375108867
-2.4738517507958164 0.0012395682300693329
-2.469304229195089 0.0012677516345383335
-2.4647567075943613 0.001296522198421786
-2.4602091859936337 0.0013258908396678573
-2.455661664392906 0.0013558686487101805
-2.4511141427921785 0.0013864668905192424
-2.446566621191451 0.0014176970066636992
-2.442019099590723 0.0014495706173813221
-2.4374715779899954 0.001482099523659248
-2.432924056389268 0.0015152957093232681
-2.42837653478854 0.001549171343135789
-2.4238290131878126 0.0015837387809021575
-2.419281491587085 0.0016190105675850035
-2.4147339699863575 0.0016549994394262483
-2.41018644838563 0.001691718326076418
-2.4056389267849023 0.0017291803527308876
-2.4010914051841747 0.001767398842272684
-2.396543883583447 0.0018063873174214355
-2.3919963619827196 0.0018461595028880832
-2.387448840381992 0.001886729327534948
-2.3829013187812644 0.0019281109265406825
-2.378353797180537 0.001970318643569745
-2.3738062755798093 0.002013367032945888
-2.3692587539790817 0.0020572708618292294
-2.3647112323783537 0.002102045112396449
-2.360163710777626 0.0021477049840235908
-2.3556161891768985 0.0021942658954710588
-2.351068667576171 0.0022417434870702
-2.3465211459754434 0.002290153622911068
-2.341973624374716 0.002339512393030733
-2.337426102773988 0.0023898361156017276
-2.3328785811732606 0.0024411413391199634
-2.328331059572533 0.0024934448445916332
-2.3237835379718055 0.0025467636477185082
-2.319236016371078 0.002601115001081025
-2.3146884947703503 0.0026565163963186114
-2.3101409731696227 0.0027129855663066012
-2.305593451568895 0.0027705404873291546
-2.3010459299681676 0.0028291993812475233
-2.29649840836744 0.002888980717663041
-2.2919508867667124 0.0029499032160741853
-2.2874033651659844 0.0030119858480270197
-2.282855843565257 0.003075247839258341
-2.2783083219645293 0.003139708671830901
-2.2737608003638017 0.003205388086259915
-2.269213278763074 0.0032723060836301536
-2.2646657571623465 0.0033404829277029905
-2.260118235561619 0.0034099391470124927
-2.2555707139608914 0.0034806955369499908
-2.251023192360164 0.003552773161836196
-2.246475670759436 0.003626193356980223
-2.2419281491587086 0.0037009777307246096
-2.237380627557981 0.0037771481664756554
-2.2328331059572535 0.0038547268247181438
-2.228285584356526 0.0039337361450137096
-2.2237380627557983 0.004014198847981992
-2.2191905411550708 0.004096137937263671
-2.214643019554343 0.0041795767014646155
-2.210095497953615 0.004264538716080211
-2.2055479763528876 0.004351047845398922
-2.20100045475216 0.004439128244384387
-2.1964529331514324 0.004528804360534889
-2.191905411550705 0.004620100935719449
-2.1873578899499773 0.004713043007989536
-2.1828103683492497 0.0048076559133654944
-2.178262846748522 0.004903965287596655
-2.1737153251477945 0.0050019970678942555
-2.169167803547067 0.005101777494636108
-2.1646202819463394 0.0052033331130420715
-2.160072760345612 0.00530669077481929
-2.155525238744884 0.00541187763977622
-2.1509777171441566 0.005518921177404382
-2.146430195543429 0.005627849168426836
-2.1418826739427015 0.005738689706312276
-2.137335152341974 0.005851471198753781
-2.132787630741246 0.005966222369111061
-2.1282401091405183 0.006082972257815075
-2.1236925875397907 0.006201750223734215
-2.119145065939063 0.006322585945500508
-2.1145975443383356 0.006445509422795161
-2.110050022737608 0.006570550977591979
-2.1055025011368804 0.006697741255357816
-2.100954979536153 0.006827111226208656
-2.0964074579354253 0.006958692186020462
-2.0918599363346977 0.007092515757493348
-2.08731241473397 0.007228613891168082
-2.0827648931332425 0.007367018866393737
-2.078217371532515 0.0075077632922452365
-2.0736698499317874 0.00765088010838966
-2.06912232833106 0.00779640258590009
-2.0645748067303322 0.007944364328015837
-2.0600272851296046 0.008094799270847658
-2.0554797635288766 0.008247741684027098
-2.050932241928149 0.008403226171298246
-2.0463847203274215 0.008561287671051188
-2.041837198726694 0.008721961456795515
-2.0372896771259663 0.008885283137572782
-2.0327421555252387 0.009051288658306778
-2.028194633924511 0.00922001430009012
-2.0236471123237836 0.009391496680406165
-2.019099590723056 0.009565772753284707
-2.0145520691223284 0.009742879809390455
-2.010004547521601 0.009922855476042778
-2.0054570259208733 0.01010573771716562
-2.0009095043201457 0.010291564833166213
-1.996361982719418 0.0104803754607413
-1.9918144611186903 0.010672208572609603
-1.9872669395179627 0.010867103477169317
-1.9827194179172352 0.011065099818079158
-1.9781718963165076 0.01126623757376186
-1.97362437471578 0.011470557056828713
-1.9690768531150524 0.011678098913423914
-1.9645293315143249 0.011888904122487417
-1.9599818099135973 0.012103013994934912
-1.9554342883128695 0.012320470172753782
-1.950886766712142 0.012541314628013655
-1.9463392451114143 0.012765589661790262
-1.9417917235106867 0.01299333790300132
-1.9372442019099592 0.013224602307153232
-1.9326966803092316 0.013459426154997173
-1.928149158708504 0.013697853051093388
-1.9236016371077764 0.01393992692228245
-1.9190541155070486 0.0141856920160621
-1.914506593906321 0.014435192898868507
-1.9099590723055935 0.014688474454260646
-1.905411550704866 0.014945581881006517
-1.9008640291041383 0.015206560691070006
-1.8963165075034107 0.015471456707497125
-1.8917689859026832 0.01574031606220035
-1.8872214643019556 0.016013185193640016
-1.882673942701228 0.016290110844401212
-1.8781264211005002 0.01657114005866546
-1.8735788994997726 0.016856320179575338
-1.869031377899045 0.017145698846491603
-1.8644838562983175 0.017439323992141004
-1.85993633469759 0.017737243839653978
-1.8553888130968623 0.01803950689949095
-1.8508412914961347 0.018346161966256155
-1.8462937698954072 0.018657258115397875
-1.8417462482946794 0.018972844699793726
-1.8371987266939518 0.019292971346220447
-1.8326512050932242 0.019617687951706493
-1.8281036834924966 0.01994704467976672
-1.823556161891769 0.020281091956518248
-1.8190086402910415 0.020619880466675858
-1.814461118690314 0.020963461149426692
-1.8099135970895863 0.0213118851941827
-1.8053660754888587 0.02166520403621007
-1.800818553888131 0.022023469352134756
-1.7962710322874034 0.022386733055322804
-1.7917235106866758 0.02275504729113517
-1.7871759890859482 0.023128464432055615
-1.7826284674852206 0.023507037072690935
-1.778080945884493 0.02389081802464276
-1.7735334242837655 0.02427986031125024
-1.768985902683038 0.024674217162202302
-1.76443838108231 0.02507394200801937
-1.7598908594815825 0.025479088474403253
-1.755343337880855 0.025889710376454766
-1.7507958162801274 0.026305861712758366
-1.7462482946793998 0.02672759665933296
-1.7417007730786722 0.027154969563448404
-1.7371532514779446 0.027588034937307188
-1.732605729877217 0.028026847451590342
-1.7280582082764895 0.028471461928867285
-1.7235106866757617 0.028921933336869307
-1.718963165075034 0.029378316781625613
-1.7144156434743065 0.029840667500461923
-1.709868121873579 0.030309040854861233
-1.7053206002728514 0.030783492323185863
-1.7007730786721238 0.03126407749326112
-1.6962255570713962 0.03175085205481953
-1.6916780354706686 0.03224387179180611
-1.6871305138699408 0.032743192574543674
-1.6825829922692133 0.03324887035175863
-1.6780354706684857 0.033760961142466434
-1.673487949067758 0.034279521027717356
-1.6689404274670305 0.034804606142201516
-1.664392905866303 0.035336272665714076
-1.6598453842655754 0.035874576814479794
-1.6552978626648478 0.036419574832337515
-1.6507503410641202 0.03697132298178416
-1.6462028194633924 0.037529877534879005
-1.6416552978626648 0.03809529476400742
-1.6371077762619373 0.038667630932505394
-1.6325602546612097 0.03924694228514401
-1.628012733060482 0.03983328503847501
-1.6234652114597545 0.04042671537103707
-1.618917689859027 0.041027289413423804
-1.6143701682582994 0.041635063238213255
-1.6098226466575716 0.04225009284976002
-1.605275125056844 0.042872434173849755
-1.6007276034561164 0.04350214304721732
-1.5961800818553888 0.04413927520692882
-1.5916325602546613 0.044783886279628156
-1.5870850386539337 0.045436031770648665
-1.582537517053206 0.04609576705299139
-1.5779899954524785 0.0467631473561695
-1.573442473851751 0.04743822775492088
-1.5688949522510232 0.048121063157789065
-1.5643474306502956 0.04881170829557367
-1.559799909049568 0.04951021770965158
-1.5552523874488404 0.05021664574016981
-1.5507048658481128 0.0509310465141104
-1.5461573442473853 0.051653473933230075
-1.5416098226466577 0.05238398166187437
-1.5370623010459301 0.0531226231146684
-1.5325147794452023 0.05386945144408505
-1.5279672578444747 0.05462451952789257
-1.5234197362437472 0.055387879956482165
-1.5188722146430196 0.05615958502007812
-1.514324693042292 0.056939686695831146
-1.5097771714415644 0.0577282366347964
-1.5052296498408368 0.05852528614879932
-1.5006821282401093 0.059330886197188834
-1.4961346066393817 0.06014508737348146
-1.491587085038654 0.06096793989189739
-1.4870395634379263 0.06179949357379006
-1.4824920418371987 0.06263979783397235
-1.4779445202364712 0.06348890166694
-1.4733969986357436 0.06434685363299514
-1.468849477035016 0.06521370184427203
-1.4643019554342884 0.06608949395066661
-1.4597544338335608 0.06697427712567292
-1.4552069122328333 0.06786809805212783
-1.4506593906321055 0.06877100290786667
-1.446111869031378 0.06968303735129305
-1.4415643474306503 0.07060424650686331
-1.4370168258299227 0.07153467495049066
-1.4324693042291952 0.07247436669486919
-1.4279217826284676 0.07342336517472207
-1.42337426102774 0.07438171323197544
-1.4188267394270124 0.07534945310086197
-1.4142792178262846 0.07632662639295569
-1.409731696225557 0.07731327408214116
-1.4051841746248295 0.07830943648952102
-1.400636653024102 0.07931515326826304
-1.3960891314233743 0.08033046338839149
-1.3915416098226467 0.08135540512152409
-1.3869940882219192 0.08239001602555987
-1.3824465666211916 0.08343433292931886
-1.377899045020464 0.08448839191713811
-1.3733515234197362 0.08555222831342754
-1.3688040018190086 0.08662587666718793
-1.364256480218281 0.08770937073649535
-1.3597089586175535 0.0888027434729552
-1.355161437016826 0.08990602700612901
-1.3506139154160983 0.09101925262793825
-1.3460663938153707 0.09214245077704801
-1.3415188722146432 0.09327565102323458
-1.3369713506139154 0.09441888205174123
-1.3324238290131878 0.09557217164762422
-1.3278763074124602 0.09673554668009483
-1.3233287858117326 0.09790903308686041
-1.318781264211005 0.09909265585846724
-1.3142337426102775 0.10028643902265198
-1.30968622100955 0.10149040562870189
-1.3051386994088223 0.10270457773183157
-1.3005911778080947 0.10392897637757795
-1.296043656207367 0.10516362158621827
-1.2914961346066394 0.10640853233721548
-1.2869486130059118 0.10766372655369479
-1.2824010914051842 0.10892922108695649
-1.2778535698044566 0.11020503170102801
-1.273306048203729 0.11149117305726075
-1.2687585266030015 0.11278765869897535
-1.264211005002274 0.11409450103616026
-1.259663483401546 0.11541171133022736
-1.2551159618008185 0.1167392996788304
-1.250568440200091 0.11807727500074863
-1.2460209185993634 0.11942564502084284
-1.2414733969986358 0.12078441625508576
-1.2369258753979082 0.12215359399567423
-1.2323783537971806 0.12353318229622405
-1.227830832196453 0.12492318395705598
-1.2232833105957255 0.12632360051057612
-1.2187357889949977 0.1277344322067533
-1.21418826739427 0.12915567799870184
-1.2096407457935425 0.13058733552837246
-1.205093224192815 0.1320294011123556
-1.2005457025920874 0.13348186972780324
-1.1959981809913598 0.1349447349984736
-1.1914506593906322 0.1364179891809032
-1.1869031377899046 0.1379016231507113
-1.1823556161891768 0.13939562638904235
-1.1778080945884493 0.14089998696914963
-1.1732605729877217 0.14241469154312714
-1.168713051386994 0.14393972532879287
-1.1641655297862665 0.14547507209672875
-1.159618008185539 0.14702071415748352
-1.1550704865848114 0.1485766323489411
-1.1505229649840838 0.15014280602386204
-1.1459754433833562 0.15171921303760014
-1.1414279217826284 0.1533058297360019
-1.1368804001819008 0.15490263094349213
-1.1323328785811733 0.1565095899513504
-1.1277853569804457 0.15812667850618523
-1.123237835379718 0.15975386679860795
-1.1186903137789905 0.1613911234521142
-1.114142792178263 0.16303841551217516
-1.1095952705775354 0.16469570843554693
-1.1050477489768076 0.16636296607979775
-1.10050022737608 0.168040150693064
-1.0959527057753524 0.16972722290403505
-1.0914051841746248 0.17142414171217388
-1.0868576625738973 0.1731308644781783
-1.0823101409731697 0.17484734691468723
-1.077762619372442 0.17657354307723575
-1.0732150977717145 0.17830940535546677
-1.068667576170987 0.18005488446459936
-1.0641200545702592 0.1818099294371639
-1.0595725329695316 0.18357448761500333
-1.055025011368804 0.18534850464154887
-1.0504774897680764 0.1871319244543739
-1.0459299681673488 0.1889246892780293
-1.0413824465666213 0.19072673961716644
-1.0368349249658937 0.19253801424995085
-1.0322874033651661 0.19435845022177275
-1.0277398817644383 0.19618798283925643
-1.0231923601637107 0.1980265456645752
-1.0186448385629832 0.19987407051007486
-1.0140973169622556 0.20173048743321054
-1.009549795361528 0.20359572473180018
-1.0050022737608004 0.20546970893960007
-1.0004547521600728 0.20735236482220537
-0.9959072305593452 0.20924361537328093
-0.9913597089586176 0.211143381811125
-0.98681218735789 0.21305158357557022
-0.9822646657571624 0.21496813832522677
-0.9777171441564347 0.21689296193507038
-0.9731696225557072 0.2188259684943776
-0.9686221009549796 0.2207670703050156
-0.964074579354252 0.22271617788008777
-0.9595270577535243 0.22467319994293683
-0.9549795361527967 0.22663804342651336
-0.9504320145520692 0.22861061347310963
-0.9458844929513416 0.23059081343446206
-0.941336971350614 0.23257854487222898
-0.9367894497498863 0.23457370755884163
-0.9322419281491587 0.23657619947873634
-0.9276944065484312 0.23858591682996746
-0.9231468849477036 0.24060275402620468
-0.9185993633469759 0.2426266036991207
-0.9140518417462483 0.24465735670116456
-0.9095043201455207 0.2466949021087328
-0.9049567985447932 0.24873912722573271
-0.9004092769440655 0.25078991758754565
-0.8958617553433379 0.25284715696538757
-0.8913142337426103 0.25491072737107595
-0.8867667121418827 0.25698050906219844
-0.882219190541155 0.25905638054768815
-0.8776716689404275 0.2611382185938093
-0.8731241473396999 0.2632258982305518
-0.8685766257389723 0.26531929275843763
-0.8640291041382447 0.2674182737557418
-0.859481582537517 0.2695227110861285
-0.8549340609367895 0.27163247290670284
-0.8503865393360619 0.273747425676481
-0.8458390177353343 0.27586743416528037
-0.8412914961346066 0.2779923614630281
-0.836743974533879 0.280122068989492
-0.8321964529331515 0.28225641650443295
-0.8276489313324239 0.2843952621181789
-0.8231014097316962 0.28653846230262436
-0.8185538881309686 0.28868587190265255
-0.814006366530241 0.29083734414797924
-0.8094588449295135 0.2929927306654253
-0.8049113233287858 0.29515188149161103
-0.8003638017280582 0.29731464508607347
-0.7958162801273306 0.2994808683448128
-0.791268758526603 0.30165039661425813
-0.7867212369258755 0.30382307370565903
-0.7821737153251478 0.3059987419099005
-0.7776261937244202 0.3081772420127392
-0.7730786721236926 0.3103584133104637
-0.7685311505229651 0.31254209362597285
-0.7639836289222374 0.3147281193252768
-0.7594361073215098 0.31691632533441505
-0.7548885857207822 0.3191065451567923
-0.7503410641200546 0.3212986108909317
-0.745793542519327 0.32349235324864045
-0.7412460209185994 0.3256876015735915
-0.7366984993178718 0.32788418386031215
-0.7321509777171442 0.33008192677358666
-0.7276034561164166 0.33228065566826204
-0.723055934515689 0.3344801946094617
-0.7185084129149614 0.33668036639319915
-0.7139608913142338 0.338880992567396
-0.7094133697135062 0.3410818934532907
-0.7048658481127785 0.3432828881672517
-0.700318326512051 0.3454837946429731
-0.6957708049113234 0.3476844296540657
-0.6912232833105958 0.34988460883703326
-0.6866757617098681 0.35208414671462734
-0.6821282401091405 0.3542828567195876
-0.677580718508413 0.3564805512187532
-0.6730331969076854 0.35867704153754854
-0.6684856753069577 0.3608721379848367
-0.6639381537062301 0.36306564987813855
-0.6593906321055025 0.3652573855692113
-0.654843110504775 0.3674471524699828
-0.6502955889040474 0.3696347570788404
-0.6457480673033197 0.3718200050072641
-0.6412005457025921 0.3740027010068056
-0.6366530241018645 0.3761826489964048
-0.632105502501137 0.37835965209003847
-0.6275579809004093 0.38053351262470186
-0.6230104592996817 0.3827040321887075
-0.6184629376989541 0.3848710116503086
-0.6139154160982265 0.387034251186632
-0.6093678944974988 0.3891935503129212
-0.6048203728967713 0.39134870791207804
-0.6002728512960437 0.3934995222645066
-0.5957253296953161 0.3956457910782413
-0.5911778080945884 0.3977873115193662
-0.5866302864938608 0.399923880242709
-0.5820827648931333 0.40205529342280877
-0.5775352432924057 0.4041813467851506
-0.5729877216916781 0.4063018356376628
-0.5684402000909504 0.4084165549024623
-0.5638926784902228 0.4105252991478528
-0.5593451568894953 0.4126278626205602
-0.5547976352887677 0.41472403927820495
-0.55025011368804 0.4168136228219943
-0.5457025920873124 0.41889640672964656
-0.5411550704865848 0.42097218428851496
-0.5366075488858573 0.4230407486289268
-0.5320600272851296 0.4251018927577163
-0.527512505684402 0.42715540959194975
-0.5229649840836744 0.4292010919928361
-0.5184174624829468 0.431238732799809
-0.5138699408822192 0.43326812486478283
-0.5093224192814916 0.43528906108656573
-0.504774897680764 0.4373013344454263
-0.5002273760800364 0.4393047380378065
-0.4956798544793088 0.4412990651111714
-0.4911323328785812 0.4432841090989858
-0.4865848112778536 0.4452596636558144
-0.482037289677126 0.4472255226925356
-0.47748976807639837 0.4491814804116545
-0.4729422464756708 0.45112733134271893
-0.46839472487494316 0.45306287037781795
-0.4638472032742156 0.4549878928071641
-0.45929968167348795 0.45690219435474166
-0.45475216007276037 0.4588055712140214
-0.45020463847203274 0.46069782008372834
-0.44565711687130516 0.46257873820365125
-0.4411095952705775 0.46444812339049235
-0.43656207366984995 0.4663057740737431
-0.43201455206912237 0.46815148933157924
-0.42746703046839474 0.46998506892676384
-0.42291950886766716 0.4718063133425531
-0.4183719872669395 0.4736150238185945
-0.41382446566621195 0.47541100238680606
-0.4092769440654843 0.4771940519072329
-0.40472942246475674 0.4789639761038658
-0.4001819008640291 0.48072057960041664
-0.3956343792633015 0.48246366795604084
-0.3910868576625739 0.4841930477010021
-0.3865393360618463 0.4859085263722566
-0.3819918144611187 0.48760991254896535
-0.3774442928603911 0.48929701588791435
-0.3728967712596635 0.49096964715883507
-0.3683492496589359 0.4926276182796186
-0.3638017280582083 0.49427074235141244
-0.3592542064574807 0.49589883369359194
-0.3547066848567531 0.4975117078785979
-0.3501591632560255 0.4991091817666252
-0.3456116416552979 0.5006910735401648
-0.34106412005457026 0.5022572027383794
-0.3365165984538427 0.5038073902913082
-0.33196907685311505 0.5053414585538918
-0.3274215552523875 0.5068592313398081
-0.32287403365165984 0.5083605339551079
-0.31832651205093226 0.5098451932316468
-0.31377899045020463 0.5113130375602947
-0.30923146884947705 0.5127638969239281
-0.3046839472487494 0.5141976029301819
-0.30013642564802184 0.5156139888439589
-0.2955889040472942 0.5170128896196917
-0.29104138244656663 0.5183941419333415
-0.28649386084583905 0.5197575842141257
-0.2819463392451114 0.5211030566759723
-0.27739881764438384 0.5224304013486858
-0.2728512960436562 0.5237394621088175
-0.26830377444292863 0.5250300847102357
-0.263756252842201 0.5263021168143787
-0.2592087312414734 0.5275554080201951
-0.2546612096407458 0.5287898098937515
-0.2501136880400182 0.5300051759975047
-0.2455661664392906 0.5312013619192294
-0.241018644838563 0.5323782253005962
-0.2364711232378354 0.533535625865386
-0.2319236016371078 0.5346734254473376
-0.22737608003638018 0.5357914880176208
-0.22282855843565258 0.5368896797119251
-0.21828103683492497 0.537967868857156
-0.21373351523419737 0.5390259259977366
-0.20918599363346976 0.5400637239214992
-0.20463847203274216 0.5410811376851685
-0.20009095043201455 0.5420780446394199
-0.19554342883128695 0.5430543244535135
-0.19099590723055934 0.5440098591394946
-0.18644838562983174 0.5449445330759516
-0.18190086402910416 0.5458582330313272
-0.17735334242837655 0.5467508481867731
-0.17280582082764895 0.5476222701585494
-0.16825829922692134 0.5484723930199519
-0.16371077762619374 0.5493011133227682
-0.15916325602546613 0.5501083301182559
-0.15461573442473853 0.5508939449776312
-0.15006821282401092 0.5516578620120729
-0.14552069122328332 0.5523999878922249
-0.1409731696225557 0.5531202318671968
-0.1364256480218281 0.5538185057830587
-0.1318781264211005 0.5544947241008232
-0.1273306048203729 0.5551488039139058
-0.1227830832196453 0.5557806649650685
-0.1182355616189177 0.5563902296628265
-0.11368804001819009 0.5569774230973319
-0.10914051841746249 0.5575421730557137
-0.10459299681673488 0.558084410036879
-0.10004547521600728 0.5586040672657678
-0.09549795361527967 0.5591010807070568
-0.09095043201455208 0.5595753890783111
-0.08640291041382447 0.5600269338625767
-0.08185538881309687 0.560455659320416
-0.07730786721236926 0.5608615125013686
-0.07276034561164166 0.5612444432548569
-0.06821282401091405 0.5616044042405108
-0.06366530241018645 0.5619413509379227
-0.05911778080945885 0.5622552416558246
-0.054570259208731244 0.5625460375406854
-0.05002273760800364 0.5628137025847265
-0.04547521600727604 0.5630582036333521
-0.040927694406548434 0.5632795103919954
-0.03638017280582083 0.563477595432371
-0.031832651205093224 0.5636524341981453
-0.027285129604365622 0.5638040050100056
-0.02273760800363802 0.5639322890701443
-0.018190086402910415 0.5640372704661399
-0.013642564802182811 0.5641189361742514
-0.009095043201455207 0.5641772760621064
-0.004547521600727604 0.5642122828908009
0.0 0.5642239523163929
0.004547521600727604 0.5642122828908009
0.009095043201455207 0.5641772760621069
0.013642564802182811 0.5641189361742514
0.018190086402910415 0.5640372704661396
0.02273760800363802 0.5639322890701439
0.027285129604365622 0.5638040050100055
0.031832651205093224 0.563652434198145
0.03638017280582083 0.5634775954323709
0.040927694406548434 0.5632795103919952
0.04547521600727604 0.5630582036333526
0.05002273760800364 0.5628137025847266
0.054570259208731244 0.5625460375406854
0.05911778080945885 0.5622552416558247
0.06366530241018645 0.5619413509379227
0.06821282401091405 0.5616044042405106
0.07276034561164166 0.5612444432548569
0.07730786721236926 0.5608615125013688
0.08185538881309687 0.560455659320416
0.08640291041382447 0.5600269338625772
0.09095043201455208 0.5595753890783108
0.09549795361527967 0.5591010807070566
0.10004547521600728 0.5586040672657677
0.10459299681673488 0.558084410036879
0.10914051841746249 0.5575421730557137
0.11368804001819009 0.5569774230973316
0.1182355616189177 0.5563902296628265
0.1227830832196453 0.5557806649650685
0.1273306048203729 0.5551488039139064
0.1318781264211005 0.5544947241008236
0.1364256480218281 0.5538185057830589
0.1409731696225557 0.5531202318671965
0.14552069122328332 0.552399987892225
0.15006821282401092 0.551657862012073
0.15461573442473853 0.5508939449776311
0.15916325602546613 0.5501083301182554
0.16371077762619374 0.5493011133227682
0.16825829922692134 0.5484723930199521
0.17280582082764895 0.5476222701585497
0.17735334242837655 0.5467508481867732
0.18190086402910416 0.5458582330313272
0.18644838562983174 0.544944533075952
0.19099590723055934 0.5440098591394946
0.19554342883128695 0.5430543244535133
0.20009095043201455 0.5420780446394201
0.20463847203274216 0.5410811376851685
0.20918599363346976 0.5400637239214998
0.21373351523419737 0.5390259259977366
0.21828103683492497 0.5379678688571564
0.22282855843565258 0.5368896797119255
0.22737608003638018 0.5357914880176213
0.2319236016371078 0.5346734254473381
0.2364711232378354 0.5335356258653863
0.241018644838563 0.5323782253005966
0.2455661664392906 0.5312013619192292
0.2501136880400182 0.5300051759975047
0.2546612096407458 0.5287898098937515
0.2592087312414734 0.5275554080201953
0.263756252842201 0.5263021168143789
0.26830377444292863 0.5250300847102358
0.2728512960436562 0.523739462108818
0.27739881764438384 0.5224304013486862
0.2819463392451114 0.5211030566759725
0.28649386084583905 0.5197575842141258
0.29104138244656663 0.5183941419333417
0.2955889040472942 0.5170128896196922
0.30013642564802184 0.5156139888439593
0.3046839472487494 0.5141976029301821
0.30923146884947705 0.5127638969239285
0.31377899045020463 0.5113130375602949
0.31832651205093226 0.5098451932316463
0.32287403365165984 0.5083605339551085
0.3274215552523875 0.5068592313398083
0.33196907685311505 0.5053414585538923
0.3365165984538427 0.5038073902913084
0.34106412005457026 0.5022572027383797
0.3456116416552979 0.5006910735401647
0.3501591632560255 0.499109181766625
0.3547066848567531 0.4975117078785978
0.3592542064574807 0.49589883369359244
0.3638017280582083 0.49427074235141255
0.3683492496589359 0.49262761827961876
0.3728967712596635 0.4909696471588353
0.3774442928603911 0.48929701588791435
0.3819918144611187 0.48760991254896563
0.3865393360618463 0.4859085263722569
0.3910868576625739 0.48419304770100213
0.3956343792633015 0.48246366795604145
0.4001819008640291 0.4807205796004164
0.40472942246475674 0.478963976103866
0.4092769440654843 0.4771940519072335
0.41382446566621195 0.47541100238680667
0.4183719872669395 0.4736150238185945
0.42291950886766716 0.4718063133425534
0.42746703046839474 0.46998506892676406
0.43201455206912237 0.46815148933157935
0.43656207366984995 0.46630577407374324
0.4411095952705775 0.46444812339049196
0.44565711687130516 0.46257873820365103
0.45020463847203274 0.4606978200837283
0.45475216007276037 0.4588055712140219
0.45929968167348795 0.4569021943547416
0.4638472032742156 0.45498789280716395
0.46839472487494316 0.4530628703778182
0.4729422464756708 0.45112733134271893
0.47748976807639837 0.4491814804116545
0.482037289677126 0.4472255226925356
0.4865848112778536 0.4452596636558149
0.4911323328785812 0.44328410909898563
0.4956798544793088 0.44129906511117145
0.5002273760800364 0.4393047380378067
0.504774897680764 0.4373013344454261
0.5093224192814916 0.4352890610865657
0.5138699408822192 0.43326812486478306
0.5184174624829468 0.43123873279980923
0.5229649840836744 0.4292010919928362
0.527512505684402 0.42715540959195003
0.5320600272851296 0.4251018927577164
0.5366075488858573 0.42304074862892677
0.5411550704865848 0.42097218428851496
0.5457025920873124 0.4188964067296464
0.55025011368804 0.4168136228219943
0.5547976352887677 0.41472403927820456
0.5593451568894953 0.4126278626205605
0.5638926784902228 0.41052529914785296
0.5684402000909504 0.4084165549024623
0.5729877216916781 0.40630183563766276
0.5775352432924057 0.4041813467851508
0.5820827648931333 0.40205529342280877
0.5866302864938608 0.39992388024270903
0.5911778080945884 0.3977873115193665
0.5957253296953161 0.3956457910782415
0.6002728512960437 0.3934995222645064
0.6048203728967713 0.39134870791207804
0.6093678944974988 0.38919355031292124
0.6139154160982265 0.3870342511866322
0.6184629376989541 0.3848710116503086
0.6230104592996817 0.3827040321887076
0.6275579809004093 0.38053351262470186
0.632105502501137 0.37835965209003847
0.6366530241018645 0.3761826489964049
0.6412005457025921 0.3740027010068055
0.6457480673033197 0.37182000500726425
0.6502955889040474 0.3696347570788403
0.654843110504775 0.3674471524699833
0.6593906321055025 0.36525738556921145
0.6639381537062301 0.36306564987813866
0.6684856753069577 0.3608721379848365
0.6730331969076854 0.35867704153754826
0.677580718508413 0.35648055121875327
0.6821282401091405 0.35428285671958787
0.6866757617098681 0.35208414671462723
0.6912232833105958 0.34988460883703315
0.6957708049113234 0.347684429654066
0.700318326512051 0.34548379464297296
0.7048658481127785 0.3432828881672518
0.7094133697135062 0.34108189345329104
0.7139608913142338 0.33888099256739584
0.7185084129149614 0.3366803663931993
0.723055934515689 0.33448019460946143
0.7276034561164166 0.3322806556682619
0.7321509777171442 0.3300819267735867
0.7366984993178718 0.32788418386031215
0.7412460209185994 0.3256876015735915
0.745793542519327 0.32349235324864045
0.7503410641200546 0.3212986108909316
0.7548885857207822 0.31910654515679215
0.7594361073215098 0.3169163253344151
0.7639836289222374 0.3147281193252768
0.7685311505229651 0.3125420936259728
0.7730786721236926 0.3103584133104636
0.7776261937244202 0.30817724201273916
0.7821737153251478 0.3059987419099005
0.7867212369258755 0.3038230737056591
0.791268758526603 0.301650396614258
0.7958162801273306 0.2994808683448128
0.8003638017280582 0.29731464508607347
0.8049113233287858 0.2951518814916108
0.8094588449295135 0.2929927306654256
0.814006366530241 0.2908373441479792
0.8185538881309686 0.28868587190265244
0.8231014097316962 0.2865384623026243
0.8276489313324239 0.28439526211817884
0.8321964529331515 0.28225641650443273
0.836743974533879 0.280122068989492
0.8412914961346066 0.27799236146302814
0.8458390177353343 0.2758674341652802
0.8503865393360619 0.2737474256764809
0.8549340609367895 0.2716324729067027
0.859481582537517 0.2695227110861285
0.8640291041382447 0.2674182737557418
0.8685766257389723 0.26531929275843746
0.8731241473396999 0.2632258982305519
0.8776716689404275 0.2611382185938093
0.882219190541155 0.2590563805476881
0.8867667121418827 0.25698050906219827
0.8913142337426103 0.25491072737107595
0.8958617553433379 0.2528471569653876
0.9004092769440655 0.25078991758754554
0.9049567985447932 0.2487391272257328
0.9095043201455207 0.24669490210873274
0.9140518417462483 0.24465735670116465
0.9185993633469759 0.2426266036991206
0.9231468849477036 0.24060275402620476
0.9276944065484312 0.23858591682996735
0.9322419281491587 0.23657619947873643
0.9367894497498863 0.23457370755884155
0.941336971350614 0.23257854487222893
0.9458844929513416 0.23059081343446206
0.9504320145520692 0.22861061347310968
0.9549795361527967 0.2266380434265135
0.9595270577535243 0.2246731999429369
0.964074579354252 0.2227161778800876
0.9686221009549796 0.22076707030501552
0.9731696225557072 0.21882596849437744
0.9777171441564347 0.2168929619350703
0.9822646657571624 0.21496813832522688
0.98681218735789 0.21305158357557008
0.9913597089586176 0.211143381811125
0.9959072305593452 0.2092436153732809
1.0004547521600728 0.20735236482220537
1.0050022737608004 0.20546970893960015
1.009549795361528 0.20359572473180026
1.0140973169622556 0.20173048743321054
1.0186448385629832 0.19987407051007502
1.0231923601637107 0.19802654566457517
1.0277398817644383 0.1961879828392565
1.0322874033651661 0.19435845022177284
1.0368349249658937 0.192538014249951
1.0413824465666213 0.1907267396171665
1.0459299681673488 0.1889246892780293
1.0504774897680764 0.1871319244543739
1.055025011368804 0.18534850464154878
1.0595725329695316 0.18357448761500333
1.0641200545702592 0.18180992943716404
1.068667576170987 0.18005488446459936
1.0732150977717145 0.17830940535546683
1.077762619372442 0.17657354307723583
1.0823101409731697 0.17484734691468715
1.0868576625738973 0.17313086447817838
1.0914051841746248 0.17142414171217377
1.0959527057753524 0.16972722290403497
1.10050022737608 0.16804015069306394
1.1050477489768076 0.16636296607979772
1.1095952705775354 0.1646957084355469
1.114142792178263 0.16303841551217516
1.1186903137789905 0.1613911234521142
1.123237835379718 0.15975386679860798
1.1277853569804457 0.1581266785061852
1.1323328785811733 0.15650958995135036
1.1368804001819008 0.1549026309434921
1.1414279217826284 0.1533058297360018
1.1459754433833562 0.1517192130376001
1.1505229649840838 0.15014280602386204
1.1550704865848114 0.1485766323489412
1.159618008185539 0.14702071415748347
1.1641655297862665 0.14547507209672875
1.168713051386994 0.14393972532879293
1.1732605729877217 0.14241469154312728
1.1778080945884493 0.14089998696914965
1.1823556161891768 0.13939562638904235
1.1869031377899046 0.1379016231507114
1.1914506593906322 0.13641798918090312
1.1959981809913598 0.13494473499847373
1.2005457025920874 0.13348186972780318
1.205093224192815 0.1320294011123556
1.2096407457935425 0.13058733552837243
1.21418826739427 0.1291556779987019
1.2187357889949977 0.1277344322067533
1.2232833105957255 0.12632360051057623
1.227830832196453 0.12492318395705604
1.2323783537971806 0.12353318229622401
1.2369258753979082 0.12215359399567423
1.2414733969986358 0.12078441625508576
1.2460209185993634 0.11942564502084276
1.250568440200091 0.11807727500074863
1.2551159618008185 0.11673929967883044
1.259663483401546 0.11541171133022747
1.264211005002274 0.11409450103616026
1.2687585266030015 0.11278765869897535
1.273306048203729 0.11149117305726074
1.2778535698044566 0.11020503170102805
1.2824010914051842 0.10892922108695653
1.2869486130059118 0.10766372655369483
1.2914961346066394 0.10640853233721548
1.296043656207367 0.10516362158621834
1.3005911778080947 0.10392897637757796
1.3051386994088223 0.1027045777318316
1.30968622100955 0.10149040562870189
1.3142337426102775 0.10028643902265202
1.318781264211005 0.09909265585846731
1.3233287858117326 0.09790903308686039
1.3278763074124602 0.09673554668009487
1.3324238290131878 0.09557217164762419
1.3369713506139154 0.0944188820517412
1.3415188722146432 0.09327565102323455
1.3460663938153707 0.09214245077704801
1.3506139154160983 0.09101925262793832
1.355161437016826 0.08990602700612907
1.3597089586175535 0.08880274347295518
1.364256480218281 0.0877093707364953
1.3688040018190086 0.08662587666718798
1.3733515234197362 0.08555222831342754
1.377899045020464 0.08448839191713813
1.3824465666211916 0.08343433292931893
1.3869940882219192 0.08239001602555995
1.3915416098226467 0.0813554051215241
1.3960891314233743 0.08033046338839155
1.400636653024102 0.07931515326826312
1.4051841746248295 0.07830943648952109
1.409731696225557 0.0773132740821412
1.4142792178262846 0.0763266263929557
1.4188267394270124 0.07534945310086204
1.42337426102774 0.07438171323197539
1.4279217826284676 0.07342336517472206
1.4324693042291952 0.0724743666948692
1.4370168258299227 0.07153467495049069
1.4415643474306503 0.07060424650686338
1.446111869031378 0.06968303735129307
1.4506593906321055 0.06877100290786675
1.4552069122328333 0.06786809805212783
1.4597544338335608 0.06697427712567298
1.4643019554342884 0.06608949395066661
1.468849477035016 0.06521370184427204
1.4733969986357436 0.06434685363299515
1.4779445202364712 0.06348890166694
1.4824920418371987 0.06263979783397239
1.4870395634379263 0.06179949357379007
1.491587085038654 0.06096793989189743
1.4961346066393817 0.06014508737348152
1.5006821282401093 0.059330886197188876
1.5052296498408368 0.05852528614879932
1.5097771714415644 0.05772823663479644
1.514324693042292 0.05693968669583117
1.5188722146430196 0.05615958502007816
1.5234197362437472 0.05538787995648215
1.5279672578444747 0.05462451952789255
1.5325147794452023 0.05386945144408508
1.5370623010459301 0.0531226231146684
1.5416098226466577 0.05238398166187441
1.5461573442473853 0.05165347393323009
1.5507048658481128 0.05093104651411043
1.5552523874488404 0.05021664574016984
1.559799909049568 0.04951021770965159
1.5643474306502956 0.04881170829557369
1.5688949522510232 0.04812106315778908
1.573442473851751 0.04743822775492088
1.5779899954524785 0.04676314735616952
1.582537517053206 0.04609576705299139
1.5870850386539337 0.045436031770648685
1.5916325602546613 0.04478388627962814
1.5961800818553888 0.044139275206928875
1.6007276034561164 0.043502143047217355
1.605275125056844 0.042872434173849776
1.6098226466575716 0.04225009284976008
1.6143701682582994 0.041635063238213296
1.618917689859027 0.04102728941342384
1.6234652114597545 0.040426715371037085
1.628012733060482 0.039833285038475025
1.6325602546612097 0.03924694228514403
1.6371077762619373 0.03866763093250541
1.6416552978626648 0.03809529476400745
1.6462028194633924 0.037529877534879026
1.6507503410641202 0.03697132298178418
1.6552978626648478 0.03641957483233751
1.6598453842655754 0.0358745768144798
1.664392905866303 0.03533627266571409
1.6689404274670305 0.03480460614220155
1.673487949067758 0.03427952102771737
1.6780354706684857 0.03376096114246647
1.6825829922692133 0.03324887035175864
1.6871305138699408 0.032743192574543716
1.6916780354706686 0.03224387179180611
1.6962255570713962 0.03175085205481954
1.7007730786721238 0.03126407749326113
1.7053206002728514 0.030783492323185863
1.709868121873579 0.030309040854861254
1.7144156434743065 0.029840667500461944
1.718963165075034 0.029378316781625634
1.7235106866757617 0.028921933336869318
1.7280582082764895 0.028471461928867278
1.732605729877217 0.02802684745159035
1.7371532514779446 0.02758803493730721
1.7417007730786722 0.027154969563448435
1.7462482946793998 0.02672759665933296
1.7507958162801274 0.026305861712758366
1.755343337880855 0.025889710376454773
1.7598908594815825 0.025479088474403246
1.76443838108231 0.025073942008019393
1.768985902683038 0.024674217162202288
1.7735334242837655 0.024279860311250224
1.778080945884493 0.02389081802464277
1.7826284674852206 0.023507037072690914
1.7871759890859482 0.02312846443205563
1.7917235106866758 0.02275504729113518
1.7962710322874034 0.022386733055322797
1.800818553888131 0.022023469352134766
1.8053660754888587 0.02166520403621009
1.8099135970895863 0.021311885194182693
1.814461118690314 0.020963461149426696
1.8190086402910415 0.02061988046667587
1.823556161891769 0.020281091956518265
1.8281036834924966 0.019947044679766733
1.8326512050932242 0.019617687951706493
1.8371987266939518 0.01929297134622045
1.8417462482946794 0.018972844699793733
1.8462937698954072 0.01865725811539787
1.8508412914961347 0.018346161966256182
1.8553888130968623 0.018039506899490965
1.85993633469759 0.017737243839653992
1.8644838562983175 0.017439323992141008
1.869031377899045 0.017145698846491603
1.8735788994997726 0.016856320179575335
1.8781264211005002 0.016571140058665473
1.882673942701228 0.016290110844401223
1.8872214643019556 0.01601318519364002
1.8917689859026832 0.01574031606220035
1.8963165075034107 0.01547145670749713
1.9008640291041383 0.015206560691070018
1.905411550704866 0.014945581881006524
1.9099590723055935 0.014688474454260652
1.914506593906321 0.014435192898868512
1.9190541155070486 0.014185692016062113
1.9236016371077764 0.013939926922282438
1.928149158708504 0.013697853051093396
1.9326966803092316 0.013459426154997184
1.9372442019099592 0.013224602307153239
1.9417917235106867 0.012993337903001327
1.9463392451114143 0.012765589661790264
1.950886766712142 0.01254131462801366
1.9554342883128695 0.012320470172753792
1.9599818099135973 0.012103013994934905
1.9645293315143249 0.01188890412248742
1.9690768531150524 0.011678098913423914
1.97362437471578 0.011470557056828706
1.9781718963165076 0.011266237573761856
1.9827194179172352 0.011065099818079164
1.9872669395179627 0.010867103477169323
1.9918144611186903 0.010672208572609608
1.996361982719418 0.010480375460741298
2.0009095043201457 0.010291564833166213
2.0054570259208733 0.01010573771716562
2.010004547521601 0.009922855476042774
2.0145520691223284 0.009742879809390459
2.019099590723056 0.00956577275328472
2.0236471123237836 0.009391496680406168
2.028194633924511 0.009220014300090123
2.0327421555252387 0.009051288658306776
2.0372896771259663 0.008885283137572784
2.041837198726694 0.008721961456795518
2.0463847203274215 0.008561287671051188
2.050932241928149 0.008403226171298246
2.0554797635288766 0.008247741684027105
2.0600272851296046 0.00809479927084767
2.0645748067303322 0.00794436432801584
2.06912232833106 0.007796402585900099
2.0736698499317874 0.007650880108389653
2.078217371532515 0.007507763292245231
2.0827648931332425 0.007367018866393734
2.08731241473397 0.007228613891168085
2.0918599363346977 0.0070925157574933465
2.0964074579354253 0.006958692186020457
2.100954979536153 0.006827111226208653
2.1055025011368804 0.006697741255357815
2.110050022737608 0.006570550977591985
2.1145975443383356 0.006445509422795164
2.119145065939063 0.0063225859455005124
2.1236925875397907 0.006201750223734215
2.1282401091405183 0.006082972257815072
2.132787630741246 0.005966222369111057
2.137335152341974 0.005851471198753785
2.1418826739427015 0.005738689706312278
2.146430195543429 0.0056278491684268375
2.1509777171441566 0.005518921177404383
2.155525238744884 0.005411877639776218
2.160072760345612 0.00530669077481929
2.1646202819463394 0.005203333113042073
2.169167803547067 0.005101777494636109
2.1737153251477945 0.0050019970678942555
2.178262846748522 0.004903965287596655
2.1828103683492497 0.0048076559133654944
2.1873578899499773 0.004713043007989536
2.191905411550705 0.004620100935719448
2.1964529331514324 0.004528804360534891
2.20100045475216 0.004439128244384387
2.2055479763528876 0.004351047845398921
2.210095497953615 0.004264538716080211
2.214643019554343 0.004179576701464617
2.2191905411550708 0.004096137937263671
2.2237380627557983 0.0040141988479819955
2.228285584356526 0.003933736145013716
2.2328331059572535 0.0038547268247181446
2.237380627557981 0.0037771481664756567
2.2419281491587086 0.0037009777307246096
2.246475670759436 0.003626193356980223
2.251023192360164 0.003552773161836196
2.2555707139608914 0.0034806955369499903
2.260118235561619 0.003409939147012494
2.2646657571623465 0.003340482927702989
2.269213278763074 0.0032723060836301566
2.2737608003638017 0.0032053880862599137
2.2783083219645293 0.003139708671830904
2.282855843565257 0.0030752478392583405
2.2874033651659844 0.0030119858480270214
2.2919508867667124 0.002949903216074186
2.29649840836744 0.002888980717663042
2.3010459299681676 0.0028291993812475246
2.305593451568895 0.0027705404873291537
2.3101409731696227 0.002712985566306603
2.3146884947703503 0.002656516396318612
2.319236016371078 0.002601115001081026
2.3237835379718055 0.0025467636477185082
2.328331059572533 0.002493444844591633
2.3328785811732606 0.002441141339119964
2.337426102773988 0.002389836115601727
2.341973624374716 0.002339512393030732
2.3465211459754434 0.002290153622911069
2.351068667576171 0.0022417434870702028
2.3556161891768985 0.002194265895471058
2.360163710777626 0.0021477049840235903
2.3647112323783537 0.00210204511239645
2.3692587539790817 0.00205727086182923
2.3738062755798093 0.0020133670329458876
2.378353797180537 0.001970318643569745
2.3829013187812644 0.0019281109265406823
2.387448840381992 0.0018867293275349473
2.3919963619827196 0.001846159502888083
2.396543883583447 0.0018063873174214335
2.4010914051841747 0.001767398842272684
2.4056389267849023 0.0017291803527308895
2.41018644838563 0.001691718326076418
2.4147339699863575 0.0016549994394262496
2.419281491587085 0.0016190105675850048
2.4238290131878126 0.0015837387809021582
2.42837653478854 0.001549171343135789
2.432924056389268 0.0015152957093232684
2.4374715779899954 0.001482099523659248
2.442019099590723 0.0014495706173813232
2.446566621191451 0.0014176970066636992
2.4511141427921785 0.0013864668905192424
2.455661664392906 0.0013558686487101805
2.4602091859936337 0.001325890839667858
2.4647567075943613 0.0012965221984217869
2.469304229195089 0.0012677516345383343
2.4738517507958164 0.001239568230069334
2.478399272396544 0.0012119612375108874
2.4829467939972716 0.0011849200777726597
2.487494315597999 0.001158434338157905
2.4920418371987267 0.0011324937703544983
2.4965893587994543 0.001107088288437214
2.501136880400182 0.0010822079668814904
2.5056844020009095 0.001057843038588904
2.510231923601637 0.0010339838929245993
2.5147794452023646 0.0010106210737668483
2.519326966803092 0.0009877452775689792
2.5238744884038202 0.0009653473514338565
2.528422010004548 0.0009434182912011064
2.5329695316052754 0.000921949239547255
2.537517053206003 0.0009009314840989645
2.5420645748067305 0.0008803564555595454
2.546612096407458 0.0008602157258488706
2.5511596180081857 0.0008405010062568702
2.5557071396089133 0.0008212041456107292
2.560254661209641 0.0008023171284559456
2.5648021828103684 0.0007838320732513576
2.569349704411096 0.0007657412305782738
2.5738972260118236 0.0007480369813638149
2.578444747612551 0.0007307118351185873
2.5829922692132787 0.0007137584281887669
2.5875397908140063 0.0006971695220227155
2.592087312414734 0.0006809380014521994
2.5966348340154615 0.0006650568729883049
2.6011823556161895 0.0006495192631321092
2.605729877216917 0.0006343184167002135
2.6102773988176446 0.0006194476951651514
2.6148249204183722 0.0006049005750107764
2.6193724420191 0.0005906706461026662
2.6239199636198274 0.0005767516100735779
2.628467485220555 0.0005631372787240202
2.6330150068212825 0.0005498215724379589
2.63756252842201 0.0005367985186137036
2.6421100500227377 0.0005240622501099882
2.6466575716234653 0.0005116070037072788
2.651205093224193 0.0004994271185843174
2.6557526148249204 0.0004875170348099172
2.660300136425648 0.0004758712918500176
2.6648476580263756 0.000464484527089998
2.669395179627103 0.00045335147437225383
2.6739427012278307 0.0004424669625490235
2.6784902228285588 0.0004318259140504588
2.6830377444292863 0.000421423343467932
2.687585266030014 0.00041125435615254084
2.6921327876307415 0.0004013141468288113
2.696680309231469 0.0003915979982235636
2.7012278308321966 0.0003821012797099056
2.705775352432924 0.00037281944596633177
2.710322874033652 0.00036374803565088014
2.7148703956343794 0.0003548826700903162
2.719417917235107 0.00034621905198429256
2.7239654388358345 0.0003377529641244431
2.728512960436562 0.0003294802681283586
2.7330604820372897 0.00032139690318839197
2.7376080036380173 0.00031349888483523644
2.742155525238745 0.00030578230371621965
2.7467030468394724 0.0002982433243882505
2.7512505684402 0.00029087818412535353
2.755798090040928 0.0002836831917407292
2.7603456116416556 0.0002766547264232629
2.764893133242383 0.0002697892365884166
2.7694406548431107 0.00026308323874342927
2.7739881764438383 0.00025653331636674685
2.778535698044566 0.0002501361188016021
2.7830832196452935 0.00024388836016367023
2.787630741246021 0.00023778681826271188
2.7921782628467486 0.0002318283335381189
2.796725784447476 0.00022600980800828032
2.801273306048204 0.00022032820423367698
2.8058208276489314 0.0002147805442936172
2.810368349249659 0.0002093639087765191
2.8149158708503865 0.00020407543578364833
2.819463392451114 0.0001989123199462192
2.8240109140518417 0.00019387181145575489
2.8285584356525693 0.00018895121510761957
2.8331059572532973 0.00018414788935761556
2.837653478854025 0.0001794592453915513
2.8422010004547524 0.00017488274620767268
2.84674852205548 0.00017041590571186243
2.8512960436562076 0.00016605628782549985
2.855843565256935 0.00016180150560587728
2.8603910868576627 0.0001576492203790687
2.8649386084583903 0.0001535971408851444
2.869486130059118 0.00014964302243562397
2.8740336516598455 0.00014578466608306125
2.878581173260573 0.00014201991780265108
2.8831286948613006 0.0001383466676857512
2.887676216462028 0.000134762849145207
2.892223738062756 0.0001312664381323706
2.8967712596634834 0.00012785545236570497
2.901318781264211 0.0001245279505708574
2.9058663028649385 0.00012128203173209634
2.9104138244656665 0.00011811583435499527
2.914961346066394 0.00011502753574025562
2.9195088676671217 0.00011201535126855061
2.9240563892678493 0.00010907753369628409
2.928603910868577 0.0001062123724621468
2.9331514324693044 0.00010341819300435819
2.937698954070032 0.00010069335608848237
2.9422464756707596 9.80362571457027e-05
2.946793997271487 9.544532562144356e-05
2.9513415188722147 9.29190243342259e-05
2.9558890404729423 9.045584884464334e-05
2.96043656207367 8.805432683434516e-05
2.9649840836743975 8.571301749491567e-05
2.969531605275125 8.343051092653402e-05
2.9740791268758526 8.120542754630497e-05
2.97862664847658 7.90364175061467e-05
2.983174170077308 7.692216012012437e-05
2.9877216916780354 7.486136330111708e-05
2.9922692132787634 7.285276300670773e-05
2.996816734879491 7.08951226941849e-05
3.0013642564802185 6.898723278454356e-05
3.005911778080946 6.712791013537857e-05
3.0104592996816737 6.531599752255752e-05
3.0150068212824013 6.355036313056534e-05
3.019554342883129 6.182990005141101e-05
3.0241018644838564 6.015352579198852e-05
3.028649386084584 5.852018178978337e-05
3.0331969076853116 5.6928832936818206e-05
3.037744429286039 5.5378467111729895e-05
3.0422919508867667 5.386809471987211e-05
3.0468394724874943 5.2396748241338264e-05
3.051386994088222 5.09634817867985e-05
3.0559345156889495 4.95673706610478e-05
3.060482037289677 4.820751093416049e-05
3.0650295588904046 4.688301902014805e-05
3.0695770804911326 4.559303126301855e-05
3.0741246020918602 4.433670353013532e-05
3.078672123692588 4.3113210812773514e-05
3.0832196452933154 4.192174683377544e-05
3.087767166894043 4.076152366220423e-05
3.0923146884947705 3.9631771334896976e-05
3.096862210095498 3.853173748481976e-05
3.1014097316962257 3.7460686976127e-05
3.1059572532969533 3.641790154582867e-05
3.110504774897681 3.54026794519695e-05
3.1150522964984084 3.4414335128225897e-05
3.119599818099136 3.3452198844825186e-05
3.1241473396998636 3.251561637569553e-05
3.128694861300591 3.16039486717527e-05
3.1332423829013187 3.0716571540232576e-05
3.1377899045020463 2.9852875329978942e-05
3.142337426102774 2.9012264622595842e-05
3.146884947703502 2.8194157929375955e-05
3.1514324693042295 2.7397987393916913e-05
3.155979990904957 2.6623198500337064e-05
3.1605275125056846 2.5869249787005762e-05
3.165075034106412 2.5135612565701193e-05
3.16962255570714 2.4421770646111662e-05
3.1741700773078674 2.372722006559612e-05
3.178717598908595 2.3051468824121106e-05
3.1832651205093225 2.2394036624291683e-05
3.18781264211005 2.1754454616395326e-05
3.1923601637107777 2.1132265148378314e-05
3.1969076853115053 2.0527021520675048e-05
3.201455206912233 1.9938287745811636e-05
3.2060027285129604 1.9365638312706255e-05
3.210550250113688 1.8808657955588992e-05
3.2150977717144156 1.8266941427465726e-05
3.219645293315143 1.7740093278050495e-05
3.224192814915871 1.7227727636092295e-05
3.2287403365165988 1.672946799602342e-05
3.2332878581173263 1.624494700885579e-05
3.237835379718054 1.5773806277255105e-05
3.2423829013187815 1.5315696154721043e-05
3.246930422919509 1.4870275548804324e-05
3.2514779445202366 1.4437211728291232e-05
3.256025466120964 1.4016180134287887e-05
3.260572987721692 1.360686419513696e-05
3.2651205093224194 1.3208955145100302e-05
3.269668030923147 1.2822151846742305e-05
3.2742155525238745 1.244616061694905e-05
3.278763074124602 1.2080695056519746e-05
3.2833105957253297 1.172547588326729e-05
3.2878581173260573 1.1380230768566007e-05
3.292405638926785 1.1044694177285278e-05
3.2969531605275124 1.0718607211048625e-05
3.3015006821282404 1.0401717454758644e-05
3.306048203728968 1.0093778826329156e-05
3.3105957253296956 9.79455142956631e-06
3.315143246930423 9.503801410141949e-06
3.3196907685311507 9.221300814602537e-06
3.3242382901318783 8.946827452358373e-06
3.328785811732606 8.680164760598167e-06
3.3333333333333335 8.421101672075235e-06
3.337880854934061 8.169432485712039e-06
3.3424283765347886 7.924956739970713e-06
3.346975898135516 7.687479088938081e-06
3.351523419736244 7.456809181074202e-06
3.3560709413369714 7.232761540574455e-06
3.360618462937699 7.015155451295828e-06
3.3651659845384265 6.803814843198877e-06
3.369713506139154 6.598568181257437e-06
3.3742610277398817 6.399248356789114e-06
3.3788085493406097 6.205692581160087e-06
3.3833560709413373 6.017742281818707e-06
3.387903592542065 5.83524300061271e-06
3.3924511141427924 5.6580442943461805e-06
3.39699863574352 5.485999637532423e-06
3.4015461573442476 5.3189663273001035e-06
3.406093678944975 5.156805390410403e-06
3.4106412005457027 4.99938149234381e-06
3.4151887221464303 4.846562848415673e-06
3.419736243747158 4.6982211368804685e-06
3.4242837653478855 4.554231413985209e-06
3.428831286948613 4.414472030933258e-06
3.4333788085493406 4.278824552720352e-06
3.437926330150068 4.147173678805234e-06
3.442473851750796 4.0194071655780505e-06
3.4470213733515234 3.8954157505901894e-06
3.451568894952251 3.7750930785098416e-06
3.456116416552979 3.6583356287682655e-06
3.4606639381537065 3.54504264486232e-06
3.465211459754434 3.435116065279183e-06
3.4697589813551617 3.328460456010237e-06
3.4743065029558893 3.2249829446211733e-06
3.478854024556617 3.1245931558463015e-06
3.4834015461573444 3.0272031486754135e-06
3.487949067758072 2.9327273549021475e-06
3.4924965893587996 2.8410825191034757e-06
3.497044110959527 2.7521876400202514e-06
3.5015916325602547 2.665963913309488e-06
3.5061391541609823 2.5823346756394603e-06
3.51068667576171 2.5012253500992758e-06
3.5152341973624375 2.4225633928950738e-06
3.519781718963165 2.346278241305508e-06
3.5243292405638926 2.2723012628696737e-06
3.52887676216462 2.2005657057811263e-06
3.5334242837653482 2.1310066504621532e-06
3.537971805366076 2.0635609622928922e-06
3.5425193269668034 1.998167245470361e-06
3.547066848567531 1.9347657979730223e-06
3.5516143701682585 1.8732985676068298e-06
3.556161891768986 1.8137091091092516e-06
3.5607094133697137 1.7559425422881493e-06
3.5652569349704413 1.699945511172919e-06
3.569804456571169 1.6456661441555792e-06
3.5743519781718964 1.5930540151001021e-06
3.578899499772624 1.5420601053985525e-06
3.5834470213733516 1.4926367669530858e-06
3.587994542974079 1.4447376860632418e-06
3.5925420645748067 1.3983178481983924e-06
3.5970895861755343 1.3533335036355383e-06
3.601637107776262 1.309742133943122e-06
3.6061846293769895 1.267502419291824e-06
3.6107321509777175 1.2265742065737308e-06
3.615279672578445 1.186918478311644e-06
3.6198271941791726 1.1484973223405828e-06
3.6243747157799002 1.1112739022440148e-06
3.628922237380628 1.075212428527595e-06
3.6334697589813554 1.040278130513581e-06
3.638017280582083 1.006437228939431e-06
3.6425648021828105 9.736569092444401e-07
3.647112323783538 9.419052955285497e-07
3.6516598453842657 9.111514251678536e-07
3.6562073669849933 8.813652240715894e-07
3.660754888585721 8.525174825657445e-07
3.6653024101864484 8.245798318886991e-07
3.669849931787176 7.975247212846478e-07
3.6743974533879036 7.713253956808073e-07
3.678944974988631 7.459558739347518e-07
3.6834924965893587 7.213909276384534e-07
3.6880400181900868 6.976060604659385e-07
3.6925875397908143 6.745774880517093e-07
3.697135061391542 6.522821183873527e-07
3.7016825829922695 6.306975327240609e-07
3.706230104592997 6.098019669690081e-07
3.7107776261937246 5.895742935638018e-07
3.715325147794452 5.699940038334892e-07
3.71987266939518 5.510411907948235e-07
3.7244201909959074 5.326965324127675e-07
3.728967712596635 5.149412752944182e-07
3.7335152341973625 4.977572188098026e-07
3.73806275579809 4.811266996291973e-07
3.7426102773988177 4.6503257666686984e-07
3.7471577989995453 4.4945821642135187e-07
3.751705320600273 4.343874787025667e-07
3.7562528422010004 4.198047027363692e-07
3.760800363801728 4.05694693637229e-07
3.765347885402456 3.9204270924003033e-07
3.7698954070031836 3.788344472821413e-07
3.774442928603911 3.6605603292709703e-07
3.7789904502046388 3.5369400662146496e-07
3.7835379718053663 3.417353122766118e-07
3.788085493406094 3.30167285767312e-07
3.7926330150068215 3.189776437392873e-07
3.797180536607549 3.0815447271798127e-07
3.8017280582082766 2.9768621851101456e-07
3.806275579809004 2.8756167589696035e-07
3.810823101409732 2.7776997859324076e-07
3.8153706230104594 2.683005894961075e-07
3.819918144611187 2.5914329118583517e-07
3.8244656662119145 2.5028817669041386e-07
3.829013187812642 2.4172564050117975e-07
3.8335607094133697 2.334463698339805e-07
3.8381082310140973 2.2544133612961136e-07
3.8426557526148253 2.177017867874176e-07
3.847203274215553 2.1021923712608765e-07
3.8517507958162804 2.0298546256580718e-07
3.856298317417008 1.959924910260879e-07
3.8608458390177356 1.892325955337076e-07
3.865393360618463 1.8269828703533442e-07
3.8699408822191907 1.7638230740954125e-07
3.8744884038199183 1.702776226730314e-07
3.879035925420646 1.643774163760344e-07
3.8835834470213735 1.5867508318193473e-07
3.888130968622101 1.5316422262632996e-07
3.8926784902228286 1.4783863305082046e-07
3.897226011823556 1.4269230570694732e-07
3.901773533424284 1.3771941902581055e-07
3.9063210550250114 1.3291433304900158e-07
3.910868576625739 1.2827158401659488e-07
3.9154160982264665 1.2378587910804345e-07
3.9199636198271945 1.194520913319278e-07
3.924511141427922 1.1526525456060447e-07
3.9290586630286497 1.1122055870589549e-07
3.9336061846293773 1.0731334503206252e-07
3.938153706230105 1.0353910160239255e-07
3.9427012278308324 9.989345885581909e-08
3.94724874943156 9.637218531008864e-08
3.9517962710322876 9.297118338807089e-08
3.956343792633015 8.968648536389286e-08
3.9608913142337427 8.651424942566328e-08
3.9654388358344703 8.345075585163217e-08
3.969986357435198 8.049240329671019e-08
3.9745338790359255 7.763570518635082e-08
3.979081400636653 7.487728621487208e-08
3.9836289222373806 7.22138789453699e-08
3.988176443838108 6.9642320508446e-08
3.992723965438836 6.715954939704573e-08
3.997271487039564 6.476260235476744e-08
4.001819008640291 6.244861135507506e-08
4.006366530241019 6.021480066890737e-08
4.0109140518417465 5.8058484018247106e-08
4.015461573442474 5.5977061813271116e-08
4.020009095043202 5.396801847076508e-08
4.024556616643929 5.202891981154769e-08
4.029104138244657 5.0157410534705624e-08
4.033651659845384 4.835121176649915e-08
4.038199181446112 4.660811868185212e-08
4.04274670304684 4.4925998196396686e-08
4.047294224647567 4.3302786727093603e-08
4.051841746248295 4.1736488019503053e-08
4.056389267849022 4.0225171039829543e-08
4.06093678944975 3.876696792991511e-08
4.0654843110504775 3.7360072023402344e-08
4.070031832651205 3.6002735921336107e-08
4.074579354251933 3.46932696255185e-08
4.07912687585266 3.34300387279763e-08
4.083674397453388 3.2211462654943905e-08
4.088221919054115 3.1036012963806985e-08
4.092769440654843 2.9902211691494024e-08
4.0973169622555705 2.8808629752843152e-08
4.101864483856298 2.7753885387510927e-08
4.106412005457026 2.6736642654029014e-08
4.110959527057753 2.5755609969651118e-08
4.115507048658482 2.480953869467029e-08
4.120054570259209 2.3897221759922398e-08
4.124602091859937 2.3017492336223887e-08
4.1291496134606644 2.2169222544530892e-08
4.133697135061392 2.1351322205634675e-08
4.13824465666212 2.0562737628243975e-08
4.142792178262847 1.9802450434334575e-08
4.147339699863575 1.906947642067837e-08
4.151887221464302 1.8362864455492894e-08
4.15643474306503 1.7681695409182083e-08
4.1609822646657575 1.702508111816743e-08
4.165529786266485 1.6392163380835937e-08
4.170077307867213 1.5782112984658577e-08
4.17462482946794 1.519412876355923e-08
4.179172351068668 1.4627436684639262e-08
4.183719872669395 1.4081288963388336e-08
4.188267394270123 1.3554963206535965e-08
4.1928149158708505 1.3047761581722151e-08
4.197362437471578 1.2559010013188308e-08
4.201909959072306 1.2088057402712273e-08
4.206457480673033 1.163427487503305e-08
4.211005002273761 1.1197055047031933e-08
4.215552523874488 1.0775811319957824e-08
4.220100045475216 1.0369977194004271e-08
4.224647567075944 9.979005604565706e-09
4.229195088676671 9.602368279519328e-09
4.233742610277399 9.239555116897817e-09
4.238290131878126 8.890073582335916e-09
4.242837653478854 8.553448125691908e-09
4.2473851750795815 8.229219616261965e-09
4.251932696680309 7.916944796021985e-09
4.256480218281037 7.616195750348032e-09
4.261027739881764 7.326559395682131e-09
4.265575261482492 7.047636983625516e-09
4.27012278308322 6.779043620956664e-09
4.274670304683948 6.520407805085906e-09
4.279217826284675 6.271370974472028e-09
4.283765347885403 6.031587073541386e-09
4.2883128694861306 5.800722131662065e-09
4.292860391086858 5.578453855739466e-09
4.297407912687586 5.364471236012235e-09
4.301955434288313 5.158474164639678e-09
4.306502955889041 4.9601730666839955e-09
4.311050477489768 4.76928854310213e-09
4.315597999090496 4.585551025373617e-09
4.320145520691224 4.4087004414016184e-09
4.324693042291951 4.23848589233531e-09
4.329240563892679 4.07466533997199e-09
4.333788085493406 3.917005304407566e-09
4.338335607094134 3.765280571613927e-09
4.3428831286948615 3.6192739106312586e-09
4.347430650295589 3.4787758000726547e-09
4.351978171896317 3.3435841636475187e-09
4.356525693497044 3.213504114418973e-09
4.361073215097772 3.0883477075190818e-09
4.365620736698499 2.967933701054003e-09
4.370168258299227 2.852087324939232e-09
4.3747157798999545 2.740640057413014e-09
4.379263301500682 2.6334294089835403e-09
4.38381082310141 2.530298713573008e-09
4.388358344702137 2.4310969266288095e-09
4.392905866302865 2.335678429979081e-09
4.397453387903592 2.243902843216656e-09
4.40200090950432 2.1556348414020484e-09
4.406548431105048 2.070743978882485e-09
4.411095952705775 1.9891045190302606e-09
4.415643474306503 1.9105952697096685e-09
4.42019099590723 1.835099424287669e-09
4.424738517507959 1.7625044080091428e-09
4.429286039108686 1.6927017295631314e-09
4.433833560709414 1.6255868376716348e-09
4.4383810823101415 1.561058982538153e-09
4.442928603910869 1.4990210819977627e-09
4.447476125511597 1.4393795922157204e-09
4.452023647112324 1.3820443827862288e-09
4.456571168713052 1.3269286160876511e-09
4.461118690313779 1.2739486307549368e-09
4.465666211914507 1.2230238291343895e-09
4.4702137335152345 1.174076568590083e-09
4.474761255115962 1.127032056535399e-09
4.47930877671669 1.0818182490670575e-09
4.483856298317417 1.0383657530829295e-09
4.488403819918145 9.966077317686093e-10
4.492951341518872 9.564798133413814e-10
4.4974988631196 9.179200029437336e-10
4.502046384720328 8.80868597581951e-10
4.506593906321055 8.452681040086638e-10
4.511141427921783 8.110631594514141e-10
4.51568894952251 7.782004550924203e-10
4.520236471123238 7.466286622077218e-10
4.5247839927239655 7.162983608768356e-10
4.529331514324693 6.871619711768593e-10
4.533879035925421 6.591736867777218e-10
4.538426557526148 6.322894108579393e-10
4.542974079126876 6.06466694262818e-10
4.547521600727603 5.816646758295414e-10
4.552069122328331 5.578440248060048e-10
4.5566166439290585 5.349668852926247e-10
4.561164165529786 5.129968226385965e-10
4.565711687130514 4.91898771726315e-10
4.570259208731241 4.71638987079791e-10
4.574806730331969 4.52184994734971e-10
4.579354251932697 4.33505545811878e-10
4.583901773533425 4.1557057173045957e-10
4.5884492951341525 3.983511410138371e-10
4.59299681673488 3.8181941762461225e-10
4.597544338335608 3.659486207815127e-10
4.602091859936335 3.5071298620547593e-10
4.606639381537063 3.360877287458841e-10
4.61118690313779 3.2204900633929315e-10
4.615734424738518 3.085738852545513e-10
4.6202819463392455 2.956403065797195e-10
4.624829467939973 2.8322705390767215e-10
4.629376989540701 2.713137221786743e-10
4.633924511141428 2.598806876396111e-10
4.638472032742156 2.489090788808793e-10
4.643019554342883 2.383807489132447e-10
4.647567075943611 2.2827824824821584e-10
4.6521145975443385 2.1858479894671542e-10
4.656662119145066 2.092842696019871e-10
4.661209640745794 2.0036115122383607e-10
4.665757162346521 1.918005339923982e-10
4.670304683947249 1.835880848507053e-10
4.674852205547976 1.7571002590636058e-10
4.679399727148704 1.6815311361363922e-10
4.683947248749432 1.6090461870831186e-10
4.688494770350159 1.5395230686843353e-10
4.693042291950887 1.472844200752598e-10
4.697589813551614 1.4088965864934651e-10
4.702137335152342 1.3475716393774548e-10
4.7066848567530695 1.288765016290555e-10
4.711232378353797 1.2323764567389105e-10
4.715779899954525 1.178309627891247e-10
4.720327421555252 1.1264719752501823e-10
4.72487494315598 1.0767745787509938e-10
4.729422464756707 1.0291320140935655e-10
4.733969986357435 9.8346221912019e-11
4.738517507958163 9.396863650586245e-11
4.743065029558891 8.9772873245638e-11
4.7476125511596186 8.575165916383623e-11
4.752160072760346 8.189800875263958e-11
4.756707594361074 7.820521286647891e-11
4.761255115961801 7.466682803020198e-11
4.765802637562529 7.127666613840864e-11
4.770350159163256 6.802878453204711e-11
4.774897680763984 6.491747643888386e-11
4.779445202364712 6.193726176495948e-11
4.783992723965439 5.90828782246313e-11
4.788540245566167 5.634927279726744e-11
4.793087767166894 5.37315934991105e-11
4.797635288767622 5.1225181459265065e-11
4.8021828103683495 4.882556328918139e-11
4.806730331969077 4.6528443735413214e-11
4.811277853569805 4.4329698605816783e-11
4.815825375170532 4.2225367959731446e-11
4.82037289677126 4.0211649553043766e-11
4.824920418371987 3.828489252937997e-11
4.829467939972715 3.644159134900543e-11
4.8340154615734425 3.467837994732527e-11
4.83856298317417 3.2992026115184985e-11
4.843110504774898 3.137942609346044e-11
4.847658026375625 2.983759937470419e-11
4.852205547976353 2.8363683704879076e-11
4.85675306957708 2.695493027846352e-11
4.861300591177808 2.560869912045224e-11
4.865848112778536 2.4322454649004175e-11
4.870395634379263 2.3093761412706756e-11
4.874943155979991 2.192027999663052e-11
4.879490677580718 2.0799763091542447e-11
4.884038199181446 1.9730051720831148e-11
4.8885857207821735 1.8709071619869812e-11
4.893133242382902 1.773482976270725e-11
4.8976807639836295 1.6805411031133516e-11
4.902228285584357 1.5918975021307783e-11
4.906775807185085 1.5073752983280316e-11
4.911323328785812 1.4268044888862837e-11
4.91587085038654 1.3500216623427179e-11
4.920418371987267 1.2768697297325107e-11
4.924965893587995 1.2071976672730261e-11
4.9295134151887225 1.140860270180491e-11
4.93406093678945 1.0777179172190336e-11
4.938608458390178 1.0176363455910572e-11
4.943155979990905 9.604864357865814e-12
4.947703501591633 9.061440060174058e-12
4.95225102319236 8.544896158698453e-12
4.956798544793088 8.054083788173743e-12
4.961346066393816 7.587897832418284e-12
4.965893587994543 7.145275216189585e-12
4.970441109595271 6.725193275310991e-12
4.974988631195998 6.326668201765613e-12
4.979536152796726 5.948753560521797e-12
4.9840836743974535 5.590538874921871e-12
4.988631195998181 5.2511482775340615e-12
4.993178717598909 4.929739223435469e-12
4.997726239199636 4.625501262963426e-12
5.002273760800364 4.337654871042656e-12
