-5.002273760800364 7.112037679579118e-07
-4.997726239199636 7.521565114404302e-07
-4.993178717598909 7.949319918495706e-07
-4.988631195998181 8.395812846832902e-07
-4.9840836743974535 8.86155604026168e-07
-4.979536152796726 9.347062682175568e-07
-4.974988631195998 9.852846674419336e-07
-4.970441109595271 1.0379422334280494e-06
-4.965893587994543 1.092730411431758e-06
-4.961346066393816 1.149700634664565e-06
-4.956798544793088 1.2089043013161294e-06
-4.95225102319236 1.2703927543041519e-06
-4.947703501591633 1.3342172638696554e-06
-4.943155979990905 1.4004290131194232e-06
-4.938608458390178 1.4690790866007484e-06
-4.93406093678945 1.5402184619765922e-06
-4.9295134151887225 1.6138980048519285e-06
-4.924965893587995 1.6901684667847037e-06
-4.920418371987267 1.7690804864974394e-06
-4.91587085038654 1.8506845942883244e-06
-4.911323328785812 1.935031219623748e-06
-4.906775807185085 2.0221707018776983e-06
-4.902228285584357 2.1121533041675447e-06
-4.8976807639836295 2.205029230220366e-06
-4.893133242382902 2.3008486441894604e-06
-4.8885857207821735 2.3996616933269754e-06
-4.884038199181446 2.501518533405631e-06
-4.879490677580718 2.6064693567711847e-06
-4.874943155979991 2.7145644228958383e-06
-4.870395634379263 2.8258540912938975e-06
-4.865848112778536 2.9403888566521197e-06
-4.861300591177808 3.0582193860200823e-06
-4.85675306957708 3.1793965578998473e-06
-4.852205547976353 3.30397150306939e-06
-4.847658026375625 3.4319956469706354e-06
-4.843110504774898 3.563520753490586e-06
-4.83856298317417 3.6985989699628236e-06
-4.8340154615734425 3.83728287321664e-06
-4.829467939972715 3.9796255165020565e-06
-4.824920418371987 4.1256804771212786e-06
-4.82037289677126 4.275501904600181e-06
-4.815825375170532 4.4291445692376155e-06
-4.811277853569805 4.586663910875367e-06
-4.806730331969077 4.748116087737414e-06
-4.8021828103683495 4.91355802519378e-06
-4.797635288767622 5.083047464311512e-06
-4.793087767166894 5.256643010063296e-06
-4.788540245566167 5.434404179072506e-06
-4.783992723965439 5.616391446782391e-06
-4.779445202364712 5.802666293946309e-06
-4.774897680763984 5.993291252345373e-06
-4.770350159163256 6.18832994964953e-06
-4.765802637562529 6.387847153347919e-06
-4.761255115961801 6.591908813684239e-06
-4.756707594361074 6.800582105542598e-06
-4.752160072760346 7.013935469239123e-06
-4.7476125511596186 7.23203865018428e-06
-4.743065029558891 7.454962737389994e-06
-4.738517507958163 7.682780200805148e-06
-4.733969986357435 7.91556492747157e-06
-4.729422464756707 8.153392256500965e-06
-4.72487494315598 8.396339012882217e-06
-4.720327421555252 8.644483540134544e-06
-4.715779899954525 8.897905731830702e-06
-4.711232378353797 9.156687062020367e-06
-4.7066848567530695 9.420910614590024e-06
-4.702137335152342 9.69066111160175e-06
-4.697589813551614 9.96602494065805e-06
-4.693042291950887 1.0247090181344751e-05
-4.688494770350159 1.053394663080804e-05
-4.683947248749432 1.0826685828525101e-05
-4.679399727148704 1.1125401080331232e-05
-4.674852205547976 1.1430187481768306e-05
-4.670304683947249 1.1741141940821984e-05
-4.665757162346521 1.2058363200116242e-05
-4.661209640745794 1.2381951858634892e-05
-4.656662119145066 1.2712010393040635e-05
-4.6521145975443385 1.3048643178661978e-05
-4.647567075943611 1.3391956510218325e-05
-4.643019554342883 1.3742058622352945e-05
-4.638472032742156 1.4099059710042566e-05
-4.633924511141428 1.4463071948950836e-05
-4.629376989540701 1.4834209515791634e-05
-4.624829467939973 1.5212588608766036e-05
-4.6202819463392455 1.5598327468135093e-05
-4.615734424738518 1.5991546396987378e-05
-4.61118690313779 1.6392367782259117e-05
-4.606639381537063 1.6800916116060594e-05
-4.602091859936335 1.721731801736089e-05
-4.597544338335608 1.7641702254079462e-05
-4.59299681673488 1.8074199765630392e-05
-4.5884492951341525 1.851494368596194e-05
-4.583901773533425 1.896406936713125e-05
-4.579354251932697 1.9421714403450618e-05
-4.574806730331969 1.988801865623914e-05
-4.570259208731241 2.036312427920956e-05
-4.565711687130514 2.0847175744519464e-05
-4.561164165529786 2.1340319869509483e-05
-4.5566166439290585 2.1842705844151748e-05
-4.552069122328331 2.235448525922712e-05
-4.547521600727603 2.28758121352478e-05
-4.542974079126876 2.3406842952139107e-05
-4.538426557526148 2.3947736679692125e-05
-4.533879035925421 2.449865480879615e-05
-4.529331514324693 2.5059761383458534e-05
-4.5247839927239655 2.5631223033616406e-05
-4.520236471123238 2.621320900874417e-05
-4.51568894952251 2.6805891212257755e-05
-4.511141427921783 2.7409444236715787e-05
-4.506593906321055 2.80240453998167e-05
-4.502046384720328 2.8649874781187937e-05
-4.4974988631196 2.9287115259964468e-05
-4.492951341518872 2.9935952553151317e-05
-4.488403819918145 3.059657525476422e-05
-4.483856298317417 3.126917487574212e-05
-4.47930877671669 3.195394588462459e-05
-4.474761255115962 3.265108574898616e-05
-4.4702137335152345 3.336079497762019e-05
-4.465666211914507 3.408327716346368e-05
-4.461118690313779 3.4818739027254606e-05
-4.456571168713052 3.556739046191412e-05
-4.452023647112324 3.632944457764389e-05
-4.447476125511597 3.710511774773179e-05
-4.442928603910869 3.7894629655056325e-05
-4.4383810823101415 3.869820333928339e-05
-4.433833560709414 3.951606524474627e-05
-4.429286039108686 4.034844526900311e-05
-4.424738517507959 4.119557681206378e-05
-4.42019099590723 4.205769682628071e-05
-4.415643474306503 4.2935045866896396e-05
-4.411095952705775 4.382786814324502e-05
-4.406548431105048 4.473641157059917e-05
-4.40200090950432 4.5660927822660776e-05
-4.397453387903592 4.6601672384690755e-05
-4.392905866302865 4.7558904607274526e-05
-4.388358344702137 4.853288776072068e-05
-4.38381082310141 4.95238890900904e-05
-4.379263301500682 5.05321798708566e-05
-4.3747157798999545 5.155803546519085e-05
-4.370168258299227 5.260173537887852e-05
-4.365620736698499 5.366356331886113e-05
-4.361073215097772 5.47438072514074e-05
-4.356525693497044 5.5842759460912797e-05
-4.351978171896317 5.696071660933026e-05
-4.347430650295589 5.809797979623244e-05
-4.3428831286948615 5.925485461950928e-05
-4.338335607094134 6.0431651236702556e-05
-4.333788085493406 6.162868442698025e-05
-4.329240563892679 6.284627365375484e-05
-4.324693042291951 6.408474312794878e-05
-4.320145520691224 6.534442187191094e-05
-4.315597999090496 6.66256437839883e-05
-4.311050477489768 6.792874770375754e-05
-4.306502955889041 6.92540774779212e-05
-4.301955434288313 7.06019820268725e-05
-4.297407912687586 7.19728154119351e-05
-4.292860391086858 7.336693690328205e-05
-4.2883128694861306 7.478471104853912e-05
-4.283765347885403 7.62265077420791e-05
-4.279217826284675 7.769270229501098e-05
-4.274670304683948 7.918367550587073e-05
-4.27012278308322 8.069981373201881e-05
-4.265575261482492 8.224150896175074e-05
-4.261027739881764 8.380915888712424e-05
-4.256480218281037 8.540316697751311e-05
-4.251932696680309 8.702394255388844e-05
-4.2473851750795815 8.867190086383605e-05
-4.242837653478854 9.034746315731523e-05
-4.238290131878126 9.205105676316362e-05
-4.233742610277399 9.378311516635599e-05
-4.229195088676671 9.554407808601894e-05
-4.224647567075944 9.73343915542109e-05
-4.220100045475216 9.915450799547074e-05
-4.215552523874488 0.00010100488630714046
-4.211005002273761 0.00010288599194046876
-4.206457480673033 0.00010479829698249915
-4.201909959072306 0.00010674228023874863
-4.197362437471578 0.00010871842731668308
-4.1928149158708505 0.00011072723070999236
-4.188267394270123 0.00011276918988367176
-4.183719872669395 0.00011484481135991549
-4.179172351068668 0.00011695460880482425
-4.17462482946794 0.00011909910311593503
-4.170077307867213 0.0001212788225105762
-4.165529786266485 0.00012349430261505208
-4.1609822646657575 0.00012574608655466392
-4.15643474306503 0.00012803472504456937
-4.151887221464302 0.0001303607764814865
-4.147339699863575 0.0001327248070362456
-4.142792178262847 0.00013512739074719675
-4.13824465666212 0.00013756910961447023
-4.133697135061392 0.0001400505536951031
-4.1291496134606644 0.00014257232119902865
-4.124602091859937 0.0001451350185859378
-4.120054570259209 0.00014773926066301307
-4.115507048658482 0.0001503856706835427
-4.110959527057753 0.00015307488044641587
-4.106412005457026 0.00015580753039650308
-4.101864483856298 0.00015858426972593093
-4.0973169622555705 0.00016140575647624576
-4.092769440654843 0.0001642726576414792
-4.088221919054115 0.00016718564927211362
-4.083674397453388 0.00017014541657995238
-4.07912687585266 0.00017315265404390138
-4.074579354251933 0.0001762080655166612
-4.070031832651205 0.0001793123643323371
-4.0654843110504775 0.00018246627341496764
-4.06093678944975 0.00018567052538797705
-4.056389267849022 0.00018892586268455581
-4.051841746248295 0.00019223303765896792
-4.047294224647567 0.00019559281269879562
-4.04274670304684 0.0001990059603381186
-4.038199181446112 0.00020247326337163282
-4.033651659845384 0.00020599551496971452
-4.029104138244657 0.00020957351879442873
-4.024556616643929 0.0002132080891164872
-4.020009095043202 0.00021690005093316108
-4.015461573442474 0.0002206502400871448
-4.0109140518417465 0.00022445950338638134
-4.006366530241019 0.00022832869872484822
-4.001819008640291 0.00023225869520430542
-3.997271487039564 0.00023625037325701134
-3.992723965438836 0.00024030462476940805
-3.988176443838108 0.0002444223532067757
-3.9836289222373806 0.0002486044737388646
-3.979081400636653 0.0002528519133665015
-3.9745338790359255 0.00025716561104917535
-3.969986357435198 0.00026154651783360264
-3.9654388358344703 0.0002659955969832789
-3.9608913142337427 0.00027051382410901394
-3.956343792633015 0.0002751021873004531
-3.9517962710322876 0.00027976168725858935
-3.94724874943156 0.00028449333742926696
-3.9427012278308324 0.00028929816413767644
-3.938153706230105 0.00029417720672384297
-3.9336061846293773 0.0002991315176791149
-3.9290586630286497 0.00030416216278364433
-3.924511141427922 0.00030927022124486986
-3.9199636198271945 0.0003144567858369983
-3.9154160982264665 0.0003197229630414861
-3.910868576625739 0.0003250698731885233
-3.9063210550250114 0.0003304986505995227
-3.901773533424284 0.0003360104437306094
-3.897226011823556 0.00034160641531711587
-3.8926784902228286 0.00034728774251908007
-3.888130968622101 0.0003530556170677524
-3.8835834470213735 0.00035891124541310515
-3.879035925420646 0.00036485584887234706
-3.8744884038199183 0.0003708906637794456
-3.8699408822191907 0.0003770169416356529
-3.865393360618463 0.00038323594926103805
-3.8608458390177356 0.0003895489689470211
-3.856298317417008 0.0003959572986099176
-3.8517507958162804 0.00040246225194547834
-3.847203274215553 0.00040906515858443813
-3.8426557526148253 0.0004157673642490624
-3.8381082310140973 0.00042257023091069794
-3.8335607094133697 0.0004294751369483145
-3.829013187812642 0.000436483477308058
-3.8244656662119145 0.00044359666366378505
-3.819918144611187 0.0004508161245786025
-3.8153706230104594 0.000458143305667389
-3.810823101409732 0.00046557966976032016
-3.806275579809004 0.0004731266970673656
-3.8017280582082766 0.0004807858853437835
-3.797180536607549 0.0004885587500565938
-3.7926330150068215 0.0004964468245520282
-3.788085493406094 0.0005044516602239594
-3.7835379718053663 0.0005125748266833056
-3.7789904502046388 0.0005208179119283991
-3.774442928603911 0.0005291825225163274
-3.7698954070031836 0.0005376702837352348
-3.765347885402456 0.0005462828397775785
-3.760800363801728 0.0005550218539143454
-3.7562528422010004 0.0005638890086702141
-3.751705320600273 0.000572886005999664
-3.7471577989995453 0.0005820145674640249
-3.7426102773988177 0.0005912764344094607
-3.73806275579809 0.0006006733681458844
-3.7335152341973625 0.0006102071501267949
-3.728967712596635 0.0006198795821300394
-3.7244201909959074 0.0006296924864394797
-3.71987266939518 0.0006396477060275703
-3.715325147794452 0.0006497471047388395
-3.7107776261937246 0.0006599925674742544
-3.706230104592997 0.0006703860003764876
-3.7016825829922695 0.0006809293310160489
-3.697135061391542 0.0006916245085782976
-3.6925875397908143 0.0007024735040513194
-3.6880400181900868 0.0007134783104146575
-3.6834924965893587 0.0007246409428288939
-3.678944974988631 0.0007359634388260705
-3.6743974533879036 0.0007474478585009458
-3.669849931787176 0.0007590962847030719
-3.6653024101864484 0.0007709108232296826
-3.660754888585721 0.0007828936030193939
-3.6562073669849933 0.0007950467763466895
-3.6516598453842657 0.0008073725190172064
-3.647112323783538 0.0008198730305637783
-3.6425648021828105 0.000832550534443254
-3.638017280582083 0.0008454072782340693
-3.6334697589813554 0.0008584455338345615
-3.628922237380628 0.0008716675976620103
-3.6243747157799002 0.0008850757908524041
-3.6198271941791726 0.000898672459460919
-3.615279672578445 0.0009124599746630786
-3.6107321509777175 0.0009264407329566129
-3.6061846293769895 0.0009406171563639878
-3.601637107776262 0.0009549916926355777
-3.5970895861755343 0.0009695668154534982
-3.5925420645748067 0.0009843450246360657
-3.587994542974079 0.000999328846342874
-3.5834470213733516 0.001014520833280467
-3.578899499772624 0.0010299235649086122
-3.5743519781718964 0.0010455396476471434
-3.569804456571169 0.0010613717150833558
-3.5652569349704413 0.0010774224281799507
-3.5607094133697137 0.0010936944754835081
-3.556161891768986 0.0011101905733334676
-3.5516143701682585 0.0011269134660716045
-3.547066848567531 0.001143865926251987
-3.5425193269668034 0.0011610507548513907
-3.537971805366076 0.00117847078148016
-3.5334242837653482 0.0011961288645934945
-3.52887676216462 0.0012140278917031422
-3.5243292405638926 0.0012321707795894805
-3.519781718963165 0.0012505604745139808
-3.5152341973624375 0.0012691999524320039
-3.51068667576171 0.0012880922192059488
-3.5061391541609823 0.0013072403108186973
-3.5015916325602547 0.0013266472935873647
-3.497044110959527 0.0013463162643773134
-3.4924965893587996 0.0013662503508164274
-3.487949067758072 0.0013864527115096
-3.4834015461573444 0.0014069265362534542
-3.478854024556617 0.001427675046251235
-3.4743065029558893 0.0014487014943278633
-3.4697589813551617 0.0014700091651451506
-3.465211459754434 0.0014916013754171066
-3.4606639381537065 0.0015134814741253754
-3.456116416552979 0.00153565284273471
-3.451568894952251 0.0015581188954085301
-3.4470213733515234 0.0015808830792244694
-3.442473851750796 0.0016039488743899543
-3.437926330150068 0.0016273197944577367
-3.4333788085493406 0.0016509993865413866
-3.428831286948613 0.0016749912315307
-3.4242837653478855 0.001699298944307014
-3.419736243747158 0.0017239261739583807
-3.4151887221464303 0.0017488766039945995
-3.4106412005457027 0.0017741539525620545
-3.406093678944975 0.0017997619726583436
-3.4015461573442476 0.001825704452346667
-3.39699863574352 0.0018519852149699635
-3.3924511141427924 0.0018786081193647235
-3.387903592542065 0.0019055770600745004
-3.3833560709413373 0.0019328959675630507
-3.3788085493406097 0.0019605688084271106
-3.3742610277398817 0.0019885995856087236
-3.369713506139154 0.002016992338607153
-3.3651659845384265 0.002045751143690316
-3.360618462937699 0.0020748801141056827
-3.3560709413369714 0.002104383400290663
-3.351523419736244 0.002134265190082406
-3.346975898135516 0.002164529708927012
-3.3424283765347886 0.0021951812200880724
-3.337880854934061 0.0022262240248545795
-3.3333333333333335 0.002257662462748102
-3.328785811732606 0.002289500911729237
-3.3242382901318783 0.002321743788403278
-3.3196907685311507 0.0023543955482250812
-3.315143246930423 0.0023874606857030908
-3.3105957253296956 0.002420943734602472
-3.306048203728968 0.002454849268147344
-3.3015006821282404 0.0024891818992220545
-3.2969531605275124 0.0025239462805714667
-3.292405638926785 0.0025591471050002
-3.2878581173260573 0.002594789105570858
-3.2833105957253297 0.0026308770558011087
-3.278763074124602 0.0026674157698596333
-3.2742155525238745 0.002704410102760909
-3.269668030923147 0.0027418649505587815
-3.2651205093224194 0.002779785250538748
-3.260572987721692 0.0028181759814089745
-3.256025466120964 0.002857042163489967
-3.2514779445202366 0.00289638885890286
-3.246930422919509 0.0029362211717562856
-3.2423829013187815 0.0029765442483318046
-3.237835379718054 0.003017363277267789
-3.2332878581173263 0.003058683489741824
-3.2287403365165988 0.0031005101596514708
-3.224192814915871 0.003142848603793418
-3.219645293315143 0.0031857041820409823
-3.2150977717144156 0.003229082297519848
-3.210550250113688 0.0032729883967820986
-3.2060027285129604 0.0033174279699784053
-3.201455206912233 0.003362406551028391
-3.1969076853115053 0.0034079297177890774
-3.1923601637107777 0.0034540030922214264
-3.18781264211005 0.0035006323405548626
-3.1832651205093225 0.003547823173449792
-3.178717598908595 0.003595581346158017
-3.1741700773078674 0.0036439126586810724
-3.16962255570714 0.0036928229559263343
-3.165075034106412 0.0037423181278609546
-3.1605275125056846 0.003792404109663503
-3.155979990904957 0.0038430868818733316
-3.1514324693042295 0.0038943724705375157
-3.146884947703502 0.003946266947355451
-3.142337426102774 0.003998776429820952
-3.1377899045020463 0.004051907081361827
-3.1332423829013187 0.00410566511147696
-3.128694861300591 0.004160056775870704
-3.1241473396998636 0.004215088376584661
-3.119599818099136 0.004270766262126752
-3.1150522964984084 0.004327096827597504
-3.110504774897681 0.004384086514813542
-3.1059572532969533 0.004441741812428204
-3.1014097316962257 0.004500069256049268
-3.096862210095498 0.004559075428353671
-3.0923146884947705 0.004618766959199255
-3.087767166894043 0.004679150525733376
-3.0832196452933154 0.0047402328524984595
-3.078672123692588 0.004802020711534339
-3.0741246020918602 0.004864520922477358
-3.0695770804911326 0.004927740352656197
-3.0650295588904046 0.004991685917184358
-3.060482037289677 0.005056364579049259
-3.0559345156889495 0.00512178334919788
-3.051386994088222 0.005187949286618898
-3.0468394724874943 0.005254869498421259
-3.0422919508867667 0.005322551139909162
-3.037744429286039 0.005391001414653344
-3.0331969076853116 0.005460227574558656
-3.028649386084584 0.005530236919927856
-3.0241018644838564 0.005601036799521576
-3.019554342883129 0.005672634610614368
-3.0150068212824013 0.005745037799046828
-3.0104592996816737 0.005818253859273709
-3.005911778080946 0.0058922903344079585
-3.0013642564802185 0.005967154816260638
-2.996816734879491 0.006042854945376708
-2.9922692132787634 0.006119398411066482
-2.9877216916780354 0.006196792951432926
-2.983174170077308 0.006275046353394452
-2.97862664847658 0.006354166452703457
-2.9740791268758526 0.006434161133960273
-2.969531605275125 0.006515038330622682
-2.9649840836743975 0.00659680602501079
-2.96043656207367 0.006679472248307296
-2.9558890404729423 0.006763045080553053
-2.9513415188722147 0.006847532650637877
-2.946793997271487 0.006932943136286519
-2.9422464756707596 0.007019284764039783
-2.937698954070032 0.007106565809230752
-2.9331514324693044 0.007194794595955914
-2.928603910868577 0.0072839794970413485
-2.9240563892678493 0.007374128934003755
-2.9195088676671217 0.0074652513770063
-2.914961346066394 0.007557355344809285
-2.9104138244656665 0.007650449404715457
-2.9058663028649385 0.007744542172510087
-2.901318781264211 0.007839642312395473
-2.8967712596634834 0.007935758536920181
-2.892223738062756 0.00803289960690261
-2.887676216462028 0.00813107433134904
-2.8831286948613006 0.008230291567366032
-2.878581173260573 0.008330560220067146
-2.8740336516598455 0.008431889242473846
-2.869486130059118 0.008534287635410653
-2.8649386084583903 0.008637764447394395
-2.8603910868576627 0.0087423287745175
-2.855843565256935 0.008847989760325367
-2.8512960436562076 0.008954756595687572
-2.84674852205548 0.009062638518663077
-2.8422010004547524 0.009171644814359234
-2.837653478854025 0.009281784814784512
-2.8331059572532973 0.009393067898695024
-2.8285584356525693 0.009505503491434633
-2.8240109140518417 0.009619101064768718
-2.819463392451114 0.009733870136711445
-2.8149158708503865 0.009849820271346591
-2.810368349249659 0.00996696107864166
-2.8058208276489314 0.010085302214255529
-2.801273306048204 0.010204853379339298
-2.796725784447476 0.010325624320330436
-2.7921782628467486 0.010447624828740145
-2.787630741246021 0.010570864740933836
-2.7830832196452935 0.010695353937904705
-2.778535698044566 0.010821102345040386
-2.7739881764438383 0.010948119931882523
-2.7694406548431107 0.011076416711879278
-2.764893133242383 0.011206002742130771
-2.7603456116416556 0.011336888123127187
-2.755798090040928 0.011469082998479905
-2.7512505684402 0.011602597554644982
-2.7467030468394724 0.011737442020639663
-2.742155525238745 0.011873626667751137
-2.7376080036380173 0.012011161809238233
-2.7330604820372897 0.012150057800025166
-2.728512960436562 0.012290325036388152
-2.7239654388358345 0.012431973955634085
-2.719417917235107 0.012575015035771804
-2.7148703956343794 0.012719458795175461
-2.710322874033652 0.012865315792240309
-2.705775352432924 0.013012596625030485
-2.7012278308321966 0.013161311930919139
-2.696680309231469 0.013311472386220493
-2.6921327876307415 0.013463088705814072
-2.687585266030014 0.013616171642760822
-2.6830377444292863 0.013770731987911313
-2.6784902228285588 0.013926780569505698
-2.6739427012278307 0.014084328252765689
-2.669395179627103 0.014243385939478145
-2.6648476580263756 0.014403964567570733
-2.660300136425648 0.014566075110678988
-2.6557526148249204 0.014729728577705277
-2.651205093224193 0.014894936012369311
-2.6466575716234653 0.015061708492750266
-2.6421100500227377 0.015230057130820531
-2.63756252842201 0.015399993071970779
-2.6330150068212825 0.015571527494526824
-2.628467485220555 0.015744671609257615
-2.6239199636198274 0.015919436658874728
-2.6193724420191 0.01609583391752333
-2.6148249204183722 0.01627387469026433
-2.6102773988176446 0.016453570312547825
-2.605729877216917 0.016634932149677876
-2.6011823556161895 0.016817971596268404
-2.5966348340154615 0.017002700075690352
-2.592087312414734 0.017189129039509907
-2.5875397908140063 0.017377269966917908
-2.5829922692132787 0.01756713436415035
-2.578444747612551 0.017758733763899793
-2.5738972260118236 0.017952079724717993
-2.569349704411096 0.018147183830409367
-2.5648021828103684 0.018344057689415584
-2.560254661209641 0.018542712934190776
-2.5557071396089133 0.01874316122056817
-2.5511596180081857 0.018945414227117048
-2.546612096407458 0.019149483654491005
-2.5420645748067305 0.019355381224766707
-2.537517053206003 0.0195631186807738
-2.5329695316052754 0.01977270778541527
-2.528422010004548 0.01998416032097887
-2.5238744884038202 0.020197488088439026
-2.519326966803092 0.020412702906749756
-2.5147794452023646 0.020629816612127993
-2.510231923601637 0.020848841057327976
-2.5056844020009095 0.021069788110905974
-2.501136880400182 0.021292669656475884
-2.4965893587994543 0.021517497591955412
-2.4920418371987267 0.021744283828802995
-2.487494315597999 0.021973040291245107
-2.4829467939972716 0.022203778915494524
-2.478399272396544 0.022436511648958955
-2.4738517507958164 0.02267125044944041
-2.469304229195089 0.022908007284325058
-2.4647567075943613 0.023146794129763802
-2.4602091859936337 0.023387622969843355
-2.455661664392906 0.023630505795747908
-2.4511141427921785 0.023875454604911542
-2.446566621191451 0.024122481400160913
-2.442019099590723 0.024371598188848858
-2.4374715779899954 0.024622816981978376
-2.432924056389268 0.024876149793317225
-2.42837653478854 0.02513160863850344
-2.4238290131878126 0.025389205534140667
-2.419281491587085 0.025648952496885157
-2.4147339699863575 0.02591086154252257
-2.41018644838563 0.02617494468503572
-2.4056389267849023 0.026441213935663004
-2.4010914051841747 0.026709681301947275
-2.396543883583447 0.02698035878677573
-2.3919963619827196 0.027253258387410155
-2.387448840381992 0.027528392094508046
-2.3829013187812644 0.027805771891134375
-2.378353797180537 0.028085409751764212
-2.3738062755798093 0.028367317641275907
-2.3692587539790817 0.028651507513935356
-2.3647112323783537 0.028937991312370823
-2.360163710777626 0.029226780966538593
-2.3556161891768985 0.02951788839267976
-2.351068667576171 0.029811325492267646
-2.3465211459754434 0.03010710415094632
-2.341973624374716 0.030405236237459797
-2.337426102773988 0.03070573360257256
-2.3328785811732606 0.03100860807798102
-2.328331059572533 0.031313871475215804
-2.3237835379718055 0.03162153558453556
-2.319236016371078 0.03193161217381137
-2.3146884947703503 0.03224411298740296
-2.3101409731696227 0.03255904974502549
-2.305593451568895 0.03287643414060827
-2.3010459299681676 0.03319627784114411
-2.29649840836744 0.03351859248553071
-2.2919508867667124 0.033843389683402905
-2.2874033651659844 0.034170681013956684
-2.282855843565257 0.03450047802476457
-2.2783083219645293 0.034832792230582735
-2.2737608003638017 0.03516763511214967
-2.269213278763074 0.035505018114976354
-2.2646657571623465 0.03584495264812842
-2.260118235561619 0.03618745008300011
-2.2555707139608914 0.03653252175207984
-2.251023192360164 0.03688017894770804
-2.246475670759436 0.03723043292082673
-2.2419281491587086 0.037583294879721264
-2.237380627557981 0.03793877598875417
-2.2328331059572535 0.038296887367091345
-2.228285584356526 0.03865764008742025
-2.2237380627557983 0.03902104517466071
-2.2191905411550708 0.03938711360466801
-2.214643019554343 0.03975585630292858
-2.210095497953615 0.04012728414324813
-2.2055479763528876 0.040501407946432685
-2.20100045475216 0.04087823847896202
-2.1964529331514324 0.04125778645165641
-2.191905411550705 0.04164006251833594
-2.1873578899499773 0.042025077274472696
-2.1828103683492497 0.04241284125583672
-2.178262846748522 0.042803364937134304
-2.1737153251477945 0.04319665873064033
-2.169167803547067 0.043592732984823634
-2.1646202819463394 0.04399159798296543
-2.160072760345612 0.04439326394177251
-2.155525238744884 0.044797741009982746
-2.1509777171441566 0.04520503926696537
-2.146430195543429 0.04561516872131474
-2.1418826739427015 0.046028139309438075
-2.137335152341974 0.046443960894137305
-2.132787630741246 0.04686264326318547
-2.1282401091405183 0.04728419612789683
-2.1236925875397907 0.047708629121692124
-2.119145065939063 0.04813595179865774
-2.1145975443383356 0.04856617363210001
-2.110050022737608 0.04899930401309405
-2.1055025011368804 0.049435352249027564
-2.100954979536153 0.04987432756213979
-2.0964074579354253 0.05031623908805538
-2.0918599363346977 0.05076109587431395
-2.08731241473397 0.0512089068788944
-2.0827648931332425 0.05165968096873554
-2.078217371532515 0.05211342691825185
-2.0736698499317874 0.052570153407845155
-2.06912232833106 0.05302986902241242
-2.0645748067303322 0.05349258224984936
-2.0600272851296046 0.053958301479550434
-2.0554797635288766 0.05442703500090522
-2.050932241928149 0.054898791001790986
-2.0463847203274215 0.05537357756706247
-2.041837198726694 0.055851402677037795
-2.0372896771259663 0.05633227420598173
-2.0327421555252387 0.05681619992058586
-2.028194633924511 0.05730318747844608
-2.0236471123237836 0.0577932444265374
-2.019099590723056 0.05828637819968622
-2.0145520691223284 0.05878259611904051
-2.010004547521601 0.0592819053905375
-2.0054570259208733 0.059784313103369666
-2.0009095043201457 0.06028982622844885
-1.996361982719418 0.06079845161686835
-1.9918144611186903 0.06131019599836399
-1.9872669395179627 0.0618250659797736
-1.9827194179172352 0.06234306804349499
-1.9781718963165076 0.06286420854594384
-1.97362437471578 0.06338849371600949
-1.9690768531150524 0.06391592965351107
-1.9645293315143249 0.0644465223276526
-1.9599818099135973 0.06498027757547808
-1.9554342883128695 0.06551720110032586
-1.950886766712142 0.06605729847028391
-1.9463392451114143 0.06660057511664436
-1.9417917235106867 0.06714703633235904
-1.9372442019099592 0.06769668727049537
-1.9326966803092316 0.06824953294269309
-1.928149158708504 0.0688055782176216
-1.9236016371077764 0.06936482781943884
-1.9190541155070486 0.06992728632625106
-1.914506593906321 0.0704929581685745
-1.9099590723055935 0.07106184762779835
-1.905411550704866 0.07163395883464975
-1.9008640291041383 0.07220929576766104
-1.8963165075034107 0.0727878622516386
-1.8917689859026832 0.07336966195613506
-1.8872214643019556 0.07395469839392342
-1.882673942701228 0.07454297491947427
-1.8781264211005002 0.07513449472743626
-1.8735788994997726 0.0757292608511189
-1.869031377899045 0.07632727616098037
-1.8644838562983175 0.07692854336311755
-1.85993633469759 0.07753306499776014
-1.8553888130968623 0.0781408434377698
-1.8508412914961347 0.07875188088714193
-1.8462937698954072 0.07936617937951361
-1.8417462482946794 0.07998374077667499
-1.8371987266939518 0.08060456676708543
-1.8326512050932242 0.08122865886439616
-1.8281036834924966 0.08185601840597655
-1.823556161891769 0.0824866465514468
-1.8190086402910415 0.0831205442812163
-1.814461118690314 0.0837577123950274
-1.8099135970895863 0.08439815151050578
-1.8053660754888587 0.08504186206171713
-1.800818553888131 0.08568884429773013
-1.7962710322874034 0.08633909828118644
-1.7917235106866758 0.08699262388687763
-1.7871759890859482 0.08764942080032927
-1.7826284674852206 0.08830948851639216
-1.778080945884493 0.08897282633784213
-1.7735334242837655 0.08963943337398672
-1.768985902683038 0.09030930853927986
-1.76443838108231 0.09098245055194662
-1.7598908594815825 0.09165885793261336
-1.755343337880855 0.09233852900294999
-1.7507958162801274 0.09302146188431884
-1.7462482946793998 0.09370765449643359
-1.7417007730786722 0.09439710455602797
-1.7371532514779446 0.09508980957553301
-1.732605729877217 0.0957857668617652
-1.7280582082764895 0.09648497351462425
-1.7235106866757617 0.09718742642580133
-1.718963165075034 0.09789312227749754
-1.7144156434743065 0.09860205754115339
-1.709868121873579 0.09931422847618937
-1.7053206002728514 0.10002963112875737
-1.7007730786721238 0.10074826133050375
-1.6962255570713962 0.10147011469734417
-1.6916780354706686 0.10219518662824997
-1.6871305138699408 0.10292347230404694
-1.6825829922692133 0.10365496668622619
-1.6780354706684857 0.1043896645157679
-1.673487949067758 0.10512756031197745
-1.6689404274670305 0.10586864837133483
-1.664392905866303 0.10661292276635721
-1.6598453842655754 0.10736037734447507
-1.6552978626648478 0.10811100572692144
-1.6507503410641202 0.10886480130763584
-1.6462028194633924 0.10962175725218198
-1.6416552978626648 0.11038186649667979
-1.6371077762619373 0.11114512174675192
-1.6325602546612097 0.1119115154764849
-1.628012733060482 0.11268103992740625
-1.6234652114597545 0.11345368710747551
-1.618917689859027 0.11422944879009175
-1.6143701682582994 0.11500831651311591
-1.6098226466575716 0.11579028157791017
-1.605275125056844 0.11657533504839178
-1.6007276034561164 0.11736346775010507
-1.5961800818553888 0.11815467026930897
-1.5916325602546613 0.11894893295208091
-1.5870850386539337 0.11974624590343882
-1.582537517053206 0.12054659898647972
-1.5779899954524785 0.12134998182153565
-1.573442473851751 0.1221563837853472
-1.5688949522510232 0.12296579401025547
-1.5643474306502956 0.1237782013834111
-1.559799909049568 0.12459359454600269
-1.5552523874488404 0.12541196189250292
-1.5507048658481128 0.12623329156993318
-1.5461573442473853 0.12705757147714836
-1.5416098226466577 0.12788478926413874
-1.5370623010459301 0.12871493233135325
-1.5325147794452023 0.12954798782904092
-1.5279672578444747 0.13038394265661224
-1.5234197362437472 0.131222783462021
-1.5188722146430196 0.13206449664116526
-1.514324693042292 0.13290906833731023
-1.5097771714415644 0.13375648444052918
-1.5052296498408368 0.134606730587168
-1.5006821282401093 0.13545979215932816
-1.4961346066393817 0.13631565428437234
-1.491587085038654 0.13717430183445045
-1.4870395634379263 0.13803571942604764
-1.4824920418371987 0.1388998914195534
-1.4779445202364712 0.1397668019188542
-1.4733969986357436 0.1406364347709446
-1.468849477035016 0.14150877356556488
-1.4643019554342884 0.1423838016348577
-1.4597544338335608 0.14326150205304955
-1.4552069122328333 0.14414185763615336
-1.4506593906321055 0.14502485094169515
-1.446111869031378 0.1459104642684625
-1.4415643474306503 0.14679867965627838
-1.4370168258299227 0.14768947888579628
-1.4324693042291952 0.14858284347831993
-1.4279217826284676 0.1494787546956468
-1.42337426102774 0.15037719353993503
-1.4188267394270124 0.15127814075359544
-1.4142792178262846 0.15218157681920694
-1.409731696225557 0.15308748195945587
-1.4051841746248295 0.15399583613710172
-1.400636653024102 0.1549066190549653
-1.3960891314233743 0.15581981015594387
-1.3915416098226467 0.15673538862304925
-1.3869940882219192 0.157653333379473
-1.3824465666211916 0.1585736230886757
-1.377899045020464 0.1594962361545015
-1.3733515234197362 0.16042115072131932
-1.3688040018190086 0.16134834467418857
-1.364256480218281 0.16227779563905093
-1.3597089586175535 0.1632094809829501
-1.355161437016826 0.16414337781427316
-1.3506139154160983 0.16507946298302262
-1.3460663938153707 0.1660177130811132
-1.3415188722146432 0.1669581044426935
-1.3369713506139154 0.16790061314449678
-1.3324238290131878 0.1688452150062163
-1.3278763074124602 0.169791885590909
-1.3233287858117326 0.17074060020542425
-1.318781264211005 0.1716913339008624
-1.3142337426102775 0.17264406147305722
-1.30968622100955 0.17359875746308726
-1.3051386994088223 0.1745553961578142
-1.3005911778080947 0.17551395159044875
-1.296043656207367 0.17647439754114336
-1.2914961346066394 0.17743670753761268
-1.2869486130059118 0.17840085485578264
-1.2824010914051842 0.1793668125204651
-1.2778535698044566 0.18033455330606202
-1.273306048203729 0.1813040497372972
-1.2687585266030015 0.1822752740899748
-1.264211005002274 0.18324819839176712
-1.259663483401546 0.18422279442302947
-1.2551159618008185 0.18519903371764407
-1.250568440200091 0.18617688756389048
-1.2460209185993634 0.18715632700534643
-1.2414733969986358 0.18813732284181378
-1.2369258753979082 0.18911984563027676
-1.2323783537971806 0.19010386568588458
-1.227830832196453 0.19108935308296454
-1.2232833105957255 0.19207627765606333
-1.2187357889949977 0.19306460900101602
-1.21418826739427 0.1940543164760439
-1.2096407457935425 0.19504536920288096
-1.205093224192815 0.19603773606792776
-1.2005457025920874 0.19703138572343587
-1.1959981809913598 0.19802628658871826
-1.1914506593906322 0.19902240685138906
-1.1869031377899046 0.2000197144686339
-1.1823556161891768 0.20101817716850517
-1.1778080945884493 0.20201776245124758
-1.1732605729877217 0.203018437590653
-1.168713051386994 0.20402016963544203
-1.1641655297862665 0.2050229254106754
-1.159618008185539 0.2060266715191918
-1.1550704865848114 0.20703137434307795
-1.1505229649840838 0.20803700004516143
-1.1459754433833562 0.20904351457053721
-1.1414279217826284 0.21005088364811883
-1.1368804001819008 0.21105907279221994
-1.1323328785811733 0.21206804730416312
-1.1277853569804457 0.21307777227391617
-1.123237835379718 0.21408821258175784
-1.1186903137789905 0.21509933289997135
-1.114142792178263 0.21611109769456466
-1.1095952705775354 0.2171234712270209
-1.1050477489768076 0.21813641755607346
-1.10050022737608 0.21914990053951192
-1.0959527057753524 0.2201638838360141
-1.0914051841746248 0.22117833090700634
-1.0868576625738973 0.2221932050185499
-1.0823101409731697 0.22320846924325677
-1.077762619372442 0.22422408646223216
-1.0732150977717145 0.22524001936704285
-1.068667576170987 0.22625623046171517
-1.0641200545702592 0.2272726820647571
-1.0595725329695316 0.22828933631121073
-1.055025011368804 0.22930615515472705
-1.0504774897680764 0.23032310036967316
-1.0459299681673488 0.23134013355326002
-1.0413824465666213 0.23235721612770133
-1.0368349249658937 0.2333743093423956
-1.0322874033651661 0.23439137427613743
-1.0277398817644383 0.23540837183935107
-1.0231923601637107 0.23642526277635315
-1.0186448385629832 0.2374420076676395
-1.0140973169622556 0.23845856693219789
-1.009549795361528 0.23947490082984668
-1.0050022737608004 0.2404909694635974
-1.0004547521600728 0.24150673278204496
-0.9959072305593452 0.24252215058177906
-0.9913597089586176 0.2435371825098245
-0.98681218735789 0.24455178806610342
-0.9822646657571624 0.24556592660592186
-0.9777171441564347 0.24657955734248288
-0.9731696225557072 0.24759263934942097
-0.9686221009549796 0.24860513156336206
-0.964074579354252 0.24961699278650662
-0.9595270577535243 0.2506281816892365
-0.9549795361527967 0.25163865681274455
-0.9504320145520692 0.25264837657168737
-0.9458844929513416 0.2536572992568617
-0.941336971350614 0.2546653830379027
-0.9367894497498863 0.2556725859660038
-0.9322419281491587 0.25667886597666084
-0.9276944065484312 0.2576841808924371
-0.9231468849477036 0.2586884884257489
-0.9185993633469759 0.25969174618167373
-0.9140518417462483 0.2606939116607816
-0.9095043201455207 0.2616949422619834
-0.9049567985447932 0.26269479528540257
-0.9004092769440655 0.26369342793526784
-0.8958617553433379 0.2646907973228232
-0.8913142337426103 0.26568686046926154
-0.8867667121418827 0.2666815743086761
-0.882219190541155 0.2676748956910311
-0.8776716689404275 0.2686667813851515
-0.8731241473396999 0.26965718808173433
-0.8685766257389723 0.2706460723963754
-0.8640291041382447 0.27163339087261434
-0.859481582537517 0.2726190999850021
-0.8549340609367895 0.2736031561421804
-0.8503865393360619 0.2745855156899829
-0.8458390177353343 0.2755661349145523
-0.8412914961346066 0.2765449700454737
-0.836743974533879 0.2775219772589249
-0.8321964529331515 0.27849711268084576
-0.8276489313324239 0.2794703323901165
-0.8231014097316962 0.2804415924217615
-0.8185538881309686 0.28141084877016015
-0.814006366530241 0.28237805739227645
-0.8094588449295135 0.2833431742109041
-0.8049113233287858 0.28430615511792423
-0.8003638017280582 0.2852669559775774
-0.7958162801273306 0.286225532629751
-0.791268758526603 0.2871818408932783
-0.7867212369258755 0.2881358365692513
-0.7821737153251478 0.28908747544434704
-0.7776261937244202 0.2900367132941655
-0.7730786721236926 0.2909835058865802
-0.7685311505229651 0.2919278089850993
-0.7639836289222374 0.29286957835224003
-0.7594361073215098 0.2938087697529135
-0.7548885857207822 0.294745338957819
-0.7503410641200546 0.29567924174685006
-0.745793542519327 0.2966104339125112
-0.7412460209185994 0.2975388712633414
-0.7366984993178718 0.29846450962735005
-0.7321509777171442 0.29938730485545983
-0.7276034561164166 0.30030721282495937
-0.723055934515689 0.3012241894429631
-0.7185084129149614 0.3021381906498792
-0.7139608913142338 0.30304917242288604
-0.7094133697135062 0.30395709077941274
-0.7048658481127785 0.30486190178063083
-0.700318326512051 0.3057635615349482
-0.6957708049113234 0.30666202620151145
-0.6912232833105958 0.3075572519937119
-0.6866757617098681 0.3084491951826993
-0.6821282401091405 0.30933781210089695
-0.677580718508413 0.3102230591455241
-0.6730331969076854 0.3111048927821209
-0.6684856753069577 0.3119832695480773
-0.6639381537062301 0.3128581460561653
-0.6593906321055025 0.3137294789980731
-0.654843110504775 0.3145972251479426
-0.6502955889040474 0.3154613413659099
-0.6457480673033197 0.31632178460164284
-0.6412005457025921 0.31717851189788704
-0.6366530241018645 0.3180314803940057
-0.632105502501137 0.3188806473295243
-0.6275579809004093 0.3197259700476725
-0.6230104592996817 0.320567405998928
-0.6184629376989541 0.32140491274455807
-0.6139154160982265 0.3222384479601598
-0.6093678944974988 0.3230679694391993
-0.6048203728967713 0.3238934350965489
-0.6002728512960437 0.32471480297202043
-0.5957253296953161 0.3255320312338993
-0.5911778080945884 0.326345078182469
-0.5866302864938608 0.32715390225353885
-0.5820827648931333 0.3279584620219624
-0.5775352432924057 0.3287587162051553
-0.5729877216916781 0.32955462366660293
-0.5684402000909504 0.33034614341936885
-0.5638926784902228 0.33113323462959365
-0.5593451568894953 0.3319158566199879
-0.5547976352887677 0.33269396887331903
-0.55025011368804 0.3334675310358919
-0.5457025920873124 0.33423650292102036
-0.5411550704865848 0.33500084451249185
-0.5366075488858573 0.3357605159680249
-0.5320600272851296 0.33651547762271367
-0.527512505684402 0.33726568999247053
-0.5229649840836744 0.3380111137774507
-0.5184174624829468 0.33875170986547304
-0.5138699408822192 0.33948743933542974
-0.5093224192814916 0.3402182634606824
-0.504774897680764 0.3409441437124474
-0.5002273760800364 0.3416650417631753
-0.4956798544793088 0.3423809194899083
-0.4911323328785812 0.34309173897763473
-0.4865848112778536 0.3437974625226249
-0.482037289677126 0.34449805263575595
-0.47748976807639837 0.34519347204582185
-0.4729422464756708 0.3458836837028315
-0.46839472487494316 0.3465686507812902
-0.4638472032742156 0.3472483366834657
-0.45929968167348795 0.3479227050426427
-0.45475216007276037 0.34859171972635683
-0.45020463847203274 0.3492553448396164
-0.44565711687130516 0.34991354472810526
-0.4411095952705775 0.35056628398137024
-0.43656207366984995 0.3512135274359908
-0.43201455206912237 0.3518552401787291
-0.42746703046839474 0.35249138754966675
-0.42291950886766716 0.35312193514531787
-0.4183719872669395 0.35374684882172575
-0.41382446566621195 0.35436609469754093
-0.4092769440654843 0.35497963915707836
-0.40472942246475674 0.355587448853354
-0.4001819008640291 0.3561894907111038
-0.3956343792633015 0.35678573192977775
-0.3910868576625739 0.35737613998651657
-0.3865393360618463 0.35796068263910463
-0.3819918144611187 0.358539327928902
-0.3774442928603911 0.3591120441837531
-0.3728967712596635 0.3596788000208741
-0.3683492496589359 0.3602395643497151
-0.3638017280582083 0.36079430637480286
-0.3592542064574807 0.36134299559855493
-0.3547066848567531 0.3618856018240732
-0.3501591632560255 0.3624220951579107
-0.3456116416552979 0.3629524460128154
-0.34106412005457026 0.36347662511044854
-0.3365165984538427 0.36399460348407536
-0.33196907685311505 0.3645063524812319
-0.3274215552523875 0.36501184376636664
-0.32287403365165984 0.36551104932345146
-0.31832651205093226 0.36600394145857124
-0.31377899045020463 0.3664904928024806
-0.30923146884947705 0.3669706763131376
-0.3046839472487494 0.36744446527820557
-0.30013642564802184 0.367911833317532
-0.2955889040472942 0.36837275438559247
-0.29104138244656663 0.36882720277391073
-0.28649386084583905 0.36927515311344783
-0.2819463392451114 0.36971658037696087
-0.27739881764438384 0.3701514598813325
-0.2728512960436562 0.37057976728987285
-0.26830377444292863 0.3710014786145858
-0.263756252842201 0.3714165702184109
-0.2592087312414734 0.3718250188174277
-0.2546612096407458 0.37222680148303405
-0.2501136880400182 0.3726218956440906
-0.2455661664392906 0.3730102790890341
-0.241018644838563 0.37339192996795717
-0.2364711232378354 0.37376682679465684
-0.2319236016371078 0.3741349484486518
-0.22737608003638018 0.37449627417716336
-0.22282855843565258 0.37485078359706625
-0.21828103683492497 0.3751984566968044
-0.21373351523419737 0.3755392738382739
-0.20918599363346976 0.37587321575867066
-0.20463847203274216 0.3762002635723051
-0.20009095043201455 0.37652039877238414
-0.19554342883128695 0.3768336032327517
-0.19099590723055934 0.37713985920960486
-0.18644838562983174 0.37743914934316447
-0.18190086402910416 0.3777314566593177
-0.17735334242837655 0.37801676457122174
-0.17280582082764895 0.37829505688087195
-0.16825829922692134 0.37856631778063504
-0.16371077762619374 0.37883053185474547
-0.15916325602546613 0.3790876840807656
-0.15461573442473853 0.3793377598310079
-0.15006821282401092 0.37958074487392457
-0.14552069122328332 0.3798166253754539
-0.1409731696225557 0.3800453879003353
-0.1364256480218281 0.3802670194133843
-0.1318781264211005 0.3804815072807291
-0.1273306048203729 0.38068883927101355
-0.1227830832196453 0.38088900355655625
-0.1182355616189177 0.3810819887144778
-0.11368804001819009 0.3812677837277859
-0.10914051841746249 0.3814463779864241
-0.10459299681673488 0.38161776128828095
-0.10004547521600728 0.3817819238401619
-0.09549795361527967 0.3819388562587234
-0.09095043201455208 0.38208854957136207
-0.08640291041382447 0.38223099521707615
-0.08185538881309687 0.3823661850472757
-0.07730786721236926 0.38249411132656336
-0.07276034561164166 0.3826147667334704
-0.06821282401091405 0.38272814436115515
-0.06366530241018645 0.38283423771806224
-0.05911778080945885 0.3829330407285427
-0.054570259208731244 0.3830245477334316
-0.05002273760800364 0.3831087534905913
-0.04547521600727604 0.3831856531754098
-0.040927694406548434 0.38325524238126213
-0.03638017280582083 0.3833175171199311
-0.031832651205093224 0.3833724738219885
-0.027285129604365622 0.38342010933713644
-0.02273760800363802 0.38346042093450705
-0.018190086402910415 0.3834934063029244
-0.013642564802182811 0.3835190635511249
-0.009095043201455207 0.3835373912079385
-0.004547521600727604 0.38354838822242915
0.0 0.3835520539639954
0.004547521600727604 0.38354838822242937
0.009095043201455207 0.38353739120793845
0.013642564802182811 0.383519063551125
0.018190086402910415 0.38349340630292394
0.02273760800363802 0.38346042093450705
0.027285129604365622 0.3834201093371365
0.031832651205093224 0.38337247382198864
0.03638017280582083 0.3833175171199311
0.040927694406548434 0.38325524238126185
0.04547521600727604 0.38318565317541
0.05002273760800364 0.3831087534905912
0.054570259208731244 0.3830245477334319
0.05911778080945885 0.38293304072854284
0.06366530241018645 0.3828342377180627
0.06821282401091405 0.38272814436115515
0.07276034561164166 0.3826147667334703
0.07730786721236926 0.3824941113265636
0.08185538881309687 0.3823661850472757
0.08640291041382447 0.38223099521707615
0.09095043201455208 0.3820885495713623
0.09549795361527967 0.38193885625872354
0.10004547521600728 0.38178192384016246
0.10459299681673488 0.38161776128828095
0.10914051841746249 0.38144637798642395
0.11368804001819009 0.381267783727786
0.1182355616189177 0.3810819887144777
0.1227830832196453 0.38088900355655625
0.1273306048203729 0.38068883927101355
0.1318781264211005 0.38048150728072927
0.1364256480218281 0.38026701941338387
0.1409731696225557 0.3800453879003352
0.14552069122328332 0.3798166253754539
0.15006821282401092 0.3795807448739245
0.15461573442473853 0.3793377598310079
0.15916325602546613 0.3790876840807656
0.16371077762619374 0.37883053185474574
0.16825829922692134 0.37856631778063515
0.17280582082764895 0.3782950568808716
0.17735334242837655 0.3780167645712222
0.18190086402910416 0.3777314566593177
0.18644838562983174 0.37743914934316447
0.19099590723055934 0.37713985920960486
0.19554342883128695 0.37683360323275206
0.20009095043201455 0.3765203987723842
0.20463847203274216 0.3762002635723054
0.20918599363346976 0.37587321575867105
0.21373351523419737 0.3755392738382739
0.21828103683492497 0.3751984566968045
0.22282855843565258 0.37485078359706653
0.22737608003638018 0.37449627417716347
0.2319236016371078 0.37413494844865214
0.2364711232378354 0.37376682679465706
0.241018644838563 0.37339192996795717
0.2455661664392906 0.37301027908903456
0.2501136880400182 0.37262189564409104
0.2546612096407458 0.37222680148303405
0.2592087312414734 0.37182501881742747
0.263756252842201 0.3714165702184112
0.26830377444292863 0.37100147861458604
0.2728512960436562 0.3705797672898729
0.27739881764438384 0.37015145988133263
0.2819463392451114 0.3697165803769609
0.28649386084583905 0.369275153113448
0.29104138244656663 0.3688272027739111
0.2955889040472942 0.3683727543855926
0.30013642564802184 0.367911833317532
0.3046839472487494 0.3674444652782056
0.30923146884947705 0.36697067631313723
0.31377899045020463 0.36649049280248075
0.31832651205093226 0.36600394145857157
0.32287403365165984 0.3655110493234519
0.3274215552523875 0.3650118437663662
0.33196907685311505 0.3645063524812321
0.3365165984538427 0.36399460348407525
0.34106412005457026 0.36347662511044865
0.3456116416552979 0.3629524460128157
0.3501591632560255 0.3624220951579109
0.3547066848567531 0.3618856018240736
0.3592542064574807 0.3613429955985553
0.3638017280582083 0.3607943063748031
0.3683492496589359 0.36023956434971516
0.3728967712596635 0.35967880002087405
0.3774442928603911 0.3591120441837532
0.3819918144611187 0.3585393279289022
0.3865393360618463 0.35796068263910463
0.3910868576625739 0.3573761399865166
0.3956343792633015 0.3567857319297776
0.4001819008640291 0.3561894907111041
0.40472942246475674 0.35558744885335425
0.4092769440654843 0.35497963915707836
0.41382446566621195 0.3543660946975412
0.4183719872669395 0.3537468488217257
0.42291950886766716 0.3531219351453181
0.42746703046839474 0.35249138754966713
0.43201455206912237 0.35185524017872943
0.43656207366984995 0.3512135274359908
0.4411095952705775 0.35056628398137063
0.44565711687130516 0.3499135447281052
0.45020463847203274 0.3492553448396164
0.45475216007276037 0.3485917197263567
0.45929968167348795 0.347922705042643
0.4638472032742156 0.34724833668346594
0.46839472487494316 0.3465686507812899
0.4729422464756708 0.34588368370283173
0.47748976807639837 0.3451934720458219
0.482037289677126 0.3444980526357558
0.4865848112778536 0.34379746252262505
0.4911323328785812 0.34309173897763495
0.4956798544793088 0.3423809194899082
0.5002273760800364 0.34166504176317536
0.504774897680764 0.34094414371244763
0.5093224192814916 0.34021826346068207
0.5138699408822192 0.3394874393354299
0.5184174624829468 0.338751709865473
0.5229649840836744 0.33801111377745063
0.527512505684402 0.3372656899924707
0.5320600272851296 0.33651547762271405
0.5366075488858573 0.3357605159680247
0.5411550704865848 0.3350008445124922
0.5457025920873124 0.33423650292102003
0.55025011368804 0.33346753103589194
0.5547976352887677 0.3326939688733191
0.5593451568894953 0.3319158566199881
0.5638926784902228 0.33113323462959393
0.5684402000909504 0.3303461434193688
0.5729877216916781 0.3295546236666029
0.5775352432924057 0.3287587162051551
0.5820827648931333 0.32795846202196266
0.5866302864938608 0.32715390225353885
0.5911778080945884 0.32634507818246883
0.5957253296953161 0.3255320312338992
0.6002728512960437 0.3247148029720207
0.6048203728967713 0.3238934350965488
0.6093678944974988 0.32306796943919913
0.6139154160982265 0.32223844796015977
0.6184629376989541 0.32140491274455824
0.6230104592996817 0.3205674059989281
0.6275579809004093 0.31972597004767234
0.632105502501137 0.3188806473295243
0.6366530241018645 0.3180314803940057
0.6412005457025921 0.31717851189788715
0.6457480673033197 0.31632178460164284
0.6502955889040474 0.3154613413659094
0.654843110504775 0.3145972251479426
0.6593906321055025 0.3137294789980731
0.6639381537062301 0.3128581460561652
0.6684856753069577 0.3119832695480775
0.6730331969076854 0.31110489278212067
0.677580718508413 0.31022305914552406
0.6821282401091405 0.309337812100897
0.6866757617098681 0.30844919518269925
0.6912232833105958 0.307557251993712
0.6957708049113234 0.30666202620151134
0.700318326512051 0.3057635615349478
0.7048658481127785 0.30486190178063066
0.7094133697135062 0.3039570907794124
0.7139608913142338 0.3030491724228858
0.7185084129149614 0.30213819064987935
0.723055934515689 0.30122418944296303
0.7276034561164166 0.3003072128249593
0.7321509777171442 0.29938730485545956
0.7366984993178718 0.2984645096273499
0.7412460209185994 0.2975388712633413
0.745793542519327 0.296610433912511
0.7503410641200546 0.29567924174685006
0.7548885857207822 0.29474533895781907
0.7594361073215098 0.2938087697529135
0.7639836289222374 0.29286957835224003
0.7685311505229651 0.2919278089850993
0.7730786721236926 0.29098350588658023
0.7776261937244202 0.2900367132941655
0.7821737153251478 0.2890874754443468
0.7867212369258755 0.2881358365692511
0.791268758526603 0.2871818408932782
0.7958162801273306 0.28622553262975103
0.8003638017280582 0.2852669559775773
0.8049113233287858 0.28430615511792406
0.8094588449295135 0.283343174210904
0.814006366530241 0.2823780573922763
0.8185538881309686 0.28141084877016
0.8231014097316962 0.2804415924217615
0.8276489313324239 0.2794703323901166
0.8321964529331515 0.2784971126808456
0.836743974533879 0.2775219772589252
0.8412914961346066 0.27654497004547357
0.8458390177353343 0.2755661349145523
0.8503865393360619 0.27458551568998263
0.8549340609367895 0.2736031561421802
0.859481582537517 0.27261909998500217
0.8640291041382447 0.2716333908726144
0.8685766257389723 0.27064607239637517
0.8731241473396999 0.26965718808173456
0.8776716689404275 0.26866678138515165
0.882219190541155 0.26767489569103087
0.8867667121418827 0.266681574308676
0.8913142337426103 0.26568686046926143
0.8958617553433379 0.2646907973228229
0.9004092769440655 0.2636934279352678
0.9049567985447932 0.2626947952854028
0.9095043201455207 0.2616949422619834
0.9140518417462483 0.2606939116607816
0.9185993633469759 0.2596917461816737
0.9231468849477036 0.25868848842574865
0.9276944065484312 0.25768418089243716
0.9322419281491587 0.256678865976661
0.9367894497498863 0.2556725859660036
0.941336971350614 0.2546653830379027
0.9458844929513416 0.25365729925686165
0.9504320145520692 0.2526483765716873
0.9549795361527967 0.2516386568127444
0.9595270577535243 0.2506281816892364
0.964074579354252 0.24961699278650654
0.9686221009549796 0.24860513156336186
0.9731696225557072 0.2475926393494211
0.9777171441564347 0.2465795573424829
0.9822646657571624 0.24556592660592189
0.98681218735789 0.24455178806610356
0.9913597089586176 0.24353718250982453
0.9959072305593452 0.242522150581779
1.0004547521600728 0.24150673278204476
1.0050022737608004 0.2404909694635974
1.009549795361528 0.23947490082984657
1.0140973169622556 0.2384585669321979
1.0186448385629832 0.23744200766763945
1.0231923601637107 0.23642526277635295
1.0277398817644383 0.23540837183935107
1.0322874033651661 0.2343913742761374
1.0368349249658937 0.2333743093423958
1.0413824465666213 0.23235721612770122
1.0459299681673488 0.23134013355326005
1.0504774897680764 0.23032310036967318
1.055025011368804 0.22930615515472716
1.0595725329695316 0.2282893363112106
1.0641200545702592 0.22727268206475726
1.068667576170987 0.2262562304617152
1.0732150977717145 0.2252400193670429
1.077762619372442 0.2242240864622322
1.0823101409731697 0.2232084692432568
1.0868576625738973 0.22219320501854992
1.0914051841746248 0.22117833090700628
1.0959527057753524 0.2201638838360142
1.10050022737608 0.2191499005395119
1.1050477489768076 0.21813641755607355
1.1095952705775354 0.2171234712270209
1.114142792178263 0.2161110976945647
1.1186903137789905 0.21509933289997116
1.123237835379718 0.2140882125817578
1.1277853569804457 0.21307777227391606
1.1323328785811733 0.21206804730416312
1.1368804001819008 0.2110590727922201
1.1414279217826284 0.21005088364811883
1.1459754433833562 0.2090435145705371
1.1505229649840838 0.20803700004516143
1.1550704865848114 0.20703137434307806
1.159618008185539 0.2060266715191919
1.1641655297862665 0.20502292541067513
1.168713051386994 0.2040201696354422
1.1732605729877217 0.20301843759065302
1.1778080945884493 0.2020177624512476
1.1823556161891768 0.2010181771685052
1.1869031377899046 0.20001971446863404
1.1914506593906322 0.1990224068513892
1.1959981809913598 0.1980262865887182
1.2005457025920874 0.19703138572343595
1.205093224192815 0.19603773606792793
1.2096407457935425 0.19504536920288096
1.21418826739427 0.19405431647604385
1.2187357889949977 0.19306460900101607
1.2232833105957255 0.19207627765606344
1.227830832196453 0.19108935308296454
1.2323783537971806 0.19010386568588467
1.2369258753979082 0.18911984563027676
1.2414733969986358 0.1881373228418138
1.2460209185993634 0.18715632700534635
1.250568440200091 0.1861768875638905
1.2551159618008185 0.18519903371764407
1.259663483401546 0.1842227944230296
1.264211005002274 0.18324819839176698
1.2687585266030015 0.18227527408997488
1.273306048203729 0.18130404973729744
1.2778535698044566 0.18033455330606232
1.2824010914051842 0.17936681252046527
1.2869486130059118 0.17840085485578272
1.2914961346066394 0.17743670753761281
1.296043656207367 0.17647439754114322
1.3005911778080947 0.17551395159044877
1.3051386994088223 0.17455539615781424
1.30968622100955 0.17359875746308742
1.3142337426102775 0.17264406147305728
1.318781264211005 0.17169133390086252
1.3233287858117326 0.1707406002054243
1.3278763074124602 0.16979188559090885
1.3324238290131878 0.1688452150062163
1.3369713506139154 0.16790061314449678
1.3415188722146432 0.16695810444269343
1.3460663938153707 0.16601771308111318
1.3506139154160983 0.16507946298302276
1.355161437016826 0.16414337781427316
1.3597089586175535 0.16320948098295007
1.364256480218281 0.1622777956390511
1.3688040018190086 0.16134834467418854
1.3733515234197362 0.16042115072131938
1.377899045020464 0.15949623615450145
1.3824465666211916 0.15857362308867573
1.3869940882219192 0.15765333337947304
1.3915416098226467 0.15673538862304928
1.3960891314233743 0.15581981015594382
1.400636653024102 0.1549066190549653
1.4051841746248295 0.15399583613710185
1.409731696225557 0.15308748195945607
1.4142792178262846 0.15218157681920702
1.4188267394270124 0.15127814075359555
1.42337426102774 0.15037719353993492
1.4279217826284676 0.14947875469564673
1.4324693042291952 0.14858284347832001
1.4370168258299227 0.1476894788857965
1.4415643474306503 0.14679867965627846
1.446111869031378 0.14591046426846255
1.4506593906321055 0.14502485094169507
1.4552069122328333 0.14414185763615348
1.4597544338335608 0.14326150205304955
1.4643019554342884 0.14238380163485775
1.468849477035016 0.1415087735655648
1.4733969986357436 0.1406364347709447
1.4779445202364712 0.1397668019188542
1.4824920418371987 0.13889989141955347
1.4870395634379263 0.13803571942604753
1.491587085038654 0.1371743018344503
1.4961346066393817 0.1363156542843724
1.5006821282401093 0.13545979215932824
1.5052296498408368 0.13460673058716804
1.5097771714415644 0.13375648444052918
1.514324693042292 0.13290906833731017
1.5188722146430196 0.13206449664116549
1.5234197362437472 0.131222783462021
1.5279672578444747 0.13038394265661232
1.5325147794452023 0.12954798782904095
1.5370623010459301 0.12871493233135328
1.5416098226466577 0.1278847892641388
1.5461573442473853 0.12705757147714836
1.5507048658481128 0.1262332915699333
1.5552523874488404 0.12541196189250295
1.559799909049568 0.12459359454600276
1.5643474306502956 0.12377820138341113
1.5688949522510232 0.1229657940102555
1.573442473851751 0.12215638378534731
1.5779899954524785 0.12134998182153572
1.582537517053206 0.12054659898647993
1.5870850386539337 0.11974624590343892
1.5916325602546613 0.11894893295208103
1.5961800818553888 0.11815467026930897
1.6007276034561164 0.11736346775010513
1.605275125056844 0.11657533504839188
1.6098226466575716 0.11579028157791021
1.6143701682582994 0.11500831651311612
1.618917689859027 0.11422944879009174
1.6234652114597545 0.11345368710747561
1.628012733060482 0.1126810399274063
1.6325602546612097 0.11191151547648488
1.6371077762619373 0.111145121746752
1.6416552978626648 0.1103818664966798
1.6462028194633924 0.10962175725218214
1.6507503410641202 0.1088648013076359
1.6552978626648478 0.10811100572692145
1.6598453842655754 0.10736037734447514
1.664392905866303 0.10661292276635735
1.6689404274670305 0.10586864837133488
1.673487949067758 0.10512756031197747
1.6780354706684857 0.10438966451576795
1.6825829922692133 0.1036549666862263
1.6871305138699408 0.10292347230404697
1.6916780354706686 0.10219518662825006
1.6962255570713962 0.10147011469734425
1.7007730786721238 0.10074826133050374
1.7053206002728514 0.10002963112875733
1.709868121873579 0.0993142284761894
1.7144156434743065 0.0986020575411534
1.718963165075034 0.09789312227749758
1.7235106866757617 0.0971874264258014
1.7280582082764895 0.09648497351462423
1.732605729877217 0.09578576686176526
1.7371532514779446 0.09508980957553306
1.7417007730786722 0.09439710455602802
1.7462482946793998 0.09370765449643371
1.7507958162801274 0.0930214618843188
1.755343337880855 0.09233852900294993
1.7598908594815825 0.09165885793261334
1.76443838108231 0.09098245055194662
1.768985902683038 0.09030930853927996
1.7735334242837655 0.08963943337398668
1.778080945884493 0.08897282633784218
1.7826284674852206 0.08830948851639214
1.7871759890859482 0.08764942080032928
1.7917235106866758 0.08699262388687765
1.7962710322874034 0.08633909828118642
1.800818553888131 0.08568884429773015
1.8053660754888587 0.0850418620617171
1.8099135970895863 0.08439815151050574
1.814461118690314 0.08375771239502736
1.8190086402910415 0.0831205442812163
1.823556161891769 0.08248664655144686
1.8281036834924966 0.08185601840597653
1.8326512050932242 0.08122865886439615
1.8371987266939518 0.08060456676708547
1.8417462482946794 0.07998374077667487
1.8462937698954072 0.07936617937951373
1.8508412914961347 0.07875188088714188
1.8553888130968623 0.07814084343776972
1.85993633469759 0.07753306499776019
1.8644838562983175 0.07692854336311758
1.869031377899045 0.07632727616098044
1.8735788994997726 0.07572926085111889
1.8781264211005002 0.0751344947274362
1.882673942701228 0.07454297491947434
1.8872214643019556 0.07395469839392346
1.8917689859026832 0.07336966195613503
1.8963165075034107 0.07278786225163855
1.9008640291041383 0.07220929576766096
1.905411550704866 0.07163395883464976
1.9099590723055935 0.07106184762779835
1.914506593906321 0.07049295816857451
1.9190541155070486 0.0699272863262511
1.9236016371077764 0.0693648278194388
1.928149158708504 0.06880557821762165
1.9326966803092316 0.06824953294269308
1.9372442019099592 0.06769668727049538
1.9417917235106867 0.06714703633235897
1.9463392451114143 0.06660057511664431
1.950886766712142 0.06605729847028388
1.9554342883128695 0.06551720110032588
1.9599818099135973 0.06498027757547808
1.9645293315143249 0.06444652232765263
1.9690768531150524 0.06391592965351107
1.97362437471578 0.0633884937160095
1.9781718963165076 0.0628642085459438
1.9827194179172352 0.062343068043494994
1.9872669395179627 0.06182506597977356
1.9918144611186903 0.06131019599836401
1.996361982719418 0.0607984516168684
2.0009095043201457 0.060289826228448834
2.0054570259208733 0.05978431310336967
2.010004547521601 0.059281905390537466
2.0145520691223284 0.05878259611904051
2.019099590723056 0.05828637819968621
2.0236471123237836 0.05779324442653738
2.028194633924511 0.05730318747844606
2.0327421555252387 0.05681619992058582
2.0372896771259663 0.0563322742059817
2.041837198726694 0.055851402677037774
2.0463847203274215 0.05537357756706247
2.050932241928149 0.05489879100179099
2.0554797635288766 0.054427035000905205
2.0600272851296046 0.053958301479550386
2.0645748067303322 0.05349258224984936
2.06912232833106 0.05302986902241242
2.0736698499317874 0.052570153407845106
2.078217371532515 0.052113426918251805
2.0827648931332425 0.05165968096873554
2.08731241473397 0.05120890687889437
2.0918599363346977 0.05076109587431393
2.0964074579354253 0.05031623908805539
2.100954979536153 0.04987432756213978
2.1055025011368804 0.049435352249027585
2.110050022737608 0.048999304013094075
2.1145975443383356 0.048566173632099974
2.119145065939063 0.048135951798657726
2.1236925875397907 0.04770862912169208
2.1282401091405183 0.047284196127896784
2.132787630741246 0.046862643263185455
2.137335152341974 0.046443960894137264
2.1418826739427015 0.04602813930943806
2.146430195543429 0.045615168721314756
2.1509777171441566 0.04520503926696539
2.155525238744884 0.04479774100998273
2.160072760345612 0.04439326394177249
2.1646202819463394 0.04399159798296543
2.169167803547067 0.04359273298482357
2.1737153251477945 0.04319665873064036
2.178262846748522 0.04280336493713432
2.1828103683492497 0.042412841255836685
2.1873578899499773 0.04202507727447271
2.191905411550705 0.041640062518335914
2.1964529331514324 0.04125778645165641
2.20100045475216 0.040878238478962006
2.2055479763528876 0.04050140794643265
2.210095497953615 0.04012728414324817
2.214643019554343 0.03975585630292856
2.2191905411550708 0.039387113604668
2.2237380627557983 0.0390210451746607
2.228285584356526 0.03865764008742025
2.2328331059572535 0.03829688736709133
2.237380627557981 0.03793877598875416
2.2419281491587086 0.037583294879721243
2.246475670759436 0.03723043292082673
2.251023192360164 0.03688017894770806
2.2555707139608914 0.03653252175207983
2.260118235561619 0.03618745008300008
2.2646657571623465 0.0358449526481284
2.269213278763074 0.03550501811497635
2.2737608003638017 0.03516763511214965
2.2783083219645293 0.03483279223058276
2.282855843565257 0.03450047802476456
2.2874033651659844 0.0341706810139567
2.2919508867667124 0.03384338968340291
2.29649840836744 0.03351859248553071
2.3010459299681676 0.03319627784114413
2.305593451568895 0.03287643414060826
2.3101409731696227 0.0325590497450255
2.3146884947703503 0.032244112987402936
2.319236016371078 0.03193161217381138
2.3237835379718055 0.031621535584535544
2.328331059572533 0.03131387147521582
2.3328785811732606 0.03100860807798101
2.337426102773988 0.030705733602572567
2.341973624374716 0.030405236237459766
2.3465211459754434 0.030107104150946334
2.351068667576171 0.029811325492267664
2.3556161891768985 0.029517888392679742
2.360163710777626 0.02922678096653858
2.3647112323783537 0.028937991312370813
2.3692587539790817 0.028651507513935356
2.3738062755798093 0.0283673176412759
2.378353797180537 0.028085409751764174
2.3829013187812644 0.027805771891134368
2.387448840381992 0.02752839209450805
2.3919963619827196 0.027253258387410165
2.396543883583447 0.026980358786775707
2.4010914051841747 0.02670968130194727
2.4056389267849023 0.026441213935662983
2.41018644838563 0.026174944685035742
2.4147339699863575 0.025910861542522576
2.419281491587085 0.025648952496885157
2.4238290131878126 0.025389205534140636
2.42837653478854 0.025131608638503413
2.432924056389268 0.024876149793317252
2.4374715779899954 0.024622816981978355
2.442019099590723 0.024371598188848865
2.446566621191451 0.024122481400160913
2.4511141427921785 0.023875454604911542
2.455661664392906 0.02363050579574793
2.4602091859936337 0.023387622969843338
2.4647567075943613 0.023146794129763795
2.469304229195089 0.022908007284325047
2.4738517507958164 0.022671250449440402
2.478399272396544 0.022436511648958938
2.4829467939972716 0.022203778915494514
2.487494315597999 0.02197304029124509
2.4920418371987267 0.021744283828802984
2.4965893587994543 0.021517497591955436
2.501136880400182 0.021292669656475895
2.5056844020009095 0.02106978811090599
2.510231923601637 0.020848841057327976
2.5147794452023646 0.020629816612128007
2.519326966803092 0.020412702906749763
2.5238744884038202 0.02019748808843904
2.528422010004548 0.01998416032097887
2.5329695316052754 0.019772707785415285
2.537517053206003 0.01956311868077381
2.5420645748067305 0.0193553812247667
2.546612096407458 0.01914948365449098
2.5511596180081857 0.01894541422711704
2.5557071396089133 0.018743161220568173
2.560254661209641 0.018542712934190783
2.5648021828103684 0.018344057689415574
2.569349704411096 0.01814718383040938
2.5738972260118236 0.01795207972471798
2.578444747612551 0.017758733763899796
2.5829922692132787 0.017567134364150343
2.5875397908140063 0.017377269966917915
2.592087312414734 0.017189129039509903
2.5966348340154615 0.017002700075690363
2.6011823556161895 0.0168179715962684
2.605729877216917 0.01663493214967788
2.6102773988176446 0.016453570312547836
2.6148249204183722 0.01627387469026433
2.6193724420191 0.016095833917523332
2.6239199636198274 0.01591943665887472
2.628467485220555 0.01574467160925763
2.6330150068212825 0.015571527494526836
2.63756252842201 0.0153999930719708
2.6421100500227377 0.015230057130820516
2.6466575716234653 0.015061708492750276
2.651205093224193 0.014894936012369317
2.6557526148249204 0.014729728577705275
2.660300136425648 0.01456607511067898
2.6648476580263756 0.01440396456757073
2.669395179627103 0.01424338593947815
2.6739427012278307 0.014084328252765677
2.6784902228285588 0.013926780569505704
2.6830377444292863 0.013770731987911317
2.687585266030014 0.01361617164276083
2.6921327876307415 0.013463088705814075
2.696680309231469 0.01331147238622051
2.7012278308321966 0.013161311930919142
2.705775352432924 0.013012596625030492
2.710322874033652 0.012865315792240302
2.7148703956343794 0.012719458795175467
2.719417917235107 0.012575015035771795
2.7239654388358345 0.012431973955634092
2.728512960436562 0.012290325036388145
2.7330604820372897 0.012150057800025173
2.7376080036380173 0.012011161809238228
2.742155525238745 0.011873626667751144
2.7467030468394724 0.011737442020639652
2.7512505684402 0.011602597554644989
2.755798090040928 0.011469082998479896
2.7603456116416556 0.011336888123127194
2.764893133242383 0.011206002742130764
2.7694406548431107 0.011076416711879282
2.7739881764438383 0.010948119931882534
2.778535698044566 0.010821102345040393
2.7830832196452935 0.010695353937904706
2.787630741246021 0.010570864740933836
2.7921782628467486 0.010447624828740147
2.796725784447476 0.010325624320330445
2.801273306048204 0.010204853379339306
2.8058208276489314 0.010085302214255536
2.810368349249659 0.00996696107864166
2.8149158708503865 0.009849820271346585
2.819463392451114 0.009733870136711445
2.8240109140518417 0.009619101064768716
2.8285584356525693 0.009505503491434638
2.8331059572532973 0.009393067898695026
2.837653478854025 0.009281784814784517
2.8422010004547524 0.009171644814359238
2.84674852205548 0.009062638518663083
2.8512960436562076 0.008954756595687565
2.855843565256935 0.008847989760325364
2.8603910868576627 0.008742328774517503
2.8649386084583903 0.008637764447394388
2.869486130059118 0.00853428763541065
2.8740336516598455 0.008431889242473846
2.878581173260573 0.008330560220067142
2.8831286948613006 0.008230291567366032
2.887676216462028 0.008131074331349034
2.892223738062756 0.008032899606902604
2.8967712596634834 0.007935758536920178
2.901318781264211 0.007839642312395468
2.9058663028649385 0.007744542172510087
2.9104138244656665 0.007650449404715458
2.914961346066394 0.007557355344809284
2.9195088676671217 0.007465251377006303
2.9240563892678493 0.007374128934003754
2.928603910868577 0.007283979497041347
2.9331514324693044 0.007194794595955914
2.937698954070032 0.007106565809230749
2.9422464756707596 0.0070192847640397835
2.946793997271487 0.0069329431362865155
2.9513415188722147 0.006847532650637879
2.9558890404729423 0.006763045080553059
2.96043656207367 0.006679472248307301
2.9649840836743975 0.006596806025010792
2.969531605275125 0.006515038330622683
2.9740791268758526 0.0064341611339602785
2.97862664847658 0.006354166452703457
2.983174170077308 0.006275046353394456
2.9877216916780354 0.00619679295143293
2.9922692132787634 0.006119398411066488
2.996816734879491 0.0060428549453767095
3.0013642564802185 0.005967154816260643
3.005911778080946 0.005892290334407957
3.0104592996816737 0.005818253859273714
3.0150068212824013 0.005745037799046831
3.019554342883129 0.005672634610614367
3.0241018644838564 0.005601036799521579
3.028649386084584 0.005530236919927856
3.0331969076853116 0.005460227574558656
3.037744429286039 0.005391001414653345
3.0422919508867667 0.005322551139909164
3.0468394724874943 0.005254869498421262
3.051386994088222 0.005187949286618894
3.0559345156889495 0.005121783349197886
3.060482037289677 0.00505636457904926
3.0650295588904046 0.00499168591718436
3.0695770804911326 0.004927740352656195
3.0741246020918602 0.004864520922477357
3.078672123692588 0.004802020711534338
3.0832196452933154 0.004740232852498463
3.087767166894043 0.004679150525733375
3.0923146884947705 0.0046187669591992555
3.096862210095498 0.004559075428353674
3.1014097316962257 0.0045000692560492675
3.1059572532969533 0.0044417418124282045
3.110504774897681 0.004384086514813541
3.1150522964984084 0.004327096827597505
3.119599818099136 0.004270766262126755
3.1241473396998636 0.004215088376584663
3.128694861300591 0.004160056775870702
3.1332423829013187 0.004105665111476961
3.1377899045020463 0.004051907081361829
3.142337426102774 0.0039987764298209496
3.146884947703502 0.003946266947355453
3.1514324693042295 0.003894372470537515
3.155979990904957 0.0038430868818733308
3.1605275125056846 0.003792404109663506
3.165075034106412 0.003742318127860953
3.16962255570714 0.0036928229559263334
3.1741700773078674 0.003643912658681071
3.178717598908595 0.0035955813461580172
3.1832651205093225 0.00354782317344979
3.18781264211005 0.003500632340554863
3.1923601637107777 0.003454003092221426
3.1969076853115053 0.003407929717789079
3.201455206912233 0.0033624065510283905
3.2060027285129604 0.0033174279699784053
3.210550250113688 0.0032729883967820977
3.2150977717144156 0.0032290822975198467
3.219645293315143 0.0031857041820409814
3.224192814915871 0.0031428486037934186
3.2287403365165988 0.00310051015965147
3.2332878581173263 0.003058683489741824
3.237835379718054 0.003017363277267789
3.2423829013187815 0.002976544248331804
3.246930422919509 0.0029362211717562856
3.2514779445202366 0.0028963888589028587
3.256025466120964 0.002857042163489966
3.260572987721692 0.0028181759814089745
3.2651205093224194 0.002779785250538747
3.269668030923147 0.002741864950558781
3.2742155525238745 0.00270441010276091
3.278763074124602 0.002667415769859632
3.2833105957253297 0.0026308770558011074
3.2878581173260573 0.0025947891055708595
3.292405638926785 0.002559147105000199
3.2969531605275124 0.0025239462805714645
3.3015006821282404 0.002489181899222055
3.306048203728968 0.002454849268147343
3.3105957253296956 0.002420943734602471
3.315143246930423 0.002387460685703089
3.3196907685311507 0.0023543955482250817
3.3242382901318783 0.002321743788403276
3.328785811732606 0.0022895009117292384
3.3333333333333335 0.0022576624627481034
3.337880854934061 0.002226224024854579
3.3424283765347886 0.002195181220088071
3.346975898135516 0.0021645297089270123
3.351523419736244 0.002134265190082407
3.3560709413369714 0.002104383400290663
3.360618462937699 0.002074880114105683
3.3651659845384265 0.0020457511436903155
3.369713506139154 0.0020169923386071536
3.3742610277398817 0.001988599585608723
3.3788085493406097 0.001960568808427109
3.3833560709413373 0.0019328959675630518
3.387903592542065 0.0019055770600744993
3.3924511141427924 0.0018786081193647231
3.39699863574352 0.0018519852149699626
3.4015461573442476 0.0018257044523466667
3.406093678944975 0.0017997619726583419
3.4106412005457027 0.001774153952562055
3.4151887221464303 0.0017488766039946003
3.419736243747158 0.0017239261739583794
3.4242837653478855 0.001699298944307012
3.428831286948613 0.0016749912315306994
3.4333788085493406 0.0016509993865413864
3.437926330150068 0.001627319794457736
3.442473851750796 0.001603948874389953
3.4470213733515234 0.0015808830792244698
3.451568894952251 0.0015581188954085306
3.456116416552979 0.001535652842734709
3.4606639381537065 0.0015134814741253738
3.465211459754434 0.0014916013754171058
3.4697589813551617 0.001470009165145149
3.4743065029558893 0.0014487014943278629
3.478854024556617 0.0014276750462512342
3.4834015461573444 0.0014069265362534542
3.487949067758072 0.0013864527115095998
3.4924965893587996 0.001366250350816427
3.497044110959527 0.0013463162643773143
3.5015916325602547 0.0013266472935873643
3.5061391541609823 0.0013072403108186968
3.51068667576171 0.0012880922192059483
3.5152341973624375 0.001269199952432004
3.519781718963165 0.0012505604745139808
3.5243292405638926 0.001232170779589481
3.52887676216462 0.0012140278917031422
3.5334242837653482 0.0011961288645934943
3.537971805366076 0.0011784707814801604
3.5425193269668034 0.0011610507548513898
3.547066848567531 0.0011438659262519863
3.5516143701682585 0.001126913466071604
3.556161891768986 0.0011101905733334671
3.5607094133697137 0.0010936944754835077
3.5652569349704413 0.0010774224281799507
3.569804456571169 0.001061371715083356
3.5743519781718964 0.0010455396476471443
3.578899499772624 0.001029923564908613
3.5834470213733516 0.0010145208332804666
3.587994542974079 0.0009993288463428732
3.5925420645748067 0.0009843450246360662
3.5970895861755343 0.0009695668154534979
3.601637107776262 0.0009549916926355772
3.6061846293769895 0.000940617156363989
3.6107321509777175 0.0009264407329566129
3.615279672578445 0.0009124599746630783
3.6198271941791726 0.0008986724594609186
3.6243747157799002 0.0008850757908524053
3.628922237380628 0.00087166759766201
3.6334697589813554 0.0008584455338345615
3.638017280582083 0.0008454072782340689
3.6425648021828105 0.0008325505344432535
3.647112323783538 0.0008198730305637776
3.6516598453842657 0.0008073725190172068
3.6562073669849933 0.0007950467763466905
3.660754888585721 0.0007828936030193929
3.6653024101864484 0.0007709108232296829
3.669849931787176 0.0007590962847030724
3.6743974533879036 0.0007474478585009459
3.678944974988631 0.0007359634388260704
3.6834924965893587 0.0007246409428288943
3.6880400181900868 0.0007134783104146575
3.6925875397908143 0.0007024735040513196
3.697135061391542 0.0006916245085782978
3.7016825829922695 0.0006809293310160489
3.706230104592997 0.0006703860003764883
3.7107776261937246 0.0006599925674742542
3.715325147794452 0.0006497471047388389
3.71987266939518 0.00063964770602757
3.7244201909959074 0.0006296924864394799
3.728967712596635 0.0006198795821300402
3.7335152341973625 0.0006102071501267954
3.73806275579809 0.0006006733681458839
3.7426102773988177 0.0005912764344094606
3.7471577989995453 0.0005820145674640253
3.751705320600273 0.0005728860059996642
3.7562528422010004 0.0005638890086702142
3.760800363801728 0.0005550218539143453
3.765347885402456 0.0005462828397775784
3.7698954070031836 0.0005376702837352344
3.774442928603911 0.0005291825225163277
3.7789904502046388 0.0005208179119283987
3.7835379718053663 0.0005125748266833056
3.788085493406094 0.0005044516602239598
3.7926330150068215 0.0004964468245520278
3.797180536607549 0.0004885587500565938
3.8017280582082766 0.0004807858853437833
3.806275579809004 0.00047312669706736524
3.810823101409732 0.0004655796697603201
3.8153706230104594 0.0004581433056673898
3.819918144611187 0.0004508161245786026
3.8244656662119145 0.0004435966636637854
3.829013187812642 0.0004364834773080578
3.8335607094133697 0.0004294751369483144
3.8381082310140973 0.0004225702309106979
3.8426557526148253 0.00041576736424906265
3.847203274215553 0.00040906515858443824
3.8517507958162804 0.0004024622519454785
3.856298317417008 0.00039595729860991783
3.8608458390177356 0.00038954896894702123
3.865393360618463 0.00038323594926103783
3.8699408822191907 0.0003770169416356533
3.8744884038199183 0.00037089066377944566
3.879035925420646 0.00036485584887234744
3.8835834470213735 0.0003589112454131053
3.888130968622101 0.00035305561706775254
3.8926784902228286 0.00034728774251908007
3.897226011823556 0.0003416064153171161
3.901773533424284 0.0003360104437306098
3.9063210550250114 0.00033049865059952286
3.910868576625739 0.00032506987318852354
3.9154160982264665 0.00031972296304148574
3.9199636198271945 0.00031445678583699846
3.924511141427922 0.00030927022124487013
3.9290586630286497 0.0003041621627836444
3.9336061846293773 0.00029913151767911486
3.938153706230105 0.0002941772067238428
3.9427012278308324 0.0002892981641376762
3.94724874943156 0.00028449333742926696
3.9517962710322876 0.00027976168725858945
3.956343792633015 0.0002751021873004533
3.9608913142337427 0.00027051382410901416
3.9654388358344703 0.00026599559698327894
3.969986357435198 0.00026154651783360253
3.9745338790359255 0.00025716561104917513
3.979081400636653 0.0002528519133665016
3.9836289222373806 0.0002486044737388646
3.988176443838108 0.00024442235320677573
3.992723965438836 0.0002403046247694084
3.997271487039564 0.00023625037325701145
4.001819008640291 0.0002322586952043056
4.006366530241019 0.0002283286987248483
4.0109140518417465 0.00022445950338638145
4.015461573442474 0.00022065024008714482
4.020009095043202 0.00021690005093316113
4.024556616643929 0.00021320808911648743
4.029104138244657 0.00020957351879442857
4.033651659845384 0.00020599551496971457
4.038199181446112 0.00020247326337163288
4.04274670304684 0.00019900596033811866
4.047294224647567 0.00019559281269879576
4.051841746248295 0.00019223303765896792
4.056389267849022 0.00018892586268455581
4.06093678944975 0.00018567052538797724
4.0654843110504775 0.00018246627341496758
4.070031832651205 0.00017931236433233708
4.074579354251933 0.00017620806551666131
4.07912687585266 0.00017315265404390138
4.083674397453388 0.0001701454165799524
4.088221919054115 0.00016718564927211362
4.092769440654843 0.00016427265764147942
4.0973169622555705 0.00016140575647624578
4.101864483856298 0.00015858426972593093
4.106412005457026 0.00015580753039650321
4.110959527057753 0.00015307488044641606
4.115507048658482 0.00015038567068354275
4.120054570259209 0.00014773926066301301
4.124602091859937 0.00014513501858593765
4.1291496134606644 0.00014257232119902874
4.133697135061392 0.00014005055369510297
4.13824465666212 0.00013756910961447023
4.142792178262847 0.0001351273907471967
4.147339699863575 0.0001327248070362457
4.151887221464302 0.00013036077648148641
4.15643474306503 0.00012803472504456945
4.1609822646657575 0.000125746086554664
4.165529786266485 0.00012349430261505214
4.170077307867213 0.00012127882251057622
4.17462482946794 0.00011909910311593503
4.179172351068668 0.00011695460880482428
4.183719872669395 0.00011484481135991549
4.188267394270123 0.00011276918988367182
4.1928149158708505 0.00011072723070999238
4.197362437471578 0.00010871842731668318
4.201909959072306 0.00010674228023874871
4.206457480673033 0.00010479829698249903
4.211005002273761 0.00010288599194046877
4.215552523874488 0.00010100488630714046
4.220100045475216 9.915450799547067e-05
4.224647567075944 9.733439155421089e-05
4.229195088676671 9.554407808601897e-05
4.233742610277399 9.378311516635598e-05
4.238290131878126 9.205105676316367e-05
4.242837653478854 9.034746315731522e-05
4.2473851750795815 8.867190086383609e-05
4.251932696680309 8.702394255388845e-05
4.256480218281037 8.540316697751315e-05
4.261027739881764 8.38091588871243e-05
4.265575261482492 8.224150896175081e-05
4.27012278308322 8.069981373201885e-05
4.274670304683948 7.918367550587069e-05
4.279217826284675 7.769270229501103e-05
4.283765347885403 7.622650774207915e-05
4.2883128694861306 7.478471104853911e-05
4.292860391086858 7.336693690328205e-05
4.297407912687586 7.197281541193513e-05
4.301955434288313 7.060198202687252e-05
4.306502955889041 6.925407747792123e-05
4.311050477489768 6.792874770375761e-05
4.315597999090496 6.662564378398827e-05
4.320145520691224 6.534442187191097e-05
4.324693042291951 6.408474312794883e-05
4.329240563892679 6.284627365375484e-05
4.333788085493406 6.162868442698029e-05
4.338335607094134 6.0431651236702577e-05
4.3428831286948615 5.925485461950932e-05
4.347430650295589 5.809797979623243e-05
4.351978171896317 5.6960716609330215e-05
4.356525693497044 5.584275946091283e-05
4.361073215097772 5.474380725140742e-05
4.365620736698499 5.366356331886115e-05
4.370168258299227 5.260173537887849e-05
4.3747157798999545 5.155803546519087e-05
4.379263301500682 5.05321798708566e-05
4.38381082310141 4.9523889090090436e-05
4.388358344702137 4.853288776072063e-05
4.392905866302865 4.755890460727452e-05
4.397453387903592 4.660167238469075e-05
4.40200090950432 4.566092782266079e-05
4.406548431105048 4.473641157059917e-05
4.411095952705775 4.382786814324504e-05
4.415643474306503 4.293504586689643e-05
4.42019099590723 4.2057696826280685e-05
4.424738517507959 4.119557681206379e-05
4.429286039108686 4.0348445269003086e-05
4.433833560709414 3.951606524474629e-05
4.4383810823101415 3.869820333928339e-05
4.442928603910869 3.789462965505634e-05
4.447476125511597 3.710511774773178e-05
4.452023647112324 3.632944457764392e-05
4.456571168713052 3.5567390461914124e-05
4.461118690313779 3.4818739027254606e-05
4.465666211914507 3.4083277163463694e-05
4.4702137335152345 3.3360794977620204e-05
4.474761255115962 3.2651085748986155e-05
4.47930877671669 3.195394588462461e-05
4.483856298317417 3.126917487574212e-05
4.488403819918145 3.059657525476421e-05
4.492951341518872 2.9935952553151324e-05
4.4974988631196 2.9287115259964444e-05
4.502046384720328 2.8649874781187937e-05
4.506593906321055 2.8024045399816723e-05
4.511141427921783 2.7409444236715784e-05
4.51568894952251 2.680589121225773e-05
4.520236471123238 2.6213209008744168e-05
4.5247839927239655 2.5631223033616412e-05
4.529331514324693 2.505976138345852e-05
4.533879035925421 2.4498654808796173e-05
4.538426557526148 2.3947736679692135e-05
4.542974079126876 2.3406842952139124e-05
4.547521600727603 2.287581213524779e-05
4.552069122328331 2.2354485259227125e-05
4.5566166439290585 2.184270584415176e-05
4.561164165529786 2.1340319869509487e-05
4.565711687130514 2.0847175744519468e-05
4.570259208731241 2.036312427920956e-05
4.574806730331969 1.9888018656239148e-05
4.579354251932697 1.9421714403450635e-05
4.583901773533425 1.8964069367131244e-05
4.5884492951341525 1.851494368596193e-05
4.59299681673488 1.8074199765630385e-05
4.597544338335608 1.7641702254079462e-05
4.602091859936335 1.721731801736089e-05
4.606639381537063 1.6800916116060587e-05
4.61118690313779 1.6392367782259117e-05
4.615734424738518 1.5991546396987378e-05
4.6202819463392455 1.5598327468135086e-05
4.624829467939973 1.5212588608766046e-05
4.629376989540701 1.4834209515791629e-05
4.633924511141428 1.4463071948950836e-05
4.638472032742156 1.4099059710042564e-05
4.643019554342883 1.3742058622352945e-05
4.647567075943611 1.3391956510218327e-05
4.6521145975443385 1.3048643178661981e-05
4.656662119145066 1.2712010393040637e-05
4.661209640745794 1.2381951858634893e-05
4.665757162346521 1.2058363200116248e-05
4.670304683947249 1.1741141940821989e-05
4.674852205547976 1.14301874817683e-05
4.679399727148704 1.1125401080331234e-05
4.683947248749432 1.08266858285251e-05
4.688494770350159 1.0533946630808045e-05
4.693042291950887 1.024709018134476e-05
4.697589813551614 9.966024940658045e-06
4.702137335152342 9.69066111160175e-06
4.7066848567530695 9.420910614590017e-06
4.711232378353797 9.15668706202037e-06
4.715779899954525 8.897905731830712e-06
4.720327421555252 8.644483540134544e-06
4.72487494315598 8.396339012882217e-06
4.729422464756707 8.153392256500967e-06
4.733969986357435 7.915564927471576e-06
4.738517507958163 7.682780200805154e-06
4.743065029558891 7.454962737389997e-06
4.7476125511596186 7.2320386501842786e-06
4.752160072760346 7.013935469239127e-06
4.756707594361074 6.800582105542598e-06
4.761255115961801 6.591908813684239e-06
4.765802637562529 6.387847153347919e-06
4.770350159163256 6.1883299496495275e-06
4.774897680763984 5.993291252345367e-06
4.779445202364712 5.802666293946308e-06
4.783992723965439 5.616391446782387e-06
4.788540245566167 5.434404179072509e-06
4.793087767166894 5.256643010063299e-06
4.797635288767622 5.083047464311513e-06
4.8021828103683495 4.9135580251937795e-06
4.806730331969077 4.7481160877374175e-06
4.811277853569805 4.586663910875363e-06
4.815825375170532 4.429144569237612e-06
4.82037289677126 4.275501904600182e-06
4.824920418371987 4.125680477121281e-06
4.829467939972715 3.979625516502056e-06
4.8340154615734425 3.8372828732166385e-06
4.83856298317417 3.698598969962823e-06
4.843110504774898 3.563520753490583e-06
4.847658026375625 3.4319956469706362e-06
4.852205547976353 3.3039715030693903e-06
4.85675306957708 3.1793965578998473e-06
4.861300591177808 3.058219386020082e-06
4.865848112778536 2.940388856652119e-06
4.870395634379263 2.8258540912938983e-06
4.874943155979991 2.7145644228958383e-06
4.879490677580718 2.6064693567711864e-06
4.884038199181446 2.5015185334056304e-06
4.8885857207821735 2.399661693326975e-06
4.893133242382902 2.300848644189459e-06
4.8976807639836295 2.2050292302203666e-06
4.902228285584357 2.112153304167545e-06
4.906775807185085 2.0221707018776996e-06
4.911323328785812 1.935031219623748e-06
4.91587085038654 1.8506845942883247e-06
4.920418371987267 1.7690804864974388e-06
4.924965893587995 1.6901684667847046e-06
4.9295134151887225 1.6138980048519289e-06
4.93406093678945 1.5402184619765924e-06
4.938608458390178 1.4690790866007488e-06
4.943155979990905 1.4004290131194237e-06
4.947703501591633 1.3342172638696575e-06
4.95225102319236 1.270392754304153e-06
4.956798544793088 1.2089043013161294e-06
4.961346066393816 1.1497006346645661e-06
4.965893587994543 1.0927304114317588e-06
4.970441109595271 1.03794223342805e-06
4.974988631195998 9.852846674419336e-07
4.979536152796726 9.34706268217557e-07
4.9840836743974535 8.861556040261686e-07
4.988631195998181 8.395812846832902e-07
4.993178717598909 7.949319918495708e-07
4.997726239199636 7.521565114404302e-07
5.002273760800364 7.112037679579119e-07
