-1.5 0.004329893301722518
-1.49 0.005082927526944229
-1.48 0.005927608062107187
-1.47 0.006868697416015678
-1.46 0.00791043256550717
-1.45 0.009056479329215137
-1.44 0.010309905843166219
-1.43 0.011673175439278791
-1.42 0.013148158195969374
-1.41 0.014736159493495469
-1.4000000000000001 0.01643796312767798
-1.3900000000000001 0.018253885959593145
-1.3800000000000001 0.02018384073121254
-1.37 0.022227403562873747
-1.36 0.024383882754020696
-1.35 0.026652385804274238
-1.34 0.029031882016628718
-1.33 0.03152125859100714
-1.32 0.03411936871551905
-1.31 0.03682507076821618
-1.3 0.039637258313687106
-1.29 0.04255488108463444
-1.28 0.04557695755639437
-1.27 0.04870258003969639
-1.26 0.05193091343036931
-1.25 0.05526118886845313
-1.24 0.058692693583560794
-1.23 0.062224758152781
-1.22 0.065856742288701
-1.21 0.06958802012570366
-1.2 0.07341796579934422
-1.19 0.07734593993141078
-1.18 0.08137127745487831
-1.17 0.08549327704824708
-1.16 0.08971119230470129
-1.1500000000000001 0.09402422464232141
-1.1400000000000001 0.09843151786900223
-1.1300000000000001 0.10293215424940567
-1.12 0.10752515187932396
-1.11 0.11220946315215317
-1.1 0.11698397409909958
-1.09 0.12184750439523705
-1.08 0.12679880784369815
-1.07 0.13183657317648356
-1.06 0.13695942503948036
-1.05 0.14216592505874545
-1.04 0.1474545729129759
-1.03 0.1528238073620355
-1.02 0.1582720072025969
-1.01 0.16379749213906838
-1.0 0.16939852357100013
-0.99 0.1750733053073855
-0.98 0.1808199842241575
-0.97 0.18663665088426856
-0.96 0.19252134014062813
-0.9500000000000001 0.19847203174142555
-0.9400000000000001 0.20448665095550395
-0.93 0.21056306923291707
-0.92 0.21669910491295022
-0.91 0.22289252398902204
-0.9 0.2291410409371549
-0.89 0.23544231961228815
-0.88 0.24179397421464802
-0.87 0.24819357032670827
-0.86 0.25463862601998033
-0.85 0.2611266130299157
-0.84 0.26765495799655414
-0.8300000000000001 0.2742210437681357
-0.8200000000000001 0.28082221076469055
-0.81 0.28745575839855214
-0.8 0.294118946548774
-0.79 0.30080899708654063
-0.78 0.3075230954487877
-0.77 0.3142583922574182
-0.76 0.32101200498163385
-0.75 0.327781019641048
-0.74 0.3345624925473601
-0.73 0.3413534520824645
-0.72 0.3481509005109461
-0.71 0.35495181582495583
-0.7000000000000001 0.36175315361949756
-0.6900000000000001 0.3685518489961807
-0.68 0.37534481849348555
-0.67 0.38212896204159386
-0.66 0.38890116493983423
-0.65 0.3956582998547602
-0.64 0.4023972288368954
-0.63 0.40911480535413824
-0.62 0.41580787633983496
-0.61 0.42247328425350356
-0.6 0.42910786915220483
-0.59 0.43570847077054253
-0.58 0.4422719306072928
-0.5700000000000001 0.4487950940166599
-0.56 0.45527481230217676
-0.55 0.46170794481128774
-0.54 0.46809136102864773
-0.53 0.4744219426662304
-0.52 0.48069658574833185
-0.51 0.48691220268959706
-0.5 0.49306572436422375
-0.49 0.49915410216453765
-0.48 0.5051743100471467
-0.47000000000000003 0.5111233465649359
-0.46 0.5169982368831957
-0.45 0.5227960347782049
-0.44 0.5285138246166392
-0.43 0.5341487233142086
-0.42 0.5396978822719675
-0.41000000000000003 0.5451584892887936
-0.4 0.550527770448547
-0.39 0.555802991980492
-0.38 0.5609814620915917
-0.37 0.5660605327693257
-0.36 0.5710376015537318
-0.35000000000000003 0.5759101132774112
-0.34 0.5806755617722824
-0.33 0.5853314915419102
-0.32 0.5898754993982752
-0.31 0.5943052360619081
-0.3 0.5986184077243238
-0.29 0.6028127775717774
-0.28 0.6068861672693558
-0.27 0.6108364584045051
-0.26 0.6146615938890999
-0.25 0.6183595793192247
-0.24 0.6219284842918608
-0.23 0.6253664436777211
-0.22 0.6286716588495092
-0.21 0.6318423988649126
-0.2 0.6348770016036879
-0.19 0.6377738748582157
-0.18 0.6405314973769508
-0.17 0.6431484198602235
-0.16 0.6456232659078721
-0.15 0.6479547329182394
-0.14 0.6501415929380686
-0.13 0.652182693462901
-0.12 0.6540769581875647
-0.11 0.6558233877064162
-0.1 0.6574210601629881
-0.09 0.6588691318487541
-0.08 0.6601668377507234
-0.07 0.6613134920476205
-0.06 0.6623084885544296
-0.05 0.6631513011150943
-0.04 0.6638414839432127
-0.03 0.6643786719105611
-0.02 0.6647625807833405
-0.01 0.6649930074060169
0.0 0.6650698298327061
0.01 0.664993007406017
0.02 0.66476258078334
0.03 0.6643786719105611
0.04 0.663841483943212
0.05 0.663151301115094
0.06 0.6623084885544297
0.07 0.6613134920476204
0.08 0.6601668377507233
0.09 0.6588691318487541
0.1 0.6574210601629881
0.11 0.6558233877064155
0.12 0.6540769581875645
0.13 0.6521826934629005
0.14 0.6501415929380685
0.15 0.6479547329182385
0.16 0.6456232659078721
0.17 0.6431484198602233
0.18 0.6405314973769508
0.19 0.6377738748582154
0.2 0.6348770016036875
0.21 0.6318423988649118
0.22 0.6286716588495083
0.23 0.6253664436777208
0.24 0.6219284842918602
0.25 0.618359579319224
0.26 0.6146615938890992
0.27 0.6108364584045046
0.28 0.6068861672693553
0.29 0.6028127775717771
0.3 0.5986184077243237
0.31 0.5943052360619077
0.32 0.5898754993982749
0.33 0.5853314915419091
0.34 0.5806755617722822
0.35000000000000003 0.5759101132774108
0.36 0.5710376015537312
0.37 0.5660605327693252
0.38 0.5609814620915908
0.39 0.5558029919804911
0.4 0.5505277704485461
0.41000000000000003 0.5451584892887933
0.42 0.5396978822719671
0.43 0.5341487233142079
0.44 0.5285138246166388
0.45 0.5227960347782042
0.46 0.5169982368831949
0.47000000000000003 0.5111233465649352
0.48 0.5051743100471462
0.49 0.49915410216453737
0.5 0.49306572436422325
0.51 0.4869122026895963
0.52 0.48069658574833146
0.53 0.4744219426662301
0.54 0.46809136102864685
0.55 0.4617079448112873
0.56 0.4552748123021766
0.5700000000000001 0.4487950940166593
0.58 0.44227193060729236
0.59 0.43570847077054226
0.6 0.42910786915220434
0.61 0.42247328425350306
0.62 0.4158078763398346
0.63 0.4091148053541378
0.64 0.40239722883689516
0.65 0.39565829985475987
0.66 0.38890116493983357
0.67 0.3821289620415937
0.68 0.37534481849348533
0.6900000000000001 0.36855184899618043
0.7000000000000001 0.36175315361949745
0.71 0.35495181582495544
0.72 0.3481509005109461
0.73 0.34135345208246404
0.74 0.3345624925473601
0.75 0.32778101964104783
0.76 0.3210120049816336
0.77 0.31425839225741814
0.78 0.30752309544878775
0.79 0.30080899708654046
0.8 0.29411894654877396
0.81 0.28745575839855186
0.8200000000000001 0.28082221076469055
0.8300000000000001 0.2742210437681356
0.84 0.2676549579965542
0.85 0.2611266130299158
0.86 0.2546386260199804
0.87 0.24819357032670833
0.88 0.24179397421464782
0.89 0.2354423196122879
0.9 0.2291410409371548
0.91 0.2228925239890221
0.92 0.21669910491295025
0.93 0.21056306923291698
0.9400000000000001 0.2044866509555041
0.9500000000000001 0.19847203174142536
0.96 0.19252134014062808
0.97 0.18663665088426865
0.98 0.18081998422415738
0.99 0.1750733053073854
1.0 0.16939852357100005
1.01 0.16379749213906827
1.02 0.1582720072025968
1.03 0.15282380736203538
1.04 0.1474545729129759
1.05 0.1421659250587455
1.06 0.13695942503948033
1.07 0.13183657317648348
1.08 0.12679880784369815
1.09 0.1218475043952371
1.1 0.1169839740990997
1.11 0.11220946315215322
1.12 0.10752515187932395
1.1300000000000001 0.1029321542494057
1.1400000000000001 0.09843151786900226
1.1500000000000001 0.09402422464232146
1.16 0.0897111923047012
1.17 0.08549327704824716
1.18 0.08137127745487834
1.19 0.07734593993141081
1.2 0.07341796579934422
1.21 0.0695880201257037
1.22 0.06585674228870102
1.23 0.062224758152781064
1.24 0.05869269358356087
1.25 0.05526118886845316
1.26 0.05193091343036933
1.27 0.04870258003969643
1.28 0.045576957556394376
1.29 0.042554881084634455
1.3 0.03963725831368711
1.31 0.0368250707682162
1.32 0.03411936871551908
1.33 0.0315212585910072
1.34 0.02903188201662875
1.35 0.026652385804274252
1.36 0.02438388275402073
1.37 0.022227403562873747
1.3800000000000001 0.020183840731212557
1.3900000000000001 0.018253885959593177
1.4000000000000001 0.016437963127677983
1.41 0.014736159493495476
1.42 0.013148158195969381
1.43 0.011673175439278809
1.44 0.010309905843166229
1.45 0.00905647932921515
1.46 0.00791043256550718
1.47 0.0068686974160156854
1.48 0.005927608062107189
1.49 0.005082927526944236
1.5 0.004329893301722521
