-5.002501250625312 2.1034120273717663e-15
-4.997498749374687 2.2484943577543193e-15
-4.992496248124062 2.4034233124842217e-15
-4.987493746873437 2.5688559681292487e-15
-4.982491245622811 2.7454924775038716e-15
-4.977488744372186 2.9340788413840335e-15
-4.972486243121561 3.135409855083223e-15
-4.967483741870935 3.3503322406930523e-15
-4.96248124062031 3.5797479764444605e-15
-4.957478739369685 3.824617835337327e-15
-4.9524762381190595 4.0859651459171554e-15
-4.947473736868434 4.3648797888539035e-15
-4.942471235617809 4.662522443797734e-15
-4.937468734367183 4.980129101855498e-15
-4.932466233116558 5.319015859951311e-15
-4.927463731865933 5.680584014308478e-15
-4.9224612306153075 6.066325471319442e-15
-4.917458729364682 6.477828495161434e-15
-4.912456228114057 6.916783812669637e-15
-4.907453726863432 7.384991097199971e-15
-4.902451225612806 7.884365854506366e-15
-4.897448724362181 8.416946735022931e-15
-4.8924462231115555 8.984903298390428e-15
-4.88744372186093 9.590544257591625e-15
-4.882441220610305 1.0236326231682288e-14
-4.87743871935968 1.0924863037813767e-14
-4.872436218109055 1.1658935555053213e-14
-4.867433716858429 1.2441502194421955e-14
-4.862431215607804 1.3275710011594924e-14
-4.857428714357178 1.4164906500846866e-14
-4.852426213106553 1.5112652111089144e-14
-4.847423711855928 1.612273352723616e-14
-4.842421210605303 1.719917776266637e-14
-4.837418709354677 1.8346267111216872e-14
-4.832416208104052 1.9568555009971625e-14
-4.827413706853426 2.0870882867094067e-14
-4.822411205602801 2.2258397912100696e-14
-4.817408704352176 2.373657212931285e-14
-4.812406203101551 2.531122233874036e-14
-4.807403701850926 2.6988531492373122e-14
-4.8024012006003 2.8775071257786765e-14
-4.7973986993496744 3.067782596511645e-14
-4.792396198099049 3.27042179978474e-14
-4.787393696848424 3.486213471248657e-14
-4.782391195597799 3.715995697708667e-14
-4.777388694347174 3.960658942374621e-14
-4.7723861930965485 4.2211492515670643e-14
-4.7673836918459225 4.498471653513103e-14
-4.762381190595297 4.7936937604738256e-14
-4.757378689344672 5.107949586087112e-14
-4.752376188094047 5.44244359048594e-14
-4.747373686843422 5.798454966468352e-14
-4.742371185592797 6.177342180748926e-14
-4.7373686843421705 6.580547785118485e-14
-4.732366183091545 7.009603513177606e-14
-4.72736368184092 7.466135679198823e-14
-4.722361180590295 7.951870896603588e-14
-4.71735867933967 8.468642134530963e-14
-4.712356178089045 9.018395132012688e-14
-4.707353676838419 9.603195190369508e-14
-4.702351175587793 1.0225234365599653e-13
-4.697348674337168 1.0886839083752815e-13
-4.692346173086543 1.1590478203571356e-13
-4.687343671835918 1.2338771552035795e-13
-4.682341170585293 1.3134498959886852e-13
-4.6773386693346675 1.3980609825703274e-13
-4.672336168084042 1.4880233238707243e-13
-4.667333666833416 1.583668869214608e-13
-4.662331165582791 1.6853497420866902e-13
-4.657328664332166 1.7934394398566284e-13
-4.652326163081541 1.908334103215621e-13
-4.6473236618309155 2.0304538592763034e-13
-4.64232116058029 2.1602442425051096e-13
-4.637318659329665 2.2981776978863986e-13
-4.632316158079039 2.444755170959548e-13
-4.627313656828414 2.6005077896248395e-13
-4.622311155577789 2.7659986428835123e-13
-4.6173086543271635 2.9418246619587804e-13
-4.612306153076538 3.128618609543815e-13
-4.607303651825913 3.3270511832357614e-13
-4.602301150575287 3.5378332395453684e-13
-4.597298649324662 3.7617181452193566e-13
-4.592296148074037 3.999504262979791e-13
-4.587293646823412 4.2520375791687434e-13
-4.582291145572786 4.5202144811937767e-13
-4.577288644322161 4.804984693096042e-13
-4.572286143071536 5.107354378012855e-13
-4.56728364182091 5.428389416779439e-13
-4.562281140570285 5.769218872412218e-13
-4.55727863931966 6.131038650741116e-13
-4.552276138069034 6.515115368007435e-13
-4.547273636818409 6.92279043682578e-13
-4.542271135567784 7.355484382517378e-13
-4.537268634317159 7.814701402464168e-13
-4.532266133066533 8.302034181808042e-13
-4.527263631815908 8.819168979528473e-13
-4.5222611305652824 9.367890999680784e-13
-4.517258629314657 9.950090063358118e-13
-4.512256128064032 1.056776659776935e-12
-4.507253626813407 1.1223037959691014e-12
-4.502251125562781 1.1918145111463124e-12
-4.497248624312156 1.265545966865835e-12
-4.4922461230615305 1.3437491339562758e-12
-4.487243621810905 1.4266895777662624e-12
-4.48224112056028 1.5146482869448677e-12
-4.477238619309655 1.6079225481015481e-12
-4.47223611805903 1.7068268688166308e-12
-4.467233616808404 1.8116939516021586e-12
-4.4622311155577785 1.9228757215488227e-12
-4.457228614307153 2.0407444105372743e-12
-4.452226113056528 2.1656937010415427e-12
-4.447223611805903 2.2981399327097212e-12
-4.442221110555278 2.438523375072238e-12
-4.437218609304653 2.587309569901419e-12
-4.4322161080540265 2.7449907469279522e-12
-4.427213606803401 2.9120873168112706e-12
-4.422211105552776 3.0891494454617924e-12
-4.417208604302151 3.2767587140229045e-12
-4.412206103051526 3.47552986904273e-12
-4.407203601800901 3.686112667597247e-12
-4.402201100550275 3.909193822370219e-12
-4.397198599299649 4.145499051950788e-12
-4.392196098049024 4.395795241878899e-12
-4.387193596798399 4.660892722248556e-12
-4.382191095547774 4.9416476679761274e-12
-4.377188594297149 5.238964628149351e-12
-4.3721860930465235 5.553799191198777e-12
-4.367183591795897 5.88716079297362e-12
-4.362181090545272 6.2401156751619285e-12
-4.357178589294647 6.6137900018703966e-12
-4.352176088044022 7.009373142571096e-12
-4.347173586793397 7.428121130036702e-12
-4.3421710855427715 7.871360302316144e-12
-4.337168584292146 8.340491138257471e-12
-4.33216608304152 8.836992296558996e-12
-4.327163581790895 9.362424868827424e-12
-4.32216108054027 9.918436857645763e-12
-4.317158579289645 1.0506767891197583e-11
-4.31215607803902 1.1129254186570302e-11
-4.307153576788394 1.1787833774459891e-11
-4.302151075537768 1.248455199862816e-11
-4.297148574287143 1.3221567304123481e-11
-4.292146073036518 1.4001157328968793e-11
-4.287143571785893 1.482572531473898e-11
-4.282141070535268 1.5697806852213665e-11
-4.277138569284642 1.6620076979080656e-11
-4.272136068034017 1.7595357647498712e-11
-4.267133566783391 1.8626625580198348e-11
-4.262131065532766 1.9717020534707493e-11
-4.257128564282141 2.0869853996250915e-11
-4.252126063031516 2.2088618320859284e-11
-4.2471235617808905 2.3376996351280163e-11
-4.242121060530265 2.473887152937026e-11
-4.23711855927964 2.617833852979729e-11
-4.232116058029014 2.7699714441075578e-11
-4.227113556778389 2.930755052121413e-11
-4.222111055527764 3.100664455657263e-11
-4.2171085542771385 3.280205385388252e-11
-4.212106053026513 3.4699108896839084e-11
-4.207103551775888 3.670342770016392e-11
-4.202101050525263 3.8820930895610875e-11
-4.197098549274637 4.10578575860335e-11
-4.192096048024012 4.342078200534556e-11
-4.1870935467733865 4.5916631024011943e-11
-4.182091045522761 4.855270254157205e-11
-4.177088544272136 5.1336684809677625e-11
-4.172086043021511 5.427667673116851e-11
-4.167083541770885 5.7381209182862117e-11
-4.16208104052026 6.065926741197159e-11
-4.1570785392696346 6.412031455842192e-11
-4.152076038019009 6.777431635776686e-11
-4.147073536768384 7.163176708198551e-11
-4.142071035517759 7.57037167781061e-11
-4.137068534267134 8.000179986739817e-11
-4.132066033016508 8.453826517079621e-11
-4.127063531765883 8.932600742926469e-11
-4.122061030515257 9.437860039101203e-11
-4.117058529264632 9.971033154076316e-11
-4.112056028014007 1.0533623854980058e-10
-4.107053526763382 1.1127214752909786e-10
-4.102051025512757 1.1753471317165973e-10
-4.097048524262131 1.241414608741379e-10
-4.092046023011505 1.3111083093191398e-10
-4.08704352176088 1.384622249061744e-10
-4.082041020510255 1.4621605426595622e-10
-4.07703851925963 1.5439379141287867e-10
-4.072036018009005 1.6301802320115306e-10
-4.067033516758379 1.7211250707057747e-10
-4.0620310155077535 1.8170222991554888e-10
-4.057028514257128 1.9181346981871772e-10
-4.052026013006503 2.0247386078366533e-10
-4.047023511755878 2.1371246060708595e-10
-4.042021010505253 2.2555982203723668e-10
-4.037018509254628 2.3804806737202357e-10
-4.0320160080040015 2.512109666569485e-10
-4.027013506753376 2.6508401965028897e-10
-4.022011005502751 2.797045417304e-10
-4.017008504252126 2.9511175392772535e-10
-4.012006003001501 3.113468772722984e-10
-4.007003501750876 3.284532316559235e-10
-4.00200100050025 3.464763394170504e-10
-3.996998499249625 3.6546403386555263e-10
-3.991995997998999 3.854665729741642e-10
-3.986993496748374 4.0653675847333547e-10
-3.981990995497749 4.287300605966317e-10
-3.9769884942471236 4.5210474873462194e-10
-3.971985992996498 4.767220282665023e-10
-3.966983491745873 5.02646183850406e-10
-3.9619809904952477 5.299447294656385e-10
-3.956978489244622 5.586885655127298e-10
-3.951975987993997 5.889521432905212e-10
-3.9469734867433717 6.20813637183319e-10
-3.941970985492746 6.543551249054567e-10
-3.936968484242121 6.896627761656155e-10
-3.9319659829914957 7.268270501288657e-10
-3.9269634817408705 7.659429020705197e-10
-3.921960980490245 8.071099996327955e-10
-3.9169584792396197 8.504329491128853e-10
-3.9119559779889945 8.960215322292601e-10
-3.906953476738369 9.43990953831981e-10
-3.9019509754877437 9.944621010426894e-10
-3.8969484742371185 1.0475618143304295e-09
-3.891945972986493 1.1034231710508622e-09
-3.8869434717358677 1.1621857819986364e-09
-3.8819409704852426 1.223996101545993e-09
-3.8769384692346174 1.2890077519644516e-09
-3.8719359679839918 1.3573818625517169e-09
-3.8669334667333666 1.4292874242117363e-09
-3.8619309654827414 1.5049016601630892e-09
-3.8569284642321158 1.58441041347872e-09
-3.8519259629814906 1.6680085521894355e-09
-3.8469234617308654 1.7559003927139421e-09
-3.8419209604802402 1.8483001424095373e-09
-3.8369184592296146 1.945432362070559e-09
-3.8319159579789894 2.0475324492355724e-09
-3.8269134567283642 2.154847143199876e-09
-3.8219109554777386 2.2676350526662623e-09
-3.8169084542271134 2.3861672070054602e-09
-3.8119059529764883 2.5107276321372834e-09
-3.8069034517258626 2.6416139520844004e-09
-3.8019009504752375 2.779138017293594e-09
-3.7968984492246123 2.923626560863821e-09
-3.791895947973987 3.0754218838660745e-09
-3.7868934467233615 3.234882570988241e-09
-3.7818909454727363 3.402384237787469e-09
-3.776888444222111 3.5783203108843756e-09
-3.7718859429714855 3.7631028424864605e-09
-3.7668834417208603 3.957163360683768e-09
-3.761880940470235 4.1609537570176086e-09
-3.7568784392196095 4.374947212882183e-09
-3.7518759379689843 4.599639166381457e-09
-3.746873436718359 4.835548321327756e-09
-3.741870935467734 5.0832177001347236e-09
-3.7368684342171083 5.343215742426931e-09
-3.731865932966483 5.616137451259461e-09
-3.726863431715858 5.902605588915871e-09
-3.7218609304652324 6.203271924328653e-09
-3.716858429214607 6.51881853424732e-09
-3.711855927963982 6.849959160361461e-09
-3.7068534267133564 7.197440624671525e-09
-3.701850925462731 7.562044305489304e-09
-3.696848424212106 7.944587676542278e-09
-3.691845922961481 8.345925911750764e-09
-3.686843421710855 8.766953558346056e-09
-3.68184092046023 9.208606281099873e-09
-3.676838419209605 9.671862680541896e-09
-3.6718359179589792 1.0157746188150912e-08
-3.666833416708354 1.0667327041619752e-08
-3.661830915457729 1.120172434341199e-08
-3.6568284142071033 1.1762108205948995e-08
-3.651825912956478 1.2349701986893324e-08
-3.646823411705853 1.2965784618125242e-08
-3.6418209104552277 1.361169303214249e-08
-3.636818409204602 1.4288824689755843e-08
-3.631815907953977 1.4998640213095184e-08
-3.6268134067033517 1.574266612809368e-08
-3.621810905452726 1.6522497720768833e-08
-3.616808404202101 1.733980201178282e-08
-3.6118059029514757 1.819632085392905e-08
-3.60680340170085 1.9093874157362726e-08
-3.601800900450225 2.0034363247571457e-08
-3.5967983991995998 2.1019774361265964e-08
-3.5917958979489746 2.2052182285558593e-08
-3.586793396698349 2.313375414599526e-08
-3.5817908954477238 2.4266753349208194e-08
-3.5767883941970986 2.5453543686167445e-08
-3.571785892946473 2.6696593602223303e-08
-3.566783391695848 2.7998480640357875e-08
-3.5617808904452226 2.93618960642953e-08
-3.556778389194597 3.078964966835598e-08
-3.551775887943972 3.228467478119009e-08
-3.5467733866933466 3.385003347078087e-08
-3.5417708854427215 3.548892195836716e-08
-3.536768384192096 3.720467624921172e-08
-3.5317658829414706 3.90007779884189e-08
-3.5267633816908455 4.088086055029856e-08
-3.52176088044022 4.2848715370067716e-08
-3.5167583791895947 4.490829852699392e-08
-3.5117558779389695 4.706373758840485e-08
-3.506753376688344 4.9319338724310865e-08
-3.5017508754377187 5.167959410273348e-08
-3.4967483741870935 5.414918957618225e-08
-3.4917458729364683 5.6733012670079254e-08
-3.4867433716858427 5.943616088430923e-08
-3.4817408704352175 6.226395031945343e-08
-3.4767383691845923 6.522192463966835e-08
-3.4717358679339667 6.831586438456957e-08
-3.4667333666833415 7.155179664291164e-08
-3.4617308654327164 7.493600510128977e-08
-3.4567283641820907 7.847504048152857e-08
-3.4517258629314655 8.217573138089491e-08
-3.4467233616808404 8.604519552974631e-08
-3.441720860430215 9.009085148171208e-08
-3.4367183591795896 9.432043075201546e-08
-3.4317158579289644 9.874199042006389e-08
-3.426713356678339 1.0336392621297656e-07
-3.4217108554277136 1.0819498608725799e-07
-3.4167083541770884 1.1324428432641353e-07
-3.4117058529264632 1.1852131617287741e-07
-3.406703351675838 1.2403597301323091e-07
-3.4017008504252124 1.297985581363111e-07
-3.3966983491745872 1.3581980308444874e-07
-3.391695847923962 1.4211088461873898e-07
-3.3866933466733364 1.4868344231991735e-07
-3.3816908454227113 1.555495968471143e-07
-3.376688344172086 1.627219688774923e-07
-3.3716858429214605 1.7021369875048433e-07
-3.3666833416708353 1.7803846684113137e-07
-3.36168084042021 1.8621051468780095e-07
-3.356678339169585 1.9474466690034948e-07
-3.3516758379189593 2.0365635387564566e-07
-3.346673336668334 2.1296163534820052e-07
-3.341670835417709 2.2267722480454593e-07
-3.3366683341670833 2.3282051479087498e-07
-3.331665832916458 2.4340960314439823e-07
-3.326663331665833 2.5446332017983017e-07
-3.3216608304152073 2.6600125686335546e-07
-3.316658329164582 2.780437940074706e-07
-3.311655827913957 2.906121325211073e-07
-3.306653326663332 3.037283247504858e-07
-3.301650825412706 3.174153069472619e-07
-3.296648324162081 3.3169693290161906e-07
-3.291645822911456 3.465980087791343e-07
-3.28664332166083 3.62144329201376e-07
-3.281640820410205 3.7836271461143354e-07
-3.27663831915958 3.9528104996682937e-07
-3.271635817908954 4.129283248034728e-07
-3.266633316658329 4.3133467471568334e-07
-3.261630815407704 4.505314242986306e-07
-3.2566283141570787 4.705511316008849e-07
-3.251625812906453 4.914276341361992e-07
-3.246623311655828 5.131960965051097e-07
-3.2416208104052027 5.358930596783677e-07
-3.236618309154577 5.595564919957941e-07
-3.231615807903952 5.842258419356284e-07
-3.2266133066533267 6.099420927111501e-07
-3.221610805402701 6.367478187528511e-07
-3.216608304152076 6.646872441361981e-07
-3.2116058029014507 6.938063030167571e-07
-3.2066033016508255 7.241527021361103e-07
-3.2016008004002 7.557759854638949e-07
-3.1965982991495747 7.887276010430797e-07
-3.1915957978989495 8.23060970107523e-07
-3.186593296648324 8.588315585427305e-07
-3.1815907953976987 8.960969507627644e-07
-3.1765882941470736 9.349169260782637e-07
-3.171585792896448 9.753535376325842e-07
-3.1665832916458228 1.0174711939851965e-06
-3.1615807903951976 1.0613367434237012e-06
-3.1565782891445724 1.1070195610879287e-06
-3.1515757878939468 1.1545916389919788e-06
-3.1465732866433216 1.204127679032244e-06
-3.1415707853926964 1.2557051890720295e-06
-3.136568284142071 1.3094045821955424e-06
-3.1315657828914456 1.365309279226711e-06
-3.1265632816408204 1.423505814610802e-06
-3.121560780390195 1.4840839457592316e-06
-3.1165582791395696 1.547136765960798e-06
-3.1115557778889444 1.6127608209652032e-06
-3.1065532766383193 1.6810562293473953e-06
-3.1015507753876936 1.7521268067642208e-06
-3.0965482741370685 1.8260801942176192e-06
-3.0915457728864433 1.903027990441696e-06
-3.0865432716358177 1.983085888533744e-06
-3.0815407703851925 2.0663738169526013e-06
-3.0765382691345673 2.1530160850107215e-06
-3.0715357678839417 2.243141532989488e-06
-3.0665332666333165 2.336883687010574e-06
-3.0615307653826913 2.434380918799561e-06
-3.056528264132066 2.535776610481177e-06
-3.0515257628814405 2.641219324549167e-06
-3.0465232616308153 2.7508629791571397e-06
-3.04152076038019 2.864867028880497e-06
-3.0365182591295645 2.9833966511029386e-06
-3.0315157578789393 3.106622938184864e-06
-3.026513256628314 3.2347230955750013e-06
-3.0215107553776885 3.3678806460297985e-06
-3.0165082541270634 3.5062856401097172e-06
-3.011505752876438 3.650134873125184e-06
-3.006503251625813 3.7996321087089247e-06
-3.0015007503751874 3.954988309195798e-06
-2.996498249124562 4.116421872995189e-06
-2.991495747873937 4.284158879145449e-06
-2.9864932466233114 4.4584333392441025e-06
-2.981490745372686 4.639487456951825e-06
-2.976488244122061 4.82757189527314e-06
-2.971485742871436 5.022946051820552e-06
-2.9664832416208102 5.225878342274296e-06
-2.961480740370185 5.43664649225377e-06
-2.95647823911956 5.655537837822327e-06
-2.9514757378689342 5.88284963485099e-06
-2.946473236618309 6.1188893774723165e-06
-2.941470735367684 6.363975125860408e-06
-2.9364682341170583 6.618435843577809e-06
-2.931465732866433 6.882611744735382e-06
-2.926463231615808 7.156854651216891e-06
-2.9214607303651827 7.441528360224077e-06
-2.916458229114557 7.737009022404916e-06
-2.911455727863932 8.043685530831528e-06
-2.9064532266133067 8.36195992110133e-06
-2.901450725362681 8.69224778283898e-06
-2.896448224112056 9.034978682883373e-06
-2.8914457228614308 9.39059660044933e-06
-2.886443221610805 9.759560374559146e-06
-2.88144072036018 1.0142344164044969e-05
-2.8764382191095548 1.0539437920429605e-05
-2.8714357178589296 1.0951347873997907e-05
-2.866433216608304 1.1378597033378428e-05
-2.861430715357679 1.1821725698959686e-05
-2.8564282141070536 1.2281291990472885e-05
-2.851425712856428 1.2757872389077866e-05
-2.846423211605803 1.325206229429583e-05
-2.8414207103551776 1.3764476596139484e-05
-2.836418209104552 1.4295750262795766e-05
-2.831415707853927 1.4846538944224184e-05
-2.8264132066033016 1.5417519592040517e-05
-2.8214107053526765 1.6009391096060392e-05
-2.816408204102051 1.6622874937885432e-05
-2.8114057028514257 1.7258715861920675e-05
-2.8064032016008005 1.7917682564218818e-05
-2.801400700350175 1.8600568399552867e-05
-2.7963981990995497 1.9308192107126074e-05
-2.7913956978489245 2.0041398555335433e-05
-2.786393196598299 2.0801059506009796e-05
-2.7813906953476737 2.1588074398552552e-05
-2.7763881940970485 2.24033711544249e-05
-2.7713856928464233 2.3247907002411778e-05
-2.7663831915957977 2.412266932512107e-05
-2.7613806903451725 2.502867652717151e-05
-2.7563781890945473 2.5966978925534355e-05
-2.7513756878439217 2.693865966249777e-05
-2.7463731865932965 2.7944835641731375e-05
-2.7413706853426714 2.898665848793689e-05
-2.7363681840920457 3.0065315530573462e-05
-2.7313656828414206 3.118203081215738e-05
-2.7263631815907954 3.2338066121641414e-05
-2.72136068034017 3.353472205338402e-05
-2.7163581790895446 3.477333909222866e-05
-2.7113556778389194 3.605529872521743e-05
-2.706353176588294 3.738202458047301e-05
-2.7013506753376686 3.875498359378615e-05
-2.6963481740870434 4.017568720345495e-05
-2.6913456728364182 4.1645692573929865e-05
-2.6863431715857926 4.3166603848821375e-05
-2.6813406703351674 4.474007343383642e-05
-2.6763381690845423 4.6367803310217524e-05
-2.671335667833917 4.8051546379260166e-05
-2.6663331665832914 4.979310783849526e-05
-2.6613306653326663 5.159434659012647e-05
-2.656328164082041 5.345717668232205e-05
-2.6513256628314155 5.538356878395981e-05
-2.6463231615807903 5.7375551693439154e-05
-2.641320660330165 5.943521388217253e-05
-2.6363181590795395 6.156470507337754e-05
-2.6313156578289143 6.376623785679525e-05
-2.626313156578289 6.604208933996804e-05
-2.621310655327664 6.839460283671233e-05
-2.6163081540770383 7.082618959342882e-05
-2.611305652826413 7.333933055389597e-05
-2.606303151575788 7.593657816320205e-05
-2.6013006503251623 7.862055821146775e-05
-2.596298149074537 8.139397171802118e-05
-2.591295647823912 8.425959685669393e-05
-2.5862931465732864 8.72202909229015e-05
-2.581290645322661 9.027899234318305e-05
-2.576288144072036 9.343872272787995e-05
-2.571285642821411 9.67025889676265e-05
-2.566283141570785 0.00010007378537433973
-2.56128064032016 0.00010355559586739103
-2.556278139069535 0.00010715139620565126
-2.551275637818909 0.00011086465626609328
-2.546273136568284 0.00011469894236964811
-2.541270635317659 0.0001186579196550083
-2.5362681340670337 0.0001227453545010694
-2.531265632816408 0.00012696511699871076
-2.526263131565783 0.00013132118347260462
-2.5212606303151577 0.0001358176390537591
-2.516258129064532 0.00014045868030348305
-2.511255627813907 0.0001452486178894711
-2.5062531265632817 0.00015019187931470968
-2.501250625312656 0.00015529301169988792
-2.496248124062031 0.00016055668462000976
-2.4912456228114057 0.00016598769299590218
-2.4862431215607805 0.00017159096004129584
-2.481240620310155 0.00017737154026617165
-2.4762381190595297 0.0001833346225370466
-2.4712356178089045 0.0001894855331948816
-2.466233116558279 0.00019582973923127912
-2.4612306153076537 0.00020237285152363365
-2.4562281140570286 0.0002091206281299091
-2.451225612806403 0.00021607897764368254
-2.4462231115557778 0.0002232539626101083
-2.4412206103051526 0.0002306518030034543
-2.4362181090545274 0.0002382788797668216
-2.431215607803902 0.0002461417384146935
-2.4262131065532766 0.00025424709269891086
-2.4212106053026514 0.0002626018283387013
-2.416208104052026 0.00027121300681533223
-2.4112056028014006 0.00028008786923198906
-2.4062031015507754 0.0002892338402394522
-2.40120060030015 0.00029865853202811805
-2.3961980990495246 0.00030836974838692444
-2.3911955977988995 0.00031837548882971225
-2.3861930965482743 0.00032868395278953187
-2.3811905952976486 0.00033930354388141105
-2.3761880940470235 0.0003502428742340543
-2.3711855927963983 0.0003615107688909674
-2.3661830915457727 0.0003731162702814352
-2.3611805902951475 0.0003850686427617941
-2.3561780890445223 0.0003973773772274285
-2.3511755877938967 0.00041005219579586037
-2.3461730865432715 0.00042310305656131935
-2.3411705852926463 0.0004365401584211481
-2.336168084042021 0.00045037394597435636
-2.3311655827913955 0.00046461511449264343
-2.3261630815407703 0.0004792746149641498
-2.321160580290145 0.0004943636592102205
-2.3161580790395195 0.0005098937250753753
-2.3111555777888944 0.0005258765616907008
-2.306153076538269 0.0005423241948108508
-2.3011505752876436 0.0005592489322247614
-2.2961480740370184 0.0005766633692402165
-2.291145572786393 0.000594580394242349
-2.286143071535768 0.000613013194326101
-2.2811405702851424 0.0006319752610026748
-2.276138069034517 0.0006514803959799376
-2.271135567783892 0.000671542717016755
-2.2661330665332664 0.0006921766638511135
-2.2611305652826412 0.0007133970042019302
-2.256128064032016 0.0007352188398443845
-2.2511255627813904 0.0007576576127585364
-2.2461230615307652 0.0007807291113509846
-2.24112056028014 0.0008044494767492997
-2.236118059029515 0.0008288352091688502
-2.2311155577788893 0.0008539031743516733
-2.226113056528264 0.0008796706100769305
-2.221110555277639 0.0009061551327425223
-2.2161080540270133 0.0009333747440172732
-2.211105552776388 0.0009613478375631594
-2.206103051525763 0.0009900932058269616
-2.2011005502751373 0.001019630046900623
-2.196098049024512 0.001049977971449623
-2.191095547773887 0.0010811570097085858
-2.1860930465232618 0.0011131876185432581
-2.181090545272636 0.001146090688577985
-2.176088044022011 0.0011798875513877266
-2.1710855427713858 0.001214599986753613
-2.16608304152076 0.001250250229980955
-2.161080540270135 0.0012868609792785718
-2.15607803901951 0.0013244554031982929
-2.151075537768884 0.0013630571481333031
-2.146073036518259 0.0014026903458740506
-2.141070535267634 0.0014433796212203597
-2.1360680340170086 0.0014851500996482154
-2.131065532766383 0.00152802741502977
-2.126063031515758 0.0015720377174049272
-2.1210605302651326 0.0016172076808028946
-2.116058029014507 0.0016635645111119123
-2.111055527763882 0.0017111359539953711
-2.1060530265132567 0.0017599503028524798
-2.1010505252626315 0.00181003640682146
-2.096048024012006 0.0018614236788232566
-2.0910455227613807 0.0019141421036436817
-2.0860430215107555 0.0019682222460517883
-2.08104052026013 0.002023695258952175
-2.0760380190095047 0.0020805928915689077
-2.0710355177588795 0.002138947497658645
-2.066033016508254 0.002198792043750402
-2.0610305152576287 0.002260160117409369
-2.0560280140070035 0.002323085935522191
-2.0510255127563783 0.002387604352600795
-2.0460230115057527 0.002453750869102047
-2.0410205102551275 0.002521561639760202
-2.0360180090045024 0.0025910734819292206
-2.0310155077538767 0.0026623238839317428
-2.0260130065032516 0.0027353510134115497
-2.0210105052526264 0.0028101937256862796
-2.0160080040020008 0.002886891572096893
-2.0110055027513756 0.002965484808350517
-2.0060030015007504 0.0030460144028530613
-2.001000500250125 0.0031285220450279457
-1.9959979989994996 0.003213050153617166
-1.9909954977488744 0.003299641884960867
-1.985992996498249 0.0033883411412515547
-1.9809904952476238 0.0034791925787587214
-1.9759879939969984 0.0035722416160200066
-1.970985492746373 0.0036675344419943956
-1.9659829914957478 0.003765118024173395
-1.9609804902451224 0.0038650401166455627
-1.9559779889944973 0.00396734926810999
-1.9509754877438719 0.004072094829834086
-1.9459729864932465 0.004179326963550972
-1.9409704852426213 0.00428909664929168
-1.9359679839919959 0.004401455693147268
-1.9309654827413707 0.004516456734955796
-1.9259629814907453 0.00463415325590919
-1.9209604802401201 0.004754599586074698
-1.9159579789894947 0.004877850911825716
-1.9109554777388693 0.005003963283176572
-1.9059529764882441 0.005132993621015848
-1.9009504752376187 0.0052649997242326455
-1.8959479739869936 0.005400040276730065
-1.8909454727363681 0.005538174854320374
-1.8859429714857427 0.005679463931495673
-1.8809404702351176 0.005823968888068471
-1.8759379689844922 0.005971752015675966
-1.870935467733867 0.006122876524141878
-1.8659329664832416 0.006277406547689819
-1.8609304652326162 0.006435407151001654
-1.855927963981991 0.0065969443351147255
-1.8509254627313656 0.006762085043151407
-1.8459229614807404 0.006930897165874189
-1.840920460230115 0.00710344954706021
-1.8359179589794896 0.007279811988687957
-1.8309154577288644 0.007460055255929665
-1.825912956478239 0.0076442510819426
-1.8209104552276139 0.007832472172451995
-1.8159079539769885 0.008024792210119007
-1.810905452726363 0.008221285858686192
-1.8059029514757379 0.008422028766893784
-1.8009004502251125 0.00862709757215923
-1.7958979489744873 0.008836569904012763
-1.7908954477238619 0.009050524387281881
-1.7858929464732365 0.009269040645016947
-1.7808904452226113 0.009492199301150764
-1.775887943971986 0.009720081982884553
-1.7708854427213607 0.009952771322792524
-1.7658829414707353 0.010190350960637725
-1.76088044022011 0.01043290554489131
-1.7558779389694847 0.010680520733947601
-1.7508754377188593 0.01093328319702711
-1.7458729364682342 0.011191280614759765
-1.7408704352176088 0.011454601679440665
-1.7358679339669834 0.011723336094950066
-1.7308654327163582 0.011997574576330364
-1.7258629314657328 0.012277408849011599
-1.7208604302151076 0.012562931647677774
-1.7158579289644822 0.012854236714766156
-1.7108554277138568 0.013151418798591427
-1.7058529264632316 0.013454573651086712
-1.7008504252126062 0.013763798025153777
-1.695847923961981 0.014079189671614027
-1.6908454227113556 0.014400847335752778
-1.6858429214607302 0.014728870753448453
-1.680840420210105 0.015063360646878968
-1.6758379189594796 0.015404418719797567
-1.6708354177088545 0.015752147652369628
-1.665832916458229 0.01610665109556333
-1.6608304152076037 0.01646803366508566
-1.6558279139569785 0.016836400934856395
-1.650825412706353 0.01721185943001227
-1.645822911455728 0.01759451661943306
-1.6408204102051025 0.017984480907783026
-1.635817908954477 0.018381861627058908
-1.630815407703852 0.018786769027637727
-1.6258129064532265 0.019199314268816745
-1.6208104052026013 0.019619609408837942
-1.615807903951976 0.020047767394390136
-1.6108054027013505 0.020483902049580918
-1.6058029014507254 0.020928128064372095
-1.6008004002001 0.021380560982470667
-1.5957978989494748 0.021841317188669183
-1.5907953976988494 0.02231051389562823
-1.585792896448224 0.022788269130094366
-1.5807903951975988 0.02327470171854714
-1.5757878939469734 0.02376993127226865
-1.5707853926963482 0.024274078171828906
-1.5657828914457228 0.024787263550981632
-1.5607803901950974 0.02530960927996374
-1.5557778889444722 0.02584123794819277
-1.5507753876938468 0.02638227284635705
-1.5457728864432216 0.02693283794789215
-1.5407703851925962 0.027493057889839058
-1.5357678839419708 0.028063057953078355
-1.5307653826913457 0.028642964041935635
-1.5257628814407203 0.029232902663153225
-1.520760380190095 0.029833000904223524
-1.5157578789394697 0.030443386411079836
-1.5107553776888443 0.03106418736513985
-1.505752876438219 0.031695532459698576
-1.5007503751875937 0.032337550875666435
-1.4957478739369685 0.032990372256648914
-1.490745372686343 0.03365412668336508
-1.485742871435718 0.034328944647400966
-1.4807403701850925 0.035014957024296016
-1.4757378689344671 0.03571229504595937
-1.470735367683842 0.036421090272413775
-1.4657328664332165 0.037141474562865706
-1.4607303651825914 0.03787358004609893
-1.455727863931966 0.03861753909019122
-1.4507253626813406 0.03937348427155208
-1.4457228614307154 0.040141548343281305
-1.44072036018009 0.040921864202847456
-1.4357178589294648 0.0417145648590861
-1.4307153576788394 0.042519783398518
-1.425712856428214 0.04333765295098747
-1.4207103551775888 0.0441683066546216
-1.4157078539269634 0.04501187762011201
-1.4107053526763382 0.04586849889431906
-1.4057028514257128 0.04673830342320251
-1.4007003501750874 0.04762142401407815
-1.3956978489244622 0.04851799329720506
-1.3906953476738368 0.04942814368670518
-1.3856928464232117 0.05035200734081823
-1.3806903451725863 0.051289716121496555
-1.3756878439219609 0.052241401553342434
-1.3706853426713357 0.0532071947818933
-1.3656828414207103 0.0541872265312596
-1.360680340170085 0.055181627061119044
-1.3556778389194597 0.056190526123074486
-1.3506753376688343 0.057214052916379876
-1.3456728364182091 0.05825233604304215
-1.3406703351675837 0.0593055034623038
-1.3356678339169585 0.06037368244451475
-1.3306653326663331 0.061456999524401104
-1.3256628314157077 0.0625555804537376
-1.3206603301650826 0.06366955015343302
-1.3156578289144572 0.06479903266503743
-1.310655327663832 0.06594415110167973
-1.3056528264132066 0.06710502759844668
-1.3006503251625812 0.06828178326221129
-1.295647823911956 0.06947453812092345
-1.2906453226613306 0.07068341107237232
-1.2856428214107054 0.07190851983243222
-1.28064032016008 0.07314998088280435
-1.2756378189094546 0.07440790941826605
-1.2706353176588294 0.07568241929344088
-1.265632816408204 0.0769736229691026
-1.2606303151575788 0.07828163145802604
-1.2556278139069534 0.07960655427040056
-1.250625312656328 0.08094849935881863
-1.2456228114057029 0.08230757306285644
-1.2406203101550775 0.08368388005326072
-1.2356178089044523 0.08507752327575807
-1.2306153076538269 0.08648860389450341
-1.2256128064032015 0.08791722123518385
-1.2206103051525763 0.08936347272779563
-1.215607803901951 0.09082745384911155
-1.2106053026513257 0.09230925806485739
-1.2056028014007003 0.09380897677161518
-1.200600300150075 0.09532669923847269
-1.1955977988994497 0.09686251254843894
-1.1905952976488243 0.09841650153964532
-1.1855927963981991 0.0999887487463512
-1.1805902951475737 0.1015793343397778
-1.1755877938969483 0.10318833606878854
-1.1705852926463232 0.10481582920043755
-1.1655827913956978 0.10646188646041173
-1.1605802901450726 0.1081265779733827
-1.1555777888944472 0.10980997120329765
-1.1505752876438218 0.11151213089362728
-1.1455727863931966 0.11323311900759687
-1.1405702851425712 0.11497299466842434
-1.135567783891946 0.11673181409958706
-1.1305652826413206 0.1185096305651463
-1.1255627813906952 0.12030649431014921
-1.12056028014007 0.12212245250113744
-1.1155577788894446 0.12395754916678718
-1.1105552776388194 0.12581182513870418
-1.105552776388194 0.12768531799240407
-1.1005502751375686 0.1295780619885002
-1.0955477738869435 0.13149008801413004
-1.090545272636318 0.13342142352464323
-1.0855427713856929 0.13537209248558235
-1.0805402701350675 0.1373421153149818
-1.075537768884442 0.1393315088260127
-1.070535267633817 0.14134028617000394
-1.0655327663831915 0.14336845677986634
-1.0605302651325663 0.14541602631394784
-1.055527763881941 0.14748299660035094
-1.0505252626313157 0.14956936558173856
-1.0455227613806903 0.15167512726066104
-1.040520260130065 0.15380027164542967
-1.0355177588794398 0.15594478469657033
-1.0305152576288144 0.15810864827388377
-1.0255127563781892 0.16029184008414382
-1.0205102551275638 0.16249433362946467
-1.0155077538769384 0.16471609815636343
-1.0105052526263132 0.16695709860555405
-1.0055027513756878 0.16921729556249687
-1.0005002501250626 0.1714966452087373
-0.9954977488744372 0.1737950992740652
-0.9904952476238119 0.17611260498952017
-0.9854927463731865 0.17844910504128025
-0.9804902451225612 0.18080453752545786
-0.9754877438719359 0.18317883590383716
-0.9704852426213106 0.18557192896058292
-0.9654827413706853 0.1879837407599488
-0.9604802401200601 0.19041419060501766
-0.9554777388694347 0.19286319299750346
-0.9504752376188094 0.19533065759864326
-0.9454727363681841 0.1978164891912117
-0.9404702351175588 0.2003205876426855
-0.9354677338669335 0.20284284786958828
-0.9304652326163081 0.2053831598030455
-0.9254627313656828 0.20794140835557837
-0.9204602301150575 0.21051747338916593
-0.9154577288644322 0.21311122968460325
-0.9104552276138069 0.21572254691218481
-0.9054527263631815 0.21835128960374192
-0.9004502251125562 0.22099731712606246
-0.8954477238619309 0.22366048365571575
-0.8904452226113057 0.22634063815531902
-0.8854427213606804 0.22903762435126257
-0.880440220110055 0.23175128071292825
-0.8754377188594297 0.23448144043342165
-0.8704352176088044 0.2372279314118469
-0.8654327163581791 0.23999057623715014
-0.8604302151075538 0.24276919217355297
-0.8554277138569284 0.24556359114760487
-0.8504252126063031 0.24837357973687463
-0.8454227113556778 0.25119895916030793
-0.8404202101050525 0.25403952527027124
-0.8354177088544272 0.25689506854630584
-0.8304152076038018 0.2597653740906143
-0.8254127063531765 0.26265022162529933
-0.8204102051025512 0.2655493854913781
-0.815407703851926 0.2684626346495901
-0.8104052026013007 0.27138973268301825
-0.8054027013506753 0.274330437801545
-0.80040020010005 0.2772845028481575
-0.7953976988494247 0.2802516753071233
-0.7903951975987994 0.2832316973140513
-0.7853926963481741 0.2862243056678543
-0.7803901950975487 0.2892292318446298
-0.7753876938469234 0.2922462020134733
-0.7703851925962981 0.2952749370542381
-0.7653826913456728 0.29831515257725455
-0.7603801900950475 0.30136655894502223
-0.7553776888444221 0.3044288612958852
-0.7503751875937968 0.3075017595697022
-0.7453726863431716 0.3105849485355241
-0.7403701850925463 0.31367811782128274
-0.735367683841921 0.31678095194550265
-0.7303651825912957 0.3198931303510453
-0.7253626813406703 0.32301432744088815
-0.720360180090045 0.32614421261594495
-0.7153576788394197 0.3292824503149379
-0.7103551775887944 0.33242870005631586
-0.7053526763381691 0.3355826164822306
-0.7003501750875437 0.3387438494045676
-0.6953476738369184 0.3419120438530349
-0.6903451725862931 0.3450868401253101
-0.6853426713356678 0.3482678738392436
-0.6803401700850426 0.35145477598711716
-0.6753376688344171 0.3546471729919543
-0.6703351675837919 0.3578446867658815
-0.6653326663331666 0.36104693477053024
-0.6603301650825413 0.36425353007948036
-0.655327663831916 0.3674640814427319
-0.6503251625812906 0.37067819335320346
-0.6453226613306653 0.37389546611524316
-0.64032016008004 0.3771154959151465
-0.6353176588294147 0.3803378748936683
-0.6303151575787894 0.383562191220516
-0.625312656328164 0.3867880291708147
-0.6203101550775387 0.3900149692035227
-0.6153076538269134 0.39324258804179807
-0.6103051525762881 0.3964704587552779
-0.6053026513256629 0.3996981508442742
-0.6003001500750375 0.4029252303258555
-0.5952976488244122 0.4061512598217977
-0.5902951475737869 0.40937579864839246
-0.5852926463231616 0.4125984029080753
-0.5802901450725363 0.4158186255828671
-0.5752876438219109 0.4190360166295981
-0.5702851425712856 0.42225012307689214
-0.5652826413206603 0.4254604891238829
-0.560280140070035 0.42866665624064026
-0.5552776388194097 0.43186816327027916
-0.5502751375687843 0.4350645465327155
-0.545272636318159 0.43825533993005455
-0.5402701350675337 0.44144007505356087
-0.5352676338169085 0.4446182812922019
-0.5302651325662832 0.44778948594271223
-0.5252626313156579 0.4509532143211614
-0.5202601300650325 0.45410898987597825
-0.5152576288144072 0.45725633430240853
-0.5102551275637819 0.46039476765835974
-0.5052526263131566 0.46352380848160535
-0.5002501250625313 0.4666429739083004
-0.49524762381190596 0.46975177979278293
-0.4902451225612806 0.47284974082860975
-0.4852426213106553 0.4759363706707903
-0.48024012006003003 0.4790111820591839
-0.4752376188094047 0.4820736869430084
-0.4702351175587794 0.48512339660642284
-0.46523261630815405 0.48815982179513956
-0.46023011505752875 0.491182472844025
-0.45522761380690346 0.4941908598056347
-0.4502251125562781 0.49718449257965086
-0.4452226113056528 0.5001628810431599
-0.4402201100550275 0.5031255351817365
-0.4352176088044022 0.5060719652212822
-0.4302151075537769 0.5090016817605614
-0.42521260630315155 0.5119141959044022
-0.42021010505252626 0.514809019397498
-0.4152076038019009 0.5176856647587658
-0.4102051025512756 0.5205436454162101
-0.40520260130065033 0.5233824758422426
-0.400200100050025 0.5262016716894014
-0.3951975987993997 0.5290007499264211
-0.39019509754877435 0.5317792289746
-0.38519259629814906 0.5345366288444117
-0.38019009504752377 0.5372724712723063
-0.3751875937968984 0.5399862798576492
-0.37018509254627313 0.5426775801997417
-0.36518259129564784 0.5453459000348674
-0.3601800900450225 0.5479907693733168
-0.3551775887943972 0.5506117206363237
-0.35017508754377186 0.5532082887928659
-0.34517258629314657 0.555780011496275
-0.3401700850425213 0.558326429220594
-0.33516758379189593 0.5608470853966322
-0.33016508254127064 0.5633415265476573
-0.3251625812906453 0.5658093024246741
-0.32016008004002 0.5682499661412228
-0.3151575787893947 0.5706630743076582
-0.31015507753876936 0.5730481871648355
-0.3051525762881441 0.5754048687171545
-0.3001500750375187 0.5777326868649119
-0.29514757378689344 0.5800312135358943
-0.29014507253626814 0.5823000248161624
-0.2851425712856428 0.5845387010799739
-0.2801400700350175 0.5867468271187762
-0.27513756878439216 0.5889239922692361
-0.27013506753376687 0.5910697905402224
-0.2651325662831416 0.5931838207387178
-0.26013006503251623 0.5952656865945755
-0.25512756378189094 0.597314996884094
-0.25012506253126565 0.5993313655523309
-0.2451225612806403 0.6013144118341235
-0.24012006003001501 0.6032637603737497
-0.2351175587793897 0.6051790413431821
-0.23011505752876438 0.6070598905588793
-0.22511255627813906 0.6089059495970734
-0.22011005502751374 0.6107168659074848
-0.21510755377688845 0.6124922929254303
-0.21010505252626313 0.6142318901822672
-0.2051025512756378 0.6159353234141262
-0.2001000500250125 0.6176022646688775
-0.19509754877438718 0.6192323924112979
-0.19009504752376188 0.6208253916263761
-0.18509254627313657 0.6223809539207144
-0.18009004502251125 0.6238987776219871
-0.17508754377188593 0.6253785678764033
-0.17008504252126064 0.6268200367441341
-0.16508254127063532 0.6282229032926584
-0.16008004002001 0.6295868936879861
-0.15507753876938468 0.6309117412837216
-0.15007503751875936 0.6321971867079157
-0.14507253626813407 0.6334429779476803
-0.14007003501750875 0.634648870431516
-0.13506753376688344 0.6358146271093202
-0.13006503251625812 0.6369400185300422
-0.12506253126563283 0.6380248229169393
-0.12006003001500751 0.6390688262404111
-0.11505752876438219 0.6400718222883687
-0.11005502751375687 0.6410336127341175
-0.10505252626313157 0.6419540072017081
-0.10005002501250625 0.6428328233287374
-0.09504752376188094 0.6436698868265659
-0.09004502251125562 0.6444650315379231
-0.08504252126063032 0.6452180994918746
-0.080040020010005 0.6459289409561266
-0.07503751875937968 0.6465974144866427
-0.07003501750875438 0.64722338697455
-0.06503251625812906 0.647806733690313
-0.060030015007503754 0.6483473383251537
-0.055027513756878435 0.6488450930297003
-0.05002501250625312 0.649299898449847
-0.04502251125562781 0.649711663759805
-0.0400200100050025 0.6500803066923306
-0.03501750875437719 0.65040575356612
-0.030015007503751877 0.650687939310354
-0.02501250625312656 0.6509268074863804
-0.02001000500250125 0.651122310306526
-0.015007503751875938 0.6512744086500326
-0.010005002501250625 0.6513830720761016
-0.0050025012506253125 0.651448278834049
0.0 0.6514700158705605
0.0050025012506253125 0.651448278834049
0.010005002501250625 0.6513830720761015
0.015007503751875938 0.6512744086500326
0.02001000500250125 0.651122310306526
0.02501250625312656 0.6509268074863803
0.030015007503751877 0.6506879393103538
0.03501750875437719 0.6504057535661198
0.0400200100050025 0.6500803066923304
0.04502251125562781 0.6497116637598052
0.05002501250625312 0.649299898449847
0.055027513756878435 0.6488450930297003
0.060030015007503754 0.6483473383251538
0.06503251625812906 0.6478067336903127
0.07003501750875438 0.6472233869745504
0.07503751875937968 0.6465974144866423
0.080040020010005 0.6459289409561263
0.08504252126063032 0.645218099491874
0.09004502251125562 0.6444650315379228
0.09504752376188094 0.6436698868265661
0.10005002501250625 0.6428328233287374
0.10505252626313157 0.641954007201708
0.11005502751375687 0.6410336127341183
0.11505752876438219 0.6400718222883688
0.12006003001500751 0.6390688262404114
0.12506253126563283 0.6380248229169395
0.13006503251625812 0.6369400185300423
0.13506753376688344 0.63581462710932
0.14007003501750875 0.6346488704315155
0.14507253626813407 0.6334429779476803
0.15007503751875936 0.6321971867079159
0.15507753876938468 0.6309117412837216
0.16008004002001 0.6295868936879861
0.16508254127063532 0.6282229032926581
0.17008504252126064 0.6268200367441338
0.17508754377188593 0.6253785678764037
0.18009004502251125 0.6238987776219869
0.18509254627313657 0.6223809539207149
0.19009504752376188 0.6208253916263761
0.19509754877438718 0.6192323924112983
0.2001000500250125 0.6176022646688775
0.2051025512756378 0.6159353234141256
0.21010505252626313 0.6142318901822675
0.21510755377688845 0.6124922929254296
0.22011005502751374 0.6107168659074846
0.22511255627813906 0.6089059495970733
0.23011505752876438 0.6070598905588794
0.2351175587793897 0.605179041343182
0.24012006003001501 0.6032637603737498
0.2451225612806403 0.6013144118341235
0.25012506253126565 0.5993313655523308
0.25512756378189094 0.5973149968840941
0.26013006503251623 0.5952656865945757
0.2651325662831416 0.5931838207387171
0.27013506753376687 0.5910697905402225
0.27513756878439216 0.5889239922692358
0.2801400700350175 0.5867468271187765
0.2851425712856428 0.5845387010799736
0.29014507253626814 0.5823000248161627
0.29514757378689344 0.5800312135358944
0.3001500750375187 0.5777326868649119
0.3051525762881441 0.5754048687171543
0.31015507753876936 0.5730481871648356
0.3151575787893947 0.5706630743076584
0.32016008004002 0.5682499661412227
0.3251625812906453 0.5658093024246739
0.33016508254127064 0.5633415265476571
0.33516758379189593 0.5608470853966322
0.3401700850425213 0.558326429220594
0.34517258629314657 0.5557800114962751
0.35017508754377186 0.5532082887928661
0.3551775887943972 0.5506117206363232
0.3601800900450225 0.5479907693733171
0.36518259129564784 0.545345900034867
0.37018509254627313 0.5426775801997414
0.3751875937968984 0.5399862798576496
0.38019009504752377 0.5372724712723066
0.38519259629814906 0.5345366288444121
0.39019509754877435 0.5317792289746
0.3951975987993997 0.529000749926421
0.400200100050025 0.5262016716894018
0.40520260130065033 0.5233824758422426
0.4102051025512756 0.52054364541621
0.4152076038019009 0.5176856647587655
0.42021010505252626 0.5148090193974983
0.42521260630315155 0.5119141959044022
0.4302151075537769 0.509001681760561
0.4352176088044022 0.5060719652212818
0.4402201100550275 0.5031255351817365
0.4452226113056528 0.5001628810431593
0.4502251125562781 0.49718449257965075
0.45522761380690346 0.4941908598056351
0.46023011505752875 0.4911824728440249
0.46523261630815405 0.4881598217951395
0.4702351175587794 0.48512339660642306
0.4752376188094047 0.4820736869430088
0.48024012006003003 0.4790111820591835
0.4852426213106553 0.4759363706707899
0.4902451225612806 0.47284974082860987
0.49524762381190596 0.46975177979278326
0.5002501250625313 0.4666429739083003
0.5052526263131566 0.46352380848160535
0.5102551275637819 0.4603947676583601
0.5152576288144072 0.4572563343024085
0.5202601300650325 0.45410898987597825
0.5252626313156579 0.45095321432116126
0.5302651325662832 0.4477894859427121
0.5352676338169085 0.44461828129220143
0.5402701350675337 0.4414400750535607
0.545272636318159 0.43825533993005417
0.5502751375687843 0.4350645465327157
0.5552776388194097 0.4318681632702789
0.560280140070035 0.4286666562406403
0.5652826413206603 0.425460489123883
0.5702851425712856 0.42225012307689214
0.5752876438219109 0.4190360166295981
0.5802901450725363 0.41581862558286686
0.5852926463231616 0.4125984029080751
0.5902951475737869 0.40937579864839246
0.5952976488244122 0.40615125982179806
0.6003001500750375 0.4029252303258552
0.6053026513256629 0.39969815084427424
0.6103051525762881 0.396470458755278
0.6153076538269134 0.39324258804179807
0.6203101550775387 0.39001496920352285
0.625312656328164 0.38678802917081445
0.6303151575787894 0.38356219122051605
0.6353176588294147 0.3803378748936685
0.64032016008004 0.3771154959151465
0.6453226613306653 0.37389546611524294
0.6503251625812906 0.3706781933532036
0.655327663831916 0.3674640814427318
0.6603301650825413 0.36425353007948047
0.6653326663331666 0.36104693477053057
0.6703351675837919 0.35784468676588144
0.6753376688344171 0.3546471729919544
0.6803401700850426 0.351454775987117
0.6853426713356678 0.34826787383924374
0.6903451725862931 0.34508684012531016
0.6953476738369184 0.34191204385303486
0.7003501750875437 0.33874384940456764
0.7053526763381691 0.33558261648223076
0.7103551775887944 0.3324287000563162
0.7153576788394197 0.32928245031493797
0.720360180090045 0.3261442126159451
0.7253626813406703 0.32301432744088804
0.7303651825912957 0.3198931303510453
0.735367683841921 0.31678095194550265
0.7403701850925463 0.3136781178212825
0.7453726863431716 0.31058494853552415
0.7503751875937968 0.3075017595697022
0.7553776888444221 0.30442886129588526
0.7603801900950475 0.30136655894502246
0.7653826913456728 0.2983151525772545
0.7703851925962981 0.29527493705423824
0.7753876938469234 0.2922462020134731
0.7803901950975487 0.28922923184462973
0.7853926963481741 0.28622430566785445
0.7903951975987994 0.28323169731405134
0.7953976988494247 0.28025167530712325
0.80040020010005 0.27728450284815737
0.8054027013506753 0.274330437801545
0.8104052026013007 0.2713897326830181
0.815407703851926 0.26846263464958997
0.8204102051025512 0.26554938549137835
0.8254127063531765 0.26265022162529933
0.8304152076038018 0.2597653740906144
0.8354177088544272 0.2568950685463058
0.8404202101050525 0.2540395252702711
0.8454227113556778 0.25119895916030804
0.8504252126063031 0.24837357973687474
0.8554277138569284 0.24556359114760493
0.8604302151075538 0.2427691921735531
0.8654327163581791 0.23999057623715025
0.8704352176088044 0.23722793141184684
0.8754377188594297 0.2344814404334217
0.880440220110055 0.23175128071292841
0.8854427213606804 0.22903762435126257
0.8904452226113057 0.22634063815531896
0.8954477238619309 0.22366048365571584
0.9004502251125562 0.22099731712606238
0.9054527263631815 0.21835128960374217
0.9104552276138069 0.21572254691218465
0.9154577288644322 0.21311122968460333
0.9204602301150575 0.21051747338916593
0.9254627313656828 0.20794140835557848
0.9304652326163081 0.20538315980304545
0.9354677338669335 0.2028428478695882
0.9404702351175588 0.2003205876426856
0.9454727363681841 0.19781648919121161
0.9504752376188094 0.19533065759864326
0.9554777388694347 0.19286319299750332
0.9604802401200601 0.19041419060501766
0.9654827413706853 0.18798374075994873
0.9704852426213106 0.18557192896058294
0.9754877438719359 0.18317883590383713
0.9804902451225612 0.18080453752545778
0.9854927463731865 0.17844910504128023
0.9904952476238119 0.17611260498952006
0.9954977488744372 0.17379509927406517
1.0005002501250626 0.1714966452087373
1.0055027513756878 0.16921729556249673
1.0105052526263132 0.16695709860555394
1.0155077538769384 0.16471609815636346
1.0205102551275638 0.16249433362946464
1.0255127563781892 0.16029184008414385
1.0305152576288144 0.15810864827388388
1.0355177588794398 0.1559447846965703
1.040520260130065 0.15380027164542973
1.0455227613806903 0.151675127260661
1.0505252626313157 0.14956936558173858
1.055527763881941 0.14748299660035089
1.0605302651325663 0.14541602631394784
1.0655327663831915 0.14336845677986632
1.070535267633817 0.1413402861700039
1.075537768884442 0.13933150882601258
1.0805402701350675 0.13734211531498175
1.0855427713856929 0.13537209248558243
1.090545272636318 0.13342142352464317
1.0955477738869435 0.13149008801412998
1.1005502751375686 0.12957806198850022
1.105552776388194 0.12768531799240404
1.1105552776388194 0.12581182513870418
1.1155577788894446 0.12395754916678718
1.12056028014007 0.12212245250113744
1.1255627813906952 0.12030649431014921
1.1305652826413206 0.11850963056514636
1.135567783891946 0.11673181409958712
1.1405702851425712 0.11497299466842428
1.1455727863931966 0.11323311900759683
1.1505752876438218 0.1115121308936272
1.1555777888944472 0.10980997120329763
1.1605802901450726 0.10812657797338264
1.1655827913956978 0.10646188646041173
1.1705852926463232 0.10481582920043758
1.1755877938969483 0.10318833606878847
1.1805902951475737 0.10157933433977785
1.1855927963981991 0.09998874874635111
1.1905952976488243 0.09841650153964528
1.1955977988994497 0.09686251254843894
1.200600300150075 0.09532669923847266
1.2056028014007003 0.09380897677161523
1.2106053026513257 0.09230925806485742
1.215607803901951 0.09082745384911159
1.2206103051525763 0.0893634727277956
1.2256128064032015 0.08791722123518392
1.2306153076538269 0.08648860389450347
1.2356178089044523 0.08507752327575804
1.2406203101550775 0.08368388005326077
1.2456228114057029 0.08230757306285641
1.250625312656328 0.08094849935881865
1.2556278139069534 0.07960655427040053
1.2606303151575788 0.07828163145802602
1.265632816408204 0.07697362296910261
1.2706353176588294 0.07568241929344093
1.2756378189094546 0.0744079094182661
1.28064032016008 0.07314998088280435
1.2856428214107054 0.07190851983243224
1.2906453226613306 0.07068341107237236
1.295647823911956 0.0694745381209235
1.3006503251625812 0.0682817832622113
1.3056528264132066 0.06710502759844668
1.310655327663832 0.06594415110167973
1.3156578289144572 0.06479903266503742
1.3206603301650826 0.06366955015343309
1.3256628314157077 0.06255558045373767
1.3306653326663331 0.06145699952440117
1.3356678339169585 0.06037368244451473
1.3406703351675837 0.0593055034623038
1.3456728364182091 0.05825233604304215
1.3506753376688343 0.057214052916379925
1.3556778389194597 0.05619052612307448
1.360680340170085 0.055181627061119065
1.3656828414207103 0.054187226531259604
1.3706853426713357 0.05320719478189329
1.3756878439219609 0.05224140155334245
1.3806903451725863 0.051289716121496576
1.3856928464232117 0.05035200734081823
1.3906953476738368 0.049428143686705166
1.3956978489244622 0.04851799329720502
1.4007003501750874 0.0476214240140781
1.4057028514257128 0.046738303423202496
1.4107053526763382 0.0458684988943191
1.4157078539269634 0.045011877620112016
1.4207103551775888 0.044168306654621604
1.425712856428214 0.04333765295098747
1.4307153576788394 0.04251978339851799
1.4357178589294648 0.041714564859086055
1.44072036018009 0.040921864202847456
1.4457228614307154 0.040141548343281284
1.4507253626813406 0.03937348427155208
1.455727863931966 0.03861753909019121
1.4607303651825914 0.03787358004609893
1.4657328664332165 0.03714147456286569
1.470735367683842 0.0364210902724138
1.4757378689344671 0.035712295045959394
1.4807403701850925 0.03501495702429603
1.485742871435718 0.03432894464740097
1.490745372686343 0.03365412668336508
1.4957478739369685 0.032990372256648914
1.5007503751875937 0.03233755087566642
1.505752876438219 0.03169553245969857
1.5107553776888443 0.03106418736513984
1.5157578789394697 0.030443386411079847
1.520760380190095 0.029833000904223538
1.5257628814407203 0.02923290266315321
1.5307653826913457 0.02864296404193564
1.5357678839419708 0.028063057953078348
1.5407703851925962 0.02749305788983907
1.5457728864432216 0.02693283794789215
1.5507753876938468 0.026382272846357045
1.5557778889444722 0.025841237948192767
1.5607803901950974 0.02530960927996373
1.5657828914457228 0.024787263550981632
1.5707853926963482 0.024274078171828882
1.5757878939469734 0.023769931272268653
1.5807903951975988 0.023274701718547137
1.585792896448224 0.022788269130094352
1.5907953976988494 0.022310513895628232
1.5957978989494748 0.021841317188669204
1.6008004002001 0.021380560982470685
1.6058029014507254 0.020928128064372085
1.6108054027013505 0.020483902049580928
1.615807903951976 0.02004776739439013
1.6208104052026013 0.019619609408837935
1.6258129064532265 0.019199314268816742
1.630815407703852 0.018786769027637727
1.635817908954477 0.018381861627058904
1.6408204102051025 0.017984480907783037
1.645822911455728 0.017594516619433048
1.650825412706353 0.017211859430012265
1.6558279139569785 0.016836400934856412
1.6608304152076037 0.01646803366508566
1.665832916458229 0.01610665109556332
1.6708354177088545 0.01575214765236962
1.6758379189594796 0.015404418719797568
1.680840420210105 0.015063360646878968
1.6858429214607302 0.014728870753448448
1.6908454227113556 0.014400847335752785
1.695847923961981 0.014079189671614025
1.7008504252126062 0.013763798025153767
1.7058529264632316 0.013454573651086717
1.7108554277138568 0.013151418798591429
1.7158579289644822 0.01285423671476617
1.7208604302151076 0.01256293164767777
1.7258629314657328 0.012277408849011599
1.7308654327163582 0.011997574576330364
1.7358679339669834 0.011723336094950066
1.7408704352176088 0.011454601679440657
1.7458729364682342 0.01119128061475977
1.7508754377188593 0.010933283197027105
1.7558779389694847 0.010680520733947598
1.76088044022011 0.010432905544891317
1.7658829414707353 0.010190350960637718
1.7708854427213607 0.009952771322792526
1.775887943971986 0.009720081982884552
1.7808904452226113 0.009492199301150762
1.7858929464732365 0.009269040645016945
1.7908954477238619 0.00905052438728189
1.7958979489744873 0.008836569904012763
1.8009004502251125 0.008627097572159228
1.8059029514757379 0.00842202876689378
1.810905452726363 0.008221285858686193
1.8159079539769885 0.008024792210119003
1.8209104552276139 0.007832472172451995
1.825912956478239 0.007644251081942599
1.8309154577288644 0.0074600552559296665
1.8359179589794896 0.007279811988687957
1.840920460230115 0.007103449547060213
1.8459229614807404 0.006930897165874188
1.8509254627313656 0.006762085043151404
1.855927963981991 0.006596944335114731
1.8609304652326162 0.006435407151001656
1.8659329664832416 0.0062774065476898155
1.870935467733867 0.006122876524141876
1.8759379689844922 0.0059717520156759634
1.8809404702351176 0.0058239688880684665
1.8859429714857427 0.005679463931495673
1.8909454727363681 0.005538174854320374
1.8959479739869936 0.005400040276730071
1.9009504752376187 0.0052649997242326455
1.9059529764882441 0.005132993621015848
1.9109554777388693 0.005003963283176575
1.9159579789894947 0.004877850911825719
1.9209604802401201 0.004754599586074697
1.9259629814907453 0.004634153255909191
1.9309654827413707 0.004516456734955798
1.9359679839919959 0.004401455693147267
1.9409704852426213 0.004289096649291677
1.9459729864932465 0.004179326963550974
1.9509754877438719 0.004072094829834084
1.9559779889944973 0.00396734926810999
1.9609804902451224 0.0038650401166455666
1.9659829914957478 0.0037651180241733938
1.970985492746373 0.0036675344419943973
1.9759879939969984 0.0035722416160200053
1.9809904952476238 0.0034791925787587222
1.985992996498249 0.003388341141251555
1.9909954977488744 0.0032996418849608657
1.9959979989994996 0.0032130501536171657
2.001000500250125 0.0031285220450279457
2.0060030015007504 0.0030460144028530618
2.0110055027513756 0.002965484808350518
2.0160080040020008 0.002886891572096893
2.0210105052526264 0.002810193725686281
2.0260130065032516 0.0027353510134115497
2.0310155077538767 0.0026623238839317445
2.0360180090045024 0.0025910734819292193
2.0410205102551275 0.0025215616397602026
2.0460230115057527 0.002453750869102046
2.0510255127563783 0.002387604352600794
2.0560280140070035 0.0023230859355221917
2.0610305152576287 0.0022601601174093685
2.066033016508254 0.002198792043750402
2.0710355177588795 0.0021389474976586443
2.0760380190095047 0.0020805928915689077
2.08104052026013 0.002023695258952176
2.0860430215107555 0.001968222246051788
2.0910455227613807 0.0019141421036436837
2.096048024012006 0.0018614236788232568
2.1010505252626315 0.0018100364068214594
2.1060530265132567 0.0017599503028524798
2.111055527763882 0.0017111359539953692
2.116058029014507 0.0016635645111119123
2.1210605302651326 0.001617207680802894
2.126063031515758 0.001572037717404927
2.131065532766383 0.0015280274150297698
2.1360680340170086 0.0014851500996482148
2.141070535267634 0.00144337962122036
2.146073036518259 0.0014026903458740506
2.151075537768884 0.0013630571481333027
2.15607803901951 0.0013244554031982922
2.161080540270135 0.0012868609792785713
2.16608304152076 0.0012502502299809543
2.1710855427713858 0.0012145999867536129
2.176088044022011 0.0011798875513877266
2.181090545272636 0.0011460906885779846
2.1860930465232618 0.0011131876185432575
2.191095547773887 0.001081157009708586
2.196098049024512 0.001049977971449623
2.2011005502751373 0.0010196300469006228
2.206103051525763 0.000990093205826962
2.211105552776388 0.0009613478375631603
2.2161080540270133 0.0009333747440172732
2.221110555277639 0.0009061551327425224
2.226113056528264 0.0008796706100769305
2.2311155577788893 0.000853903174351673
2.236118059029515 0.0008288352091688497
2.24112056028014 0.0008044494767492997
2.2461230615307652 0.0007807291113509853
2.2511255627813904 0.0007576576127585368
2.256128064032016 0.0007352188398443852
2.2611305652826412 0.0007133970042019299
2.2661330665332664 0.0006921766638511139
2.271135567783892 0.0006715427170167552
2.276138069034517 0.0006514803959799384
2.2811405702851424 0.000631975261002675
2.286143071535768 0.0006130131943261013
2.291145572786393 0.0005945803942423492
2.2961480740370184 0.000576663369240216
2.3011505752876436 0.0005592489322247613
2.306153076538269 0.0005423241948108514
2.3111555777888944 0.000525876561690701
2.3161580790395195 0.0005098937250753753
2.321160580290145 0.0004943636592102209
2.3261630815407703 0.00047927461496414956
2.3311655827913955 0.00046461511449264305
2.336168084042021 0.0004503739459743566
2.3411705852926463 0.00043654015842114823
2.3461730865432715 0.0004231030565613192
2.3511755877938967 0.0004100521957958601
2.3561780890445223 0.0003973773772274282
2.3611805902951475 0.0003850686427617941
2.3661830915457727 0.000373116270281435
2.3711855927963983 0.0003615107688909673
2.3761880940470235 0.00035024287423405414
2.3811905952976486 0.0003393035438814106
2.3861930965482743 0.00032868395278953214
2.3911955977988995 0.00031837548882971236
2.3961980990495246 0.00030836974838692444
2.40120060030015 0.0002986585320281181
2.4062031015507754 0.00028923384023945203
2.4112056028014006 0.00028008786923198906
2.416208104052026 0.0002712130068153321
2.4212106053026514 0.0002626018283387012
2.4262131065532766 0.00025424709269891103
2.431215607803902 0.00024614173841469355
2.4362181090545274 0.00023827887976682178
2.4412206103051526 0.00023065180300345438
2.4462231115557778 0.0002232539626101083
2.451225612806403 0.00021607897764368245
2.4562281140570286 0.00020912062812990928
2.4612306153076537 0.00020237285152363357
2.466233116558279 0.00019582973923127893
2.4712356178089045 0.00018948553319488173
2.4762381190595297 0.0001833346225370466
2.481240620310155 0.00017737154026617165
2.4862431215607805 0.00017159096004129584
2.4912456228114057 0.00016598769299590223
2.496248124062031 0.0001605566846200099
2.501250625312656 0.00015529301169988803
2.5062531265632817 0.00015019187931470974
2.511255627813907 0.00014524861788947106
2.516258129064532 0.00014045868030348313
2.5212606303151577 0.00013581763905375915
2.526263131565783 0.0001313211834726046
2.531265632816408 0.00012696511699871084
2.5362681340670337 0.00012274535450106935
2.541270635317659 0.00011865791965500825
2.546273136568284 0.00011469894236964809
2.551275637818909 0.00011086465626609334
2.556278139069535 0.00010715139620565123
2.56128064032016 0.00010355559586739099
2.566283141570785 0.00010007378537433966
2.571285642821411 9.670258896762651e-05
2.576288144072036 9.343872272787995e-05
2.581290645322661 9.027899234318304e-05
2.5862931465732864 8.722029092290151e-05
2.591295647823912 8.425959685669393e-05
2.596298149074537 8.139397171802123e-05
2.6013006503251623 7.862055821146773e-05
2.606303151575788 7.593657816320202e-05
2.611305652826413 7.333933055389599e-05
2.6163081540770383 7.082618959342884e-05
2.621310655327664 6.839460283671235e-05
2.626313156578289 6.60420893399681e-05
2.6313156578289143 6.376623785679524e-05
2.6363181590795395 6.156470507337758e-05
2.641320660330165 5.943521388217254e-05
2.6463231615807903 5.737555169343913e-05
2.6513256628314155 5.53835687839598e-05
2.656328164082041 5.3457176682322005e-05
2.6613306653326663 5.1594346590126534e-05
2.6663331665832914 4.979310783849524e-05
2.671335667833917 4.805154637926017e-05
2.6763381690845423 4.6367803310217545e-05
2.6813406703351674 4.474007343383641e-05
2.6863431715857926 4.3166603848821335e-05
2.6913456728364182 4.164569257392989e-05
2.6963481740870434 4.0175687203454956e-05
2.7013506753376686 3.875498359378615e-05
2.706353176588294 3.7382024580473e-05
2.7113556778389194 3.605529872521744e-05
2.7163581790895446 3.477333909222867e-05
2.72136068034017 3.353472205338402e-05
2.7263631815907954 3.233806612164142e-05
2.7313656828414206 3.118203081215737e-05
2.7363681840920457 3.006531553057344e-05
2.7413706853426714 2.898665848793691e-05
2.7463731865932965 2.7944835641731385e-05
2.7513756878439217 2.693865966249775e-05
2.7563781890945473 2.596697892553434e-05
2.7613806903451725 2.502867652717149e-05
2.7663831915957977 2.4122669325121058e-05
2.7713856928464233 2.324790700241177e-05
2.7763881940970485 2.2403371154424878e-05
2.7813906953476737 2.1588074398552562e-05
2.786393196598299 2.0801059506009803e-05
2.7913956978489245 2.0041398555335416e-05
2.7963981990995497 1.9308192107126057e-05
2.801400700350175 1.860056839955286e-05
2.8064032016008005 1.7917682564218814e-05
2.8114057028514257 1.725871586192068e-05
2.816408204102051 1.6622874937885425e-05
2.8214107053526765 1.600939109606039e-05
2.8264132066033016 1.5417519592040517e-05
2.831415707853927 1.4846538944224179e-05
2.836418209104552 1.4295750262795771e-05
2.8414207103551776 1.3764476596139484e-05
2.846423211605803 1.325206229429583e-05
2.851425712856428 1.2757872389077849e-05
2.8564282141070536 1.2281291990472887e-05
2.861430715357679 1.1821725698959686e-05
2.866433216608304 1.137859703337843e-05
2.8714357178589296 1.09513478739979e-05
2.8764382191095548 1.053943792042961e-05
2.88144072036018 1.0142344164044972e-05
2.886443221610805 9.759560374559151e-06
2.8914457228614308 9.390596600449334e-06
2.896448224112056 9.03497868288337e-06
2.901450725362681 8.692247782838988e-06
2.9064532266133067 8.361959921101333e-06
2.911455727863932 8.043685530831531e-06
2.916458229114557 7.737009022404918e-06
2.9214607303651827 7.441528360224075e-06
2.926463231615808 7.15685465121689e-06
2.931465732866433 6.882611744735383e-06
2.9364682341170583 6.618435843577812e-06
2.941470735367684 6.363975125860407e-06
2.946473236618309 6.1188893774723165e-06
2.9514757378689342 5.882849634850989e-06
2.95647823911956 5.655537837822322e-06
2.961480740370185 5.436646492253772e-06
2.9664832416208102 5.225878342274293e-06
2.971485742871436 5.022946051820554e-06
2.976488244122061 4.827571895273142e-06
2.981490745372686 4.639487456951827e-06
2.9864932466233114 4.458433339244102e-06
2.991495747873937 4.284158879145447e-06
2.996498249124562 4.116421872995191e-06
3.0015007503751874 3.954988309195799e-06
3.006503251625813 3.799632108708921e-06
3.011505752876438 3.650134873125184e-06
3.0165082541270634 3.506285640109718e-06
3.0215107553776885 3.3678806460298e-06
3.026513256628314 3.2347230955749983e-06
3.0315157578789393 3.106622938184864e-06
3.0365182591295645 2.9833966511029364e-06
3.04152076038019 2.8648670288804964e-06
3.0465232616308153 2.75086297915714e-06
3.0515257628814405 2.6412193245491658e-06
3.056528264132066 2.5357766104811782e-06
3.0615307653826913 2.4343809187995614e-06
3.0665332666333165 2.336883687010574e-06
3.0715357678839417 2.2431415329894904e-06
3.0765382691345673 2.1530160850107207e-06
3.0815407703851925 2.0663738169526013e-06
3.0865432716358177 1.983085888533743e-06
3.0915457728864433 1.9030279904416946e-06
3.0965482741370685 1.8260801942176198e-06
3.1015507753876936 1.7521268067642202e-06
3.1065532766383193 1.6810562293473953e-06
3.1115557778889444 1.6127608209652027e-06
3.1165582791395696 1.547136765960798e-06
3.121560780390195 1.4840839457592316e-06
3.1265632816408204 1.4235058146108007e-06
3.1315657828914456 1.3653092792267105e-06
3.136568284142071 1.3094045821955418e-06
3.1415707853926964 1.255705189072029e-06
3.1465732866433216 1.2041276790322438e-06
3.1515757878939468 1.1545916389919792e-06
3.1565782891445724 1.1070195610879284e-06
3.1615807903951976 1.0613367434237006e-06
3.1665832916458228 1.017471193985196e-06
3.171585792896448 9.753535376325828e-07
3.1765882941470736 9.349169260782645e-07
3.1815907953976987 8.960969507627651e-07
3.186593296648324 8.588315585427304e-07
3.1915957978989495 8.230609701075227e-07
3.1965982991495747 7.887276010430794e-07
3.2016008004002 7.557759854638953e-07
3.2066033016508255 7.2415270213611e-07
3.2116058029014507 6.938063030167571e-07
3.216608304152076 6.646872441361981e-07
3.221610805402701 6.367478187528514e-07
3.2266133066533267 6.099420927111501e-07
3.231615807903952 5.842258419356287e-07
3.236618309154577 5.595564919957941e-07
3.2416208104052027 5.358930596783675e-07
3.246623311655828 5.131960965051098e-07
3.251625812906453 4.914276341361998e-07
3.2566283141570787 4.705511316008844e-07
3.261630815407704 4.505314242986306e-07
3.266633316658329 4.3133467471568365e-07
3.271635817908954 4.1292832480347294e-07
3.27663831915958 3.952810499668293e-07
3.281640820410205 3.783627146114334e-07
3.28664332166083 3.621443292013759e-07
3.291645822911456 3.4659800877913444e-07
3.296648324162081 3.316969329016194e-07
3.301650825412706 3.174153069472619e-07
3.306653326663332 3.037283247504858e-07
3.311655827913957 2.906121325211072e-07
3.316658329164582 2.780437940074706e-07
3.3216608304152073 2.660012568633556e-07
3.326663331665833 2.544633201798302e-07
3.331665832916458 2.434096031443981e-07
3.3366683341670833 2.3282051479087498e-07
3.341670835417709 2.2267722480454598e-07
3.346673336668334 2.1296163534820052e-07
3.3516758379189593 2.0365635387564584e-07
3.356678339169585 1.947446669003495e-07
3.36168084042021 1.8621051468780082e-07
3.3666833416708353 1.7803846684113137e-07
3.3716858429214605 1.702136987504843e-07
3.376688344172086 1.6272196887749231e-07
3.3816908454227113 1.5554959684711424e-07
3.3866933466733364 1.4868344231991733e-07
3.391695847923962 1.4211088461873896e-07
3.3966983491745872 1.3581980308444874e-07
3.4017008504252124 1.2979855813631123e-07
3.406703351675838 1.240359730132308e-07
3.4117058529264632 1.1852131617287737e-07
3.4167083541770884 1.1324428432641353e-07
3.4217108554277136 1.0819498608725793e-07
3.426713356678339 1.0336392621297653e-07
3.4317158579289644 9.874199042006384e-08
3.4367183591795896 9.432043075201544e-08
3.441720860430215 9.009085148171208e-08
3.4467233616808404 8.604519552974635e-08
3.4517258629314655 8.217573138089489e-08
3.4567283641820907 7.847504048152854e-08
3.4617308654327164 7.493600510128982e-08
3.4667333666833415 7.155179664291157e-08
3.4717358679339667 6.831586438456958e-08
3.4767383691845923 6.522192463966842e-08
3.4817408704352175 6.226395031945342e-08
3.4867433716858427 5.943616088430924e-08
3.4917458729364683 5.673301267007924e-08
3.4967483741870935 5.414918957618225e-08
3.5017508754377187 5.1679594102733476e-08
3.506753376688344 4.9319338724310845e-08
3.5117558779389695 4.706373758840484e-08
3.5167583791895947 4.490829852699391e-08
3.52176088044022 4.28487153700677e-08
3.5267633816908455 4.088086055029857e-08
3.5317658829414706 3.9000777988418884e-08
3.536768384192096 3.720467624921172e-08
3.5417708854427215 3.548892195836717e-08
3.5467733866933466 3.385003347078086e-08
3.551775887943972 3.2284674781190075e-08
3.556778389194597 3.0789649668355976e-08
3.5617808904452226 2.936189606429531e-08
3.566783391695848 2.7998480640357882e-08
3.571785892946473 2.6696593602223303e-08
3.5767883941970986 2.5453543686167445e-08
3.5817908954477238 2.4266753349208204e-08
3.586793396698349 2.3133754145995262e-08
3.5917958979489746 2.2052182285558593e-08
3.5967983991995998 2.101977436126596e-08
3.601800900450225 2.003436324757146e-08
3.60680340170085 1.909387415736272e-08
3.6118059029514757 1.8196320853929042e-08
3.616808404202101 1.733980201178281e-08
3.621810905452726 1.652249772076884e-08
3.6268134067033517 1.574266612809368e-08
3.631815907953977 1.4998640213095188e-08
3.636818409204602 1.4288824689755833e-08
3.6418209104552277 1.3611693032142501e-08
3.646823411705853 1.2965784618125242e-08
3.651825912956478 1.234970198689333e-08
3.6568284142071033 1.1762108205949001e-08
3.661830915457729 1.120172434341199e-08
3.666833416708354 1.0667327041619755e-08
3.6718359179589792 1.0157746188150915e-08
3.676838419209605 9.671862680541894e-09
3.68184092046023 9.208606281099863e-09
3.686843421710855 8.766953558346056e-09
3.691845922961481 8.345925911750766e-09
3.696848424212106 7.94458767654228e-09
3.701850925462731 7.562044305489299e-09
3.7068534267133564 7.197440624671526e-09
3.711855927963982 6.849959160361461e-09
3.716858429214607 6.51881853424732e-09
3.7218609304652324 6.203271924328653e-09
3.726863431715858 5.902605588915873e-09
3.731865932966483 5.616137451259462e-09
3.7368684342171083 5.343215742426931e-09
3.741870935467734 5.083217700134724e-09
3.746873436718359 4.835548321327758e-09
3.7518759379689843 4.599639166381457e-09
3.7568784392196095 4.374947212882183e-09
3.761880940470235 4.160953757017612e-09
3.7668834417208603 3.9571633606837674e-09
3.7718859429714855 3.7631028424864605e-09
3.776888444222111 3.5783203108843752e-09
3.7818909454727363 3.4023842377874704e-09
3.7868934467233615 3.2348825709882413e-09
3.791895947973987 3.075421883866073e-09
3.7968984492246123 2.923626560863822e-09
3.8019009504752375 2.779138017293594e-09
3.8069034517258626 2.641613952084399e-09
3.8119059529764883 2.510727632137283e-09
3.8169084542271134 2.38616720700546e-09
3.8219109554777386 2.267635052666262e-09
3.8269134567283642 2.154847143199876e-09
3.8319159579789894 2.047532449235572e-09
3.8369184592296146 1.945432362070558e-09
3.8419209604802402 1.8483001424095375e-09
3.8469234617308654 1.7559003927139407e-09
3.8519259629814906 1.6680085521894353e-09
3.8569284642321158 1.5844104134787195e-09
3.8619309654827414 1.5049016601630886e-09
3.8669334667333666 1.4292874242117367e-09
3.8719359679839918 1.3573818625517173e-09
3.8769384692346174 1.2890077519644518e-09
3.8819409704852426 1.223996101545993e-09
3.8869434717358677 1.1621857819986364e-09
3.891945972986493 1.1034231710508614e-09
3.8969484742371185 1.0475618143304295e-09
3.9019509754877437 9.944621010426892e-10
3.906953476738369 9.43990953831981e-10
3.9119559779889945 8.960215322292601e-10
3.9169584792396197 8.504329491128852e-10
3.921960980490245 8.071099996327953e-10
3.9269634817408705 7.6594290207052e-10
3.9319659829914957 7.268270501288661e-10
3.936968484242121 6.896627761656155e-10
3.941970985492746 6.543551249054567e-10
3.9469734867433717 6.208136371833188e-10
3.951975987993997 5.889521432905206e-10
3.956978489244622 5.586885655127298e-10
3.9619809904952477 5.299447294656388e-10
3.966983491745873 5.026461838504062e-10
3.971985992996498 4.767220282665024e-10
3.9769884942471236 4.5210474873462204e-10
3.981990995497749 4.287300605966316e-10
3.986993496748374 4.0653675847333537e-10
3.991995997998999 3.8546657297416427e-10
3.996998499249625 3.654640338655525e-10
4.00200100050025 3.4647633941705026e-10
4.007003501750876 3.2845323165592357e-10
4.012006003001501 3.113468772722984e-10
4.017008504252126 2.951117539277252e-10
4.022011005502751 2.7970454173039994e-10
4.027013506753376 2.650840196502889e-10
4.0320160080040015 2.512109666569482e-10
4.037018509254628 2.3804806737202357e-10
4.042021010505253 2.255598220372365e-10
4.047023511755878 2.1371246060708603e-10
4.052026013006503 2.024738607836653e-10
4.057028514257128 1.9181346981871766e-10
4.0620310155077535 1.817022299155489e-10
4.067033516758379 1.7211250707057747e-10
4.072036018009005 1.6301802320115303e-10
4.07703851925963 1.543937914128786e-10
4.082041020510255 1.4621605426595622e-10
4.08704352176088 1.3846222490617437e-10
4.092046023011505 1.311108309319141e-10
4.097048524262131 1.2414146087413796e-10
4.102051025512757 1.1753471317165966e-10
4.107053526763382 1.1127214752909786e-10
4.112056028014007 1.0533623854980053e-10
4.117058529264632 9.971033154076317e-11
4.122061030515257 9.437860039101203e-11
4.127063531765883 8.932600742926469e-11
4.132066033016508 8.453826517079618e-11
4.137068534267134 8.000179986739824e-11
4.142071035517759 7.570371677810611e-11
4.147073536768384 7.163176708198547e-11
4.152076038019009 6.777431635776685e-11
4.1570785392696346 6.412031455842188e-11
4.16208104052026 6.065926741197155e-11
4.167083541770885 5.7381209182862136e-11
4.172086043021511 5.427667673116851e-11
4.177088544272136 5.133668480967761e-11
4.182091045522761 4.855270254157205e-11
4.1870935467733865 4.5916631024011943e-11
4.192096048024012 4.3420782005345573e-11
4.197098549274637 4.1057857586033504e-11
4.202101050525263 3.8820930895610875e-11
4.207103551775888 3.670342770016392e-11
4.212106053026513 3.4699108896839104e-11
4.2171085542771385 3.2802053853882534e-11
4.222111055527764 3.1006644556572636e-11
4.227113556778389 2.9307550521214156e-11
4.232116058029014 2.7699714441075574e-11
4.23711855927964 2.6178338529797266e-11
4.242121060530265 2.473887152937024e-11
4.2471235617808905 2.3376996351280182e-11
4.252126063031516 2.208861832085926e-11
4.257128564282141 2.0869853996250918e-11
4.262131065532766 1.9717020534707493e-11
4.267133566783391 1.8626625580198354e-11
4.272136068034017 1.759535764749871e-11
4.277138569284642 1.662007697908065e-11
4.282141070535268 1.5697806852213652e-11
4.287143571785893 1.4825725314738972e-11
4.292146073036518 1.4001157328968787e-11
4.297148574287143 1.3221567304123477e-11
4.302151075537768 1.2484551998628157e-11
4.307153576788394 1.1787833774459893e-11
4.31215607803902 1.1129254186570293e-11
4.317158579289645 1.0506767891197588e-11
4.32216108054027 9.918436857645762e-12
4.327163581790895 9.36242486882743e-12
4.33216608304152 8.836992296558996e-12
4.337168584292146 8.340491138257468e-12
4.3421710855427715 7.871360302316134e-12
4.347173586793397 7.428121130036708e-12
4.352176088044022 7.009373142571096e-12
4.357178589294647 6.613790001870396e-12
4.362181090545272 6.2401156751619285e-12
4.367183591795897 5.887160792973615e-12
4.3721860930465235 5.553799191198777e-12
4.377188594297149 5.238964628149351e-12
4.382191095547774 4.9416476679761274e-12
4.387193596798399 4.660892722248554e-12
4.392196098049024 4.3957952418788975e-12
4.397198599299649 4.1454990519507854e-12
4.402201100550275 3.909193822370218e-12
4.407203601800901 3.686112667597247e-12
4.412206103051526 3.475529869042728e-12
4.417208604302151 3.276758714022902e-12
4.422211105552776 3.0891494454617936e-12
4.427213606803401 2.9120873168112706e-12
4.4322161080540265 2.7449907469279522e-12
4.437218609304653 2.587309569901418e-12
4.442221110555278 2.4385233750722393e-12
4.447223611805903 2.2981399327097212e-12
4.452226113056528 2.165693701041545e-12
4.457228614307153 2.0407444105372747e-12
4.4622311155577785 1.9228757215488215e-12
4.467233616808404 1.8116939516021592e-12
4.47223611805903 1.7068268688166306e-12
4.477238619309655 1.6079225481015495e-12
4.48224112056028 1.5146482869448677e-12
4.487243621810905 1.4266895777662614e-12
4.4922461230615305 1.3437491339562752e-12
4.497248624312156 1.2655459668658357e-12
4.502251125562781 1.1918145111463122e-12
4.507253626813407 1.1223037959691014e-12
4.512256128064032 1.0567766597769343e-12
4.517258629314657 9.950090063358124e-13
4.5222611305652824 9.367890999680792e-13
4.527263631815908 8.819168979528471e-13
4.532266133066533 8.302034181808045e-13
4.537268634317159 7.81470140246417e-13
4.542271135567784 7.355484382517371e-13
4.547273636818409 6.922790436825779e-13
4.552276138069034 6.515115368007431e-13
4.55727863931966 6.131038650741113e-13
4.562281140570285 5.769218872412218e-13
4.56728364182091 5.428389416779439e-13
4.572286143071536 5.107354378012852e-13
4.577288644322161 4.804984693096041e-13
4.582291145572786 4.5202144811937807e-13
4.587293646823412 4.2520375791687434e-13
4.592296148074037 3.999504262979791e-13
4.597298649324662 3.761718145219355e-13
4.602301150575287 3.5378332395453704e-13
4.607303651825913 3.3270511832357624e-13
4.612306153076538 3.128618609543816e-13
4.6173086543271635 2.941824661958781e-13
4.622311155577789 2.7659986428835123e-13
4.627313656828414 2.6005077896248395e-13
4.632316158079039 2.444755170959547e-13
4.637318659329665 2.2981776978863986e-13
4.64232116058029 2.1602442425051103e-13
4.6473236618309155 2.0304538592763034e-13
4.652326163081541 1.9083341032156216e-13
4.657328664332166 1.7934394398566284e-13
4.662331165582791 1.685349742086691e-13
4.667333666833416 1.583668869214609e-13
4.672336168084042 1.4880233238707245e-13
4.6773386693346675 1.3980609825703274e-13
4.682341170585293 1.3134498959886857e-13
4.687343671835918 1.2338771552035803e-13
4.692346173086543 1.1590478203571356e-13
4.697348674337168 1.0886839083752825e-13
4.702351175587793 1.0225234365599653e-13
4.707353676838419 9.603195190369511e-14
4.712356178089045 9.018395132012693e-14
4.71735867933967 8.468642134530965e-14
4.722361180590295 7.951870896603586e-14
4.72736368184092 7.466135679198823e-14
4.732366183091545 7.00960351317761e-14
4.7373686843421705 6.580547785118483e-14
4.742371185592797 6.17734218074893e-14
4.747373686843422 5.798454966468354e-14
4.752376188094047 5.442443590485937e-14
4.757378689344672 5.107949586087112e-14
4.762381190595297 4.793693760473832e-14
4.7673836918459225 4.498471653513106e-14
4.7723861930965485 4.2211492515670656e-14
4.777388694347174 3.960658942374625e-14
4.782391195597799 3.715995697708666e-14
4.787393696848424 3.486213471248657e-14
4.792396198099049 3.270421799784739e-14
4.7973986993496744 3.067782596511646e-14
4.8024012006003 2.8775071257786746e-14
4.807403701850926 2.6988531492373122e-14
4.812406203101551 2.5311222338740337e-14
4.817408704352176 2.3736572129312872e-14
4.822411205602801 2.2258397912100696e-14
4.827413706853426 2.0870882867094067e-14
4.832416208104052 1.9568555009971634e-14
4.837418709354677 1.8346267111216872e-14
4.842421210605303 1.7199177762666377e-14
4.847423711855928 1.6122733527236166e-14
4.852426213106553 1.511265211108915e-14
4.857428714357178 1.4164906500846866e-14
4.862431215607804 1.3275710011594924e-14
4.867433716858429 1.244150219442197e-14
4.872436218109055 1.1658935555053213e-14
4.87743871935968 1.0924863037813766e-14
4.882441220610305 1.0236326231682294e-14
4.88744372186093 9.590544257591626e-15
4.8924462231115555 8.984903298390426e-15
4.897448724362181 8.416946735022934e-15
4.902451225612806 7.884365854506358e-15
4.907453726863432 7.384991097199971e-15
4.912456228114057 6.916783812669639e-15
4.917458729364682 6.477828495161437e-15
4.9224612306153075 6.066325471319442e-15
4.927463731865933 5.6805840143084764e-15
4.932466233116558 5.3190158599513085e-15
4.937468734367183 4.9801291018555e-15
4.942471235617809 4.662522443797735e-15
4.947473736868434 4.364879788853905e-15
4.9524762381190595 4.0859651459171554e-15
4.957478739369685 3.824617835337326e-15
4.96248124062031 3.579747976444461e-15
4.967483741870935 3.350332240693054e-15
4.972486243121561 3.1354098550832223e-15
4.977488744372186 2.9340788413840304e-15
4.982491245622811 2.745492477503873e-15
4.987493746873437 2.568855968129248e-15
4.992496248124062 2.403423312484221e-15
4.997498749374687 2.248494357754319e-15
5.002501250625312 2.1034120273717663e-15
