-1.5 0.32836362666956415
-1.49 0.32844033931993044
-1.48 0.32851655658446494
-1.47 0.32859227811000274
-1.46 0.32866750354562163
-1.45 0.3287422325426441
-1.44 0.3288164647546409
-1.43 0.32889019983743273
-1.42 0.32896343744909373
-1.41 0.32903617724995354
-1.4000000000000001 0.32910841890260045
-1.3900000000000001 0.32918016207188355
-1.3800000000000001 0.32925140642491557
-1.37 0.3293221516310752
-1.36 0.32939239736201015
-1.35 0.32946214329163914
-1.34 0.3295313890961547
-1.33 0.32960013445402575
-1.32 0.32966837904599977
-1.31 0.3297361225551056
-1.3 0.3298033646666558
-1.29 0.3298701050682489
-1.28 0.32993634344977213
-1.27 0.33000207950340354
-1.26 0.33006731292361463
-1.25 0.33013204340717245
-1.24 0.33019627065314217
-1.23 0.3302599943628894
-1.22 0.3303232142400822
-1.21 0.3303859299906938
-1.2 0.3304481413230048
-1.19 0.3305098479476051
-1.18 0.3305710495773964
-1.17 0.3306317459275946
-1.16 0.3306919367157315
-1.1500000000000001 0.3307516216616574
-1.1400000000000001 0.3308108004875434
-1.1300000000000001 0.330869472917883
-1.12 0.3309276386794947
-1.11 0.330985297501524
-1.1 0.33104244911544545
-1.09 0.3310990932550647
-1.08 0.33115522965652083
-1.07 0.331210858058288
-1.06 0.3312659782011777
-1.05 0.33132058982834084
-1.04 0.3313746926852696
-1.03 0.33142828651979944
-1.02 0.3314813710821111
-1.01 0.3315339461247326
-1.0 0.33158601140254085
-0.99 0.33163756667276395
-0.98 0.3316886116949828
-0.97 0.33173914623113343
-0.96 0.33178917004550795
-0.9500000000000001 0.33183868290475727
-0.9400000000000001 0.3318876845778925
-0.93 0.33193617483628696
-0.92 0.33198415345367754
-0.91 0.33203162020616683
-0.9 0.33207857487222503
-0.89 0.33212501723269106
-0.88 0.33217094707077477
-0.87 0.3322163641720585
-0.86 0.3322612683244987
-0.85 0.3323056593184276
-0.84 0.3323495369465548
-0.8300000000000001 0.33239290100396895
-0.8200000000000001 0.3324357512881394
-0.81 0.33247808759891756
-0.8 0.33251990973853873
-0.79 0.33256121751162343
-0.78 0.332602010725179
-0.77 0.3326422891886011
-0.76 0.3326820527136753
-0.75 0.3327213011145782
-0.74 0.33276003420787936
-0.73 0.33279825181254247
-0.72 0.3328359537499266
-0.71 0.33287313984378786
-0.7000000000000001 0.3329098099202808
-0.6900000000000001 0.33294596380795943
-0.68 0.3329816013377789
-0.67 0.3330167223430967
-0.66 0.3330513266596739
-0.65 0.33308541412567655
-0.64 0.33311898458167666
-0.63 0.3331520378706541
-0.62 0.33318457383799677
-0.61 0.33321659233150297
-0.6 0.33324809320138166
-0.59 0.33327907630025416
-0.58 0.33330954148315506
-0.5700000000000001 0.33333948860753354
-0.56 0.3333689175332542
-0.55 0.3333978281225985
-0.54 0.3334262202402655
-0.53 0.3334540937533733
-0.52 0.33348144853145945
-0.51 0.3335082844464828
-0.5 0.33353460137282376
-0.49 0.3335603991872856
-0.48 0.33358567776909576
-0.47000000000000003 0.33361043699990583
-0.46 0.3336346767637936
-0.45 0.33365839694726324
-0.44 0.3336815974392462
-0.43 0.33370427813110254
-0.42 0.3337264389166214
-0.41000000000000003 0.33374807969202186
-0.4 0.3337692003559538
-0.39 0.3337898008094989
-0.38 0.3338098809561709
-0.37 0.333829440701917
-0.36 0.33384847995511807
-0.35000000000000003 0.33386699862658964
-0.34 0.3338849966295824
-0.33 0.33390247387978317
-0.32 0.33391943029531523
-0.31 0.3339358657967392
-0.3 0.33395178030705347
-0.29 0.33396717375169505
-0.28 0.3339820460585399
-0.27 0.3339963971579037
-0.26 0.3340102269825422
-0.25 0.33402353546765173
-0.24 0.33403632255087
-0.23 0.33404858817227645
-0.22 0.33406033227439247
-0.21 0.33407155480218215
-0.2 0.33408225570305256
-0.19 0.33409243492685436
-0.18 0.33410209242588185
-0.17 0.3341112281548736
-0.16 0.33411984207101275
-0.15 0.33412793413392733
-0.14 0.3341355043056906
-0.13 0.3341425525508212
-0.12 0.33414907883628375
-0.11 0.33415508313148884
-0.1 0.3341605654082931
-0.09 0.33416552564100005
-0.08 0.33416996380635955
-0.07 0.3341738798835686
-0.06 0.3341772738542712
-0.05 0.3341801457025584
-0.04 0.3341824954149685
-0.03 0.33418432298048756
-0.02 0.33418562839054883
-0.01 0.33418641163903323
0.0 0.3341866727222693
0.01 0.33418641163903323
0.02 0.33418562839054883
0.03 0.33418432298048756
0.04 0.3341824954149685
0.05 0.3341801457025584
0.06 0.3341772738542712
0.07 0.3341738798835686
0.08 0.33416996380635955
0.09 0.33416552564100005
0.1 0.3341605654082931
0.11 0.33415508313148884
0.12 0.33414907883628375
0.13 0.3341425525508212
0.14 0.3341355043056906
0.15 0.33412793413392733
0.16 0.33411984207101275
0.17 0.3341112281548736
0.18 0.33410209242588185
0.19 0.33409243492685436
0.2 0.33408225570305256
0.21 0.33407155480218215
0.22 0.33406033227439247
0.23 0.33404858817227645
0.24 0.33403632255087
0.25 0.33402353546765173
0.26 0.3340102269825422
0.27 0.3339963971579037
0.28 0.3339820460585399
0.29 0.33396717375169505
0.3 0.33395178030705347
0.31 0.3339358657967392
0.32 0.33391943029531523
0.33 0.33390247387978317
0.34 0.3338849966295824
0.35000000000000003 0.33386699862658964
0.36 0.33384847995511807
0.37 0.333829440701917
0.38 0.3338098809561709
0.39 0.3337898008094989
0.4 0.3337692003559538
0.41000000000000003 0.33374807969202186
0.42 0.3337264389166214
0.43 0.33370427813110254
0.44 0.3336815974392462
0.45 0.33365839694726324
0.46 0.3336346767637936
0.47000000000000003 0.33361043699990583
0.48 0.33358567776909576
0.49 0.3335603991872856
0.5 0.33353460137282376
0.51 0.3335082844464828
0.52 0.33348144853145945
0.53 0.3334540937533733
0.54 0.3334262202402655
0.55 0.3333978281225985
0.56 0.3333689175332542
0.5700000000000001 0.33333948860753354
0.58 0.33330954148315506
0.59 0.33327907630025416
0.6 0.33324809320138166
0.61 0.33321659233150297
0.62 0.33318457383799677
0.63 0.3331520378706541
0.64 0.33311898458167666
0.65 0.33308541412567655
0.66 0.3330513266596739
0.67 0.3330167223430967
0.68 0.3329816013377789
0.6900000000000001 0.33294596380795943
0.7000000000000001 0.3329098099202808
0.71 0.33287313984378786
0.72 0.3328359537499266
0.73 0.33279825181254247
0.74 0.33276003420787936
0.75 0.3327213011145782
0.76 0.3326820527136753
0.77 0.3326422891886011
0.78 0.332602010725179
0.79 0.33256121751162343
0.8 0.33251990973853873
0.81 0.33247808759891756
0.8200000000000001 0.3324357512881394
0.8300000000000001 0.33239290100396895
0.84 0.3323495369465548
0.85 0.3323056593184276
0.86 0.3322612683244987
0.87 0.3322163641720585
0.88 0.33217094707077477
0.89 0.33212501723269106
0.9 0.33207857487222503
0.91 0.33203162020616683
0.92 0.33198415345367754
0.93 0.33193617483628696
0.9400000000000001 0.3318876845778925
0.9500000000000001 0.33183868290475727
0.96 0.33178917004550795
0.97 0.33173914623113343
0.98 0.3316886116949828
0.99 0.33163756667276395
1.0 0.33158601140254085
1.01 0.3315339461247326
1.02 0.3314813710821111
1.03 0.33142828651979944
1.04 0.3313746926852696
1.05 0.33132058982834084
1.06 0.3312659782011777
1.07 0.331210858058288
1.08 0.33115522965652083
1.09 0.3310990932550647
1.1 0.33104244911544545
1.11 0.330985297501524
1.12 0.3309276386794947
1.1300000000000001 0.330869472917883
1.1400000000000001 0.3308108004875434
1.1500000000000001 0.3307516216616574
1.16 0.3306919367157315
1.17 0.3306317459275946
1.18 0.3305710495773964
1.19 0.3305098479476051
1.2 0.3304481413230048
1.21 0.3303859299906938
1.22 0.3303232142400822
1.23 0.3302599943628894
1.24 0.33019627065314217
1.25 0.33013204340717245
1.26 0.33006731292361463
1.27 0.33000207950340354
1.28 0.32993634344977213
1.29 0.3298701050682489
1.3 0.3298033646666558
1.31 0.3297361225551056
1.32 0.32966837904599977
1.33 0.32960013445402575
1.34 0.3295313890961547
1.35 0.32946214329163914
1.36 0.32939239736201015
1.37 0.3293221516310752
1.3800000000000001 0.32925140642491557
1.3900000000000001 0.32918016207188355
1.4000000000000001 0.32910841890260045
1.41 0.32903617724995354
1.42 0.32896343744909373
1.43 0.32889019983743273
1.44 0.3288164647546409
1.45 0.3287422325426441
1.46 0.32866750354562163
1.47 0.32859227811000274
1.48 0.32851655658446494
1.49 0.32844033931993044
1.5 0.32836362666956415
