-5.002273760800364 1.0060936021787051e-11
-4.997726239199636 1.0720424016226033e-11
-4.993178717598909 1.1416747055036647e-11
-4.988631195998181 1.2151600364311835e-11
-4.9840836743974535 1.2926742745985288e-11
-4.979536152796726 1.37439988320381e-11
-4.974988631195998 1.4605261448434313e-11
-4.970441109595271 1.5512494094484862e-11
-4.965893587994543 1.646773354344553e-11
-4.961346066393816 1.747309257025445e-11
-4.956798544793088 1.853076281241053e-11
-4.95225102319236 1.9643017770086163e-11
-4.947703501591633 2.0812215951656373e-11
-4.943155979990905 2.2040804170913762e-11
-4.938608458390178 2.3331321002323688e-11
-4.93406093678945 2.4686400400760583e-11
-4.9295134151887225 2.6108775492251113e-11
-4.924965893587995 2.7601282542339848e-11
-4.920418371987267 2.9166865108783215e-11
-4.91587085038654 3.080857838537378e-11
-4.911323328785812 3.252959374379654e-11
-4.906775807185085 3.4333203480528204e-11
-4.902228285584357 3.622282577590251e-11
-4.8976807639836295 3.8202009872590926e-11
-4.893133242382902 4.0274441480879696e-11
-4.8885857207821735 4.2443948418269365e-11
-4.884038199181446 4.4714506491076415e-11
-4.879490677580718 4.709024562589512e-11
-4.874943155979991 4.957545625894508e-11
-4.870395634379263 5.217459599154475e-11
-4.865848112778536 5.4892296520153856e-11
-4.861300591177808 5.773337084966404e-11
-4.85675306957708 6.070282079886311e-11
-4.852205547976353 6.380584480726388e-11
-4.847658026375625 6.704784605277692e-11
-4.843110504774898 7.043444089000711e-11
-4.83856298317417 7.397146761928272e-11
-4.8340154615734425 7.766499559686842e-11
-4.829467939972715 8.152133469718227e-11
-4.824920418371987 8.55470451382236e-11
-4.82037289677126 8.974894768183043e-11
-4.815825375170532 9.413413422081734e-11
-4.811277853569805 9.870997876549938e-11
-4.806730331969077 1.0348414884258826e-10
-4.8021828103683495 1.0846461731994643e-10
-4.797635288767622 1.1365967467121351e-10
-4.793087767166894 1.190779416948645e-10
-4.788540245566167 1.247283827028376e-10
-4.783992723965439 1.3062031919446431e-10
-4.779445202364712 1.3676344403205493e-10
-4.774897680763984 1.4316783613514627e-10
-4.770350159163256 1.498439757110824e-10
-4.765802637562529 1.568027600403013e-10
-4.761255115961801 1.6405551983542148e-10
-4.756707594361074 1.716140361939709e-10
-4.752160072760346 1.794905581653721e-10
-4.7476125511596186 1.876978209536038e-10
-4.743065029558891 1.962490647777759e-10
-4.738517507958163 2.0515805441372037e-10
-4.733969986357435 2.1443909944057244e-10
-4.729422464756707 2.241070752172152e-10
-4.72487494315598 2.3417744461444114e-10
-4.720327421555252 2.446662805295741e-10
-4.715779899954525 2.555902892113622e-10
-4.711232378353797 2.669668344239303e-10
-4.7066848567530695 2.788139624796522e-10
-4.702137335152342 2.911504281718808e-10
-4.697589813551614 3.039957216395905e-10
-4.693042291950887 3.1737009619713685e-10
-4.688494770350159 3.3129459716351436e-10
-4.683947248749432 3.4579109172671337e-10
-4.679399727148704 3.608822998800178e-10
-4.674852205547976 3.765918264683828e-10
-4.670304683947249 3.929441943843383e-10
-4.665757162346521 4.0996487895423285e-10
-4.661209640745794 4.2768034355702954e-10
-4.656662119145066 4.4611807651930017e-10
-4.6521145975443385 4.6530662933154206e-10
-4.647567075943611 4.852756562324686e-10
-4.643019554342883 5.060559552094838e-10
-4.638472032742156 5.276795104651642e-10
-4.633924511141428 5.501795364012327e-10
-4.629376989540701 5.735905231731983e-10
-4.624829467939973 5.979482838706154e-10
-4.6202819463392455 6.232900033796933e-10
-4.615734424738518 6.496542889868751e-10
-4.61118690313779 6.770812227838848e-10
-4.606639381537063 7.056124159367592e-10
-4.602091859936335 7.352910648833426e-10
-4.597544338335608 7.661620095258894e-10
-4.59299681673488 7.982717934874989e-10
-4.5884492951341525 8.316687265033753e-10
-4.583901773533425 8.664029490201544e-10
-4.579354251932697 9.025264990789076e-10
-4.574806730331969 9.400933815598492e-10
-4.570259208731241 9.791596398692329e-10
-4.565711687130514 1.0197834301516217e-09
-4.561164165529786 1.0620250981131334e-09
-4.5566166439290585 1.1059472585442276e-09
-4.552069122328331 1.1516148776332755e-09
-4.547521600727603 1.1990953581650619e-09
-4.542974079126876 1.2484586277014114e-09
-4.538426557526148 1.2997772298441334e-09
-4.533879035925421 1.353126418683691e-09
-4.529331514324693 1.408584256540256e-09
-4.5247839927239655 1.4662317151071622e-09
-4.520236471123238 1.5261527801102451e-09
-4.51568894952251 1.5884345596001189e-09
-4.511141427921783 1.6531673959981194e-09
-4.506593906321055 1.7204449820204482e-09
-4.502046384720328 1.790364480608904e-09
-4.4974988631196 1.86302664900069e-09
-4.492951341518872 1.9385359670738323e-09
-4.488403819918145 2.017000770109096e-09
-4.483856298317417 2.098533386113628e-09
-4.47930877671669 2.1832502778560627e-09
-4.474761255115962 2.2712721897675844e-09
-4.4702137335152345 2.3627242998680866e-09
-4.465666211914507 2.457736376881673e-09
-4.461118690313779 2.5564429427106843e-09
-4.456571168713052 2.6589834404427806e-09
-4.452023647112324 2.7655024080709517e-09
-4.447476125511597 2.876149658111881e-09
-4.442928603910869 2.991080463313799e-09
-4.4383810823101415 3.1104557486508832e-09
-4.433833560709414 3.2344422898072317e-09
-4.429286039108686 3.3632129183597594e-09
-4.424738517507959 3.4969467338756982e-09
-4.42019099590723 3.6358293231470753e-09
-4.415643474306503 3.780052986791005e-09
-4.411095952705775 3.929816973452431e-09
-4.406548431105048 4.085327721851836e-09
-4.40200090950432 4.2467991109291226e-09
-4.397453387903592 4.414452718341655e-09
-4.392905866302865 4.588518087582536e-09
-4.388358344702137 4.76923300399325e-09
-4.38381082310141 4.956843779952929e-09
-4.379263301500682 5.151605549535227e-09
-4.3747157798999545 5.3537825729321735e-09
-4.370168258299227 5.563648550953806e-09
-4.365620736698499 5.7814869499211386e-09
-4.361073215097772 6.007591337279965e-09
-4.356525693497044 6.2422657282723775e-09
-4.351978171896317 6.4858249440131444e-09
-4.347430650295589 6.738594981328347e-09
-4.3428831286948615 7.000913394724186e-09
-4.338335607094134 7.2731296908649225e-09
-4.333788085493406 7.5556057359498e-09
-4.329240563892679 7.848716176390803e-09
-4.324693042291951 8.152848873204252e-09
-4.320145520691224 8.46840535054203e-09
-4.315597999090496 8.795801258800158e-09
-4.311050477489768 9.135466852755628e-09
-4.306502955889041 9.487847485195338e-09
-4.301955434288313 9.853404116514564e-09
-4.297407912687586 1.023261384077627e-08
-4.292860391086858 1.062597042873678e-08
-4.2883128694861306 1.1033984888358e-08
-4.283765347885403 1.1457186043341499e-08
-4.279217826284675 1.1896121130234886e-08
-4.274670304683948 1.2351356414677179e-08
-4.27012278308322 1.2823477827365785e-08
-4.265575261482492 1.3313091620344707e-08
-4.261027739881764 1.3820825044229992e-08
-4.256480218281037 1.4347327047007929e-08
-4.251932696680309 1.4893268995056664e-08
-4.2473851750795815 1.5459345417063066e-08
-4.242837653478854 1.604627477152434e-08
-4.238290131878126 1.6654800238543783e-08
-4.233742610277399 1.7285690536650175e-08
-4.229195088676671 1.793974076539047e-08
-4.224647567075944 1.8617773274467218e-08
-4.220100045475216 1.9320638560213045e-08
-4.215552523874488 2.004921619021758e-08
-4.211005002273761 2.0804415756943796e-08
-4.206457480673033 2.1587177861195712e-08
-4.201909959072306 2.239847512632172e-08
-4.197362437471578 2.3239313244063565e-08
-4.1928149158708505 2.4110732052985756e-08
-4.188267394270123 2.5013806650445996e-08
-4.183719872669395 2.5949648539093942e-08
-4.179172351068668 2.6919406808912734e-08
-4.17462482946794 2.7924269355845435e-08
-4.170077307867213 2.8965464138077402e-08
-4.165529786266485 3.004426047107476e-08
-4.1609822646657575 3.11619703625092e-08
-4.15643474306503 3.2319949888229944e-08
-4.151887221464302 3.3519600610475984e-08
-4.147339699863575 3.476237103955289e-08
-4.142792178262847 3.604975814023293e-08
-4.13824465666212 3.738330888417011e-08
-4.133697135061392 3.8764621849657424e-08
-4.1291496134606644 4.01953488700888e-08
-4.124602091859937 4.167719673252483e-08
-4.120054570259209 4.3211928927799114e-08
-4.115507048658482 4.480136745364018e-08
-4.110959527057753 4.6447394672323494e-08
-4.106412005457026 4.815195522440648e-08
-4.101864483856298 4.9917058000147114e-08
-4.0973169622555705 5.174477817023779e-08
-4.092769440654843 5.3637259277540396e-08
-4.088221919054115 5.559671539154711e-08
-4.083674397453388 5.762543332733722e-08
-4.07912687585266 5.972577493084865e-08
-4.074579354251933 6.190017943232792e-08
-4.070031832651205 6.415116586987398e-08
-4.0654843110504775 6.64813355850376e-08
-4.06093678944975 6.889337479249312e-08
-4.056389267849022 7.139005722584741e-08
-4.051841746248295 7.397424686170756e-08
-4.047294224647567 7.664890072418272e-08
-4.04274670304684 7.941707177204954e-08
-4.038199181446112 8.228191187087162e-08
-4.033651659845384 8.524667485241776e-08
-4.029104138244657 8.831471966378816e-08
-4.024556616643929 9.148951360871541e-08
-4.020009095043202 9.477463568357181e-08
-4.015461573442474 9.817378001067809e-08
-4.0109140518417465 1.016907593715756e-07
-4.006366530241019 1.0532950884298854e-07
-4.001819008640291 1.0909408953827467e-07
-3.997271487039564 1.1298869245723042e-07
-3.992723965438836 1.1701764244719095e-07
-3.988176443838108 1.21185402278434e-07
-3.9836289222373806 1.2549657683698309e-07
-3.979081400636653 1.2995591743796338e-07
-3.9745338790359255 1.34568326262763e-07
-3.969986357435198 1.3933886092331702e-07
-3.9654388358344703 1.44272739156922e-07
-3.9608913142337427 1.4937534365506886e-07
-3.956343792633015 1.5465222702986983e-07
-3.9517962710322876 1.6010911692173992e-07
-3.94724874943156 1.6575192125208727e-07
-3.9427012278308324 1.715867336248532e-07
-3.938153706230105 1.776198388808388e-07
-3.9336061846293773 1.838577188088514e-07
-3.9290586630286497 1.9030705801779887e-07
-3.924511141427922 1.9697474997396032e-07
-3.9199636198271945 2.038679032077655e-07
-3.9154160982264665 2.1099384769451693e-07
-3.910868576625739 2.1836014141359114e-07
-3.9063210550250114 2.2597457709077656e-07
-3.901773533424284 2.338451891284977e-07
-3.897226011823556 2.419802607288041e-07
-3.8926784902228286 2.503883312141088e-07
-3.888130968622101 2.5907820355078297e-07
-3.8835834470213735 2.680589520808293e-07
-3.879035925420646 2.7733993046698724e-07
-3.8744884038199183 2.8693077985673344e-07
-3.8699408822191907 2.9684143727078995e-07
-3.865393360618463 3.070821442218605e-07
-3.8608458390177356 3.176634555694633e-07
-3.856298317417008 3.285962486168612e-07
-3.8517507958162804 3.3989173245622057e-07
-3.847203274215553 3.5156145756828573e-07
-3.8426557526148253 3.6361732568298406e-07
-3.8381082310140973 3.760715999075371e-07
-3.8335607094133697 3.8893691512878905e-07
-3.829013187812642 4.0222628869663955e-07
-3.8244656662119145 4.159531313955901e-07
-3.819918144611187 4.3013125871160097e-07
-3.8153706230104594 4.447749024016046e-07
-3.810823101409732 4.59898722373191e-07
-3.806275579809004 4.7551781888214234e-07
-3.8017280582082766 4.916477450556704e-07
-3.797180536607549 5.083045197493877e-07
-3.7926330150068215 5.25504640746214e-07
-3.788085493406094 5.432650983056071e-07
-3.7835379718053663 5.616033890716892e-07
-3.7789904502046388 5.805375303490293e-07
-3.774442928603911 6.000860747550341e-07
-3.7698954070031836 6.202681252580943e-07
-3.765347885402456 6.411033506108312e-07
-3.760800363801728 6.626120011880001e-07
-3.7562528422010004 6.8481492523879e-07
-3.751705320600273 7.077335855635169e-07
-3.7471577989995453 7.313900766248489e-07
-3.7426102773988177 7.558071421040008e-07
-3.73806275579809 7.810081929124912e-07
-3.7335152341973625 8.070173256703233e-07
-3.728967712596635 8.338593416616609e-07
-3.7244201909959074 8.615597662793077e-07
-3.71987266939518 8.901448689695404e-07
-3.715325147794452 9.19641683689091e-07
-3.7107776261937246 9.500780298863005e-07
-3.706230104592997 9.814825340187552e-07
-3.7016825829922695 1.013884651619924e-06
-3.697135061391542 1.0473146899276196e-06
-3.6925875397908143 1.0818038310873464e-06
-3.6880400181900868 1.1173841559438512e-06
-3.6834924965893587 1.154088668434525e-06
-3.678944974988631 1.1919513205984866e-06
-3.6743974533879036 1.2310070382155903e-06
-3.669849931787176 1.271291747089738e-06
-3.6653024101864484 1.312842399991286e-06
-3.660754888585721 1.355697004273589e-06
-3.6562073669849933 1.3998946501790115e-06
-3.6516598453842657 1.4454755398500658e-06
-3.647112323783538 1.4924810170616487e-06
-3.6425648021828105 1.5409535976906265e-06
-3.638017280582083 1.590937000939413e-06
-3.6334697589813554 1.6424761813304217e-06
-3.628922237380628 1.6956173614886845e-06
-3.6243747157799002 1.7504080657302086e-06
-3.6198271941791726 1.8068971544740188e-06
-3.615279672578445 1.8651348594961744e-06
-3.6107321509777175 1.925172820044376e-06
-3.6061846293769895 1.9870641198321806e-06
-3.601637107776262 2.0508633249321404e-06
-3.5970895861755343 2.1166265225876758e-06
-3.5925420645748067 2.184411360963656e-06
-3.587994542974079 2.254277089856295e-06
-3.5834470213733516 2.3262846023831066e-06
-3.578899499772624 2.4004964776742894e-06
-3.5743519781718964 2.476977024587092e-06
-3.569804456571169 2.555792326465272e-06
-3.5652569349704413 2.637010286966081e-06
-3.5607094133697137 2.7207006769776636e-06
-3.556161891768986 2.806935182650155e-06
-3.5516143701682585 2.8957874545641937e-06
-3.547066848567531 2.9873331580609978e-06
-3.5425193269668034 3.0816500247585807e-06
-3.537971805366076 3.1788179052791757e-06
-3.5334242837653482 3.2789188232132734e-06
-3.52887676216462 3.3820370303462606e-06
-3.5243292405638926 3.488259063173997e-06
-3.519781718963165 3.5976738007342756e-06
-3.5152341973624375 3.7103725237813862e-06
-3.51068667576171 3.826448975331643e-06
-3.5061391541609823 3.945999422608172e-06
-3.5015916325602547 4.0691227204137205e-06
-3.497044110959527 4.195920375960753e-06
-3.4924965893587996 4.326496615188674e-06
-3.487949067758072 4.460958450598342e-06
-3.4834015461573444 4.599415750634827e-06
-3.478854024556617 4.74198131064962e-06
-3.4743065029558893 4.888770925474139e-06
-3.4697589813551617 5.039903463637051e-06
-3.465211459754434 5.1955009432581166e-06
-3.4606639381537065 5.355688609652185e-06
-3.456116416552979 5.520595014677295e-06
-3.451568894952251 5.690352097861472e-06
-3.4470213733515234 5.865095269343187e-06
-3.442473851750796 6.044963494661591e-06
-3.437926330150068 6.230099381432282e-06
-3.4333788085493406 6.420649267945829e-06
-3.428831286948613 6.6167633137263495e-06
-3.4242837653478855 6.818595592088185e-06
-3.419736243747158 7.026304184729316e-06
-3.4151887221464303 7.240051278400793e-06
-3.4106412005457027 7.460003263691907e-06
-3.406093678944975 7.68633083597169e-06
-3.4015461573442476 7.919209098527784e-06
-3.39699863574352 8.158817667944287e-06
-3.3924511141427924 8.405340781761086e-06
-3.387903592542065 8.658967408457491e-06
-3.3833560709413373 8.91989135980391e-06
-3.3788085493406097 9.188311405625694e-06
-3.3742610277398817 9.46443139102429e-06
-3.369713506139154 9.748460356100886e-06
-3.3651659845384265 1.0040612658229337e-05
-3.360618462937699 1.0341108096924803e-05
-3.3560709413369714 1.065017204135582e-05
-3.351523419736244 1.0968035560548217e-05
-3.346975898135516 1.1294935556329676e-05
-3.3424283765347886 1.1631114899064432e-05
-3.337880854934061 1.1976822566228857e-05
-3.3333333333333335 1.2332313783878431e-05
-3.328785811732606 1.2697850171058221e-05
-3.3242382901318783 1.3073699887209028e-05
-3.3196907685311507 1.3460137782622478e-05
-3.315143246930423 1.3857445551998878e-05
-3.3105957253296956 1.4265911891162353e-05
-3.306048203728968 1.4685832656988456e-05
-3.3015006821282404 1.5117511030600558e-05
-3.2969531605275124 1.556125768389141e-05
-3.292405638926785 1.601739094942731e-05
-3.2878581173260573 1.6486236993793667e-05
-3.2833105957253297 1.6968129994439926e-05
-3.278763074124602 1.746341232008431e-05
-3.2742155525238745 1.797243471473845e-05
-3.269668030923147 1.8495556485412945e-05
-3.2651205093224194 1.9033145693566053e-05
-3.260572987721692 1.9585579350357845e-05
-3.256025466120964 2.0153243615773294e-05
-3.2514779445202366 2.073653400167849e-05
-3.246930422919509 2.133585557887482e-05
-3.2423829013187815 2.1951623188216624e-05
-3.237835379718054 2.2584261655858854e-05
-3.2332878581173263 2.323420601270177e-05
-3.2287403365165988 2.3901901718100606e-05
-3.224192814915871 2.458780488790861e-05
-3.219645293315143 2.529238252692341e-05
-3.2150977717144156 2.6016112765805723e-05
-3.210550250113688 2.675948510254283e-05
-3.2060027285129604 2.752300064852683e-05
-3.201455206912233 2.830717237932125e-05
-3.1969076853115053 2.9112525390188273e-05
-3.1923601637107777 2.9939597156450986e-05
-3.18781264211005 3.078893779876511e-05
-3.1832651205093225 3.16611103533749e-05
-3.178717598908595 3.255669104743053e-05
-3.1741700773078674 3.347626957944223e-05
-3.16962255570714 3.442044940494993e-05
-3.165075034106412 3.53898480274857e-05
-3.1605275125056846 3.63850972949085e-05
-3.155979990904957 3.740684370119057e-05
-3.1514324693042295 3.8455748693735776e-05
-3.146884947703502 3.953248898631116e-05
-3.142337426102774 4.063775687767307e-05
-3.1377899045020463 4.177226057597017e-05
-3.1332423829013187 4.293672452900752e-05
-3.128694861300591 4.41318897604536e-05
-3.1241473396998636 4.535851421207604e-05
-3.119599818099136 4.661737309209078e-05
-3.1150522964984084 4.7909259229709786e-05
-3.110504774897681 4.9234983435974714e-05
-3.1059572532969533 5.059537487096205e-05
-3.1014097316962257 5.199128141744837e-05
-3.096862210095498 5.3423570061123584e-05
-3.0923146884947705 5.4893127277440063e-05
-3.087767166894043 5.640085942518839e-05
-3.0832196452933154 5.794769314688798e-05
-3.078672123692588 5.953457577608438e-05
-3.0741246020918602 6.116247575164281e-05
-3.0695770804911326 6.283238303913058e-05
-3.0650295588904046 6.454530955937972e-05
-3.060482037289677 6.630228962432118e-05
-3.0559345156889495 6.810438038018653e-05
-3.051386994088222 6.995266225816694e-05
-3.0468394724874943 7.18482394326248e-05
-3.0422919508867667 7.37922402869531e-05
-3.037744429286039 7.578581788717497e-05
-3.0331969076853116 7.783015046338016e-05
-3.028649386084584 7.992644189909301e-05
-3.0241018644838564 8.207592222866708e-05
-3.019554342883129 8.427984814280342e-05
-3.0150068212824013 8.65395035022875e-05
-3.0104592996816737 8.885619986004284e-05
-3.005911778080946 9.12312769915959e-05
-3.0013642564802185 9.366610343405174e-05
-2.996816734879491 9.616207703367503e-05
-2.9922692132787634 9.87206255021755e-05
-2.9877216916780354 0.00010134320698179528
-2.983174170077308 0.00010403131061929269
-2.97862664847658 0.00010678645714892614
-2.9740791268758526 0.000109610199484529
-2.969531605275125 0.00011250412332077744
-2.9649840836743975 0.00011546984774374809
-2.96043656207367 0.00011850902585086192
-2.9558890404729423 0.00012162334538031374
-2.9513415188722147 0.00012481452935008254
-2.946793997271487 0.00012808433670662318
-2.9422464756707596 0.00013143456298333268
-2.937698954070032 0.00013486704096889098
-2.9331514324693044 0.0001383836413855719
-2.928603910868577 0.00014198627357762028
-2.9240563892678493 0.00014567688620979174
-2.9195088676671217 0.00014945746797615108
-2.914961346066394 0.00015333004831922357
-2.9104138244656665 0.00015729669815959512
-2.9058663028649385 0.0001613595306360562
-2.901318781264211 0.00016552070185637762
-2.8967712596634834 0.00016978241165882378
-2.892223738062756 0.00017414690438448123
-2.887676216462028 0.00017861646966050516
-2.8831286948613006 0.0001831934431943701
-2.878581173260573 0.00018788020757921713
-2.8740336516598455 0.00019267919311038631
-2.869486130059118 0.00019759287861322315
-2.8649386084583903 0.0002026237922822483
-2.8603910868576627 0.00020777451253177487
-2.855843565256935 0.0002130476688580622
-2.8512960436562076 0.000218445942713088
-2.84674852205548 0.00022397206839002535
-2.8422010004547524 0.00022962883392050378
-2.837653478854025 0.00023541908198373914
-2.8331059572532973 0.00024134571082761074
-2.8285584356525693 0.00024741167520176246
-2.8240109140518417 0.0002536199873028065
-2.819463392451114 0.0002599737177317109
-2.8149158708503865 0.0002664759964634321
-2.810368349249659 0.0002731300138288788
-2.8058208276489314 0.00027993902150926935
-2.801273306048204 0.0002869063335429548
-2.796725784447476 0.0002940353273447766
-2.7921782628467486 0.00030132944473801874
-2.787630741246021 0.00030879219299902714
-2.7830832196452935 0.0003164271459145468
-2.778535698044566 0.0003242379448518477
-2.7739881764438383 0.00033222829984168626
-2.7694406548431107 0.00034040199067416504
-2.764893133242383 0.00034876286800754097
-2.7603456116416556 0.0003573148544900326
-2.755798090040928 0.00036606194589467285
-2.7512505684402 0.00037500821226725783
-2.7467030468394724 0.0003841577990874254
-2.742155525238745 0.0003935149284429196
-2.7376080036380173 0.0004030839002170624
-2.7330604820372897 0.0004128690932894724
-2.728512960436562 0.00042287496675007035
-2.7239654388358345 0.00043310606112639035
-2.719417917235107 0.0004435669996242279
-2.7148703956343794 0.0004542624893816453
-2.710322874033652 0.0004651973227363566
-2.705775352432924 0.00047637637850650547
-2.7012278308321966 0.00048780462328485005
-2.696680309231469 0.0004994871127463647
-2.6921327876307415 0.0005114289929692648
-2.687585266030014 0.000523635501769454
-2.6830377444292863 0.0005361119700483948
-2.6784902228285588 0.0005488638231543977
-2.6739427012278307 0.000561896582257319
-2.669395179627103 0.0005752158657366454
-2.6648476580263756 0.0005888273905829722
-2.660300136425648 0.0006027369738128212
-2.6557526148249204 0.0006169505338967946
-2.651205093224193 0.0006314740922010296
-2.6466575716234653 0.000646313774441916
-2.6421100500227377 0.0006614758121540391
-2.63756252842201 0.0006769665441713059
-2.6330150068212825 0.0006927924181211981
-2.628467485220555 0.0007089599919321137
-2.6239199636198274 0.0007254759353537178
-2.6193724420191 0.0007423470314902626
-2.6148249204183722 0.000759580178346782
-2.6102773988176446 0.0007771823903881137
-2.605729877216917 0.0007951608001106438
-2.6011823556161895 0.0008135226596267124
-2.5966348340154615 0.0008322753422615706
-2.592087312414734 0.0008514263441628018
-2.5875397908140063 0.0008709832859221166
-2.5829922692132787 0.0008909539142093835
-2.578444747612551 0.0009113461034188177
-2.5738972260118236 0.0009321678573271818
-2.569349704411096 0.0009534273107638828
-2.5648021828103684 0.0009751327312928421
-2.560254661209641 0.0009972925209059782
-2.5557071396089133 0.0010199152177281833
-2.5511596180081857 0.0010430094977336207
-2.546612096407458 0.0010665841764732006
-2.5420645748067305 0.00109064821081306
-2.537517053206003 0.0011152107006838817
-2.5329695316052754 0.0011402808908408724
-2.528422010004548 0.0011658681726342075
-2.5238744884038202 0.0011919820857897619
-2.519326966803092 0.0012186323201999272
-2.5147794452023646 0.0012458287177242763
-2.510231923601637 0.00127358127399993
-2.5056844020009095 0.0013019001402613205
-2.501136880400182 0.001330795625169187
-2.4965893587994543 0.0013602781966485285
-2.4920418371987267 0.001390358483735288
-2.487494315597999 0.0014210472784315091
-2.4829467939972716 0.0014523555375686994
-2.478399272396544 0.0014842943846791374
-2.4738517507958164 0.0015168751118748488
-2.469304229195089 0.0015501091817339517
-2.4647567075943613 0.0015840082291940928
-2.4602091859936337 0.0016185840634526706
-2.455661664392906 0.0016538486698735161
-2.4511141427921785 0.0016898142118997443
-2.446566621191451 0.001726493032972407
-2.442019099590723 0.0017638976584546575
-2.4374715779899954 0.0018020407975610222
-2.432924056389268 0.001840935345291495
-2.42837653478854 0.0018805943843700273
-2.4238290131878126 0.0019210311871870737
-2.419281491587085 0.0019622592177458028
-2.4147339699863575 0.00200429213361158
-2.41018644838563 0.0020471437878643315
-2.4056389267849023 0.002090828231053356
-2.4010914051841747 0.0021353597131541988
-2.396543883583447 0.002180752685527112
-2.3919963619827196 0.0022270218028767226
-2.387448840381992 0.002274181925212398
-2.3829013187812644 0.0023222481198088797
-2.378353797180537 0.002371235663166738
-2.3738062755798093 0.0024211600429721266
-2.3692587539790817 0.002472036960055374
-2.3647112323783537 0.0025238823303479004
-2.360163710777626 0.0025767122868369735
-2.3556161891768985 0.002630543181517777
-2.351068667576171 0.0026853915873422235
-2.3465211459754434 0.002741274300164058
-2.341973624374716 0.002798208340679599
-2.337426102773988 0.002856210956363663
-2.3328785811732606 0.0029152996234000023
-2.328331059572533 0.0029754920486057784
-2.3237835379718055 0.0030368061713493817
-2.319236016371078 0.003099260165461071
-2.3146884947703503 0.003162872441135804
-2.3101409731696227 0.003227661646827592
-2.305593451568895 0.0032936466711348334
-2.3010459299681676 0.003360846644675894
-2.29649840836744 0.0034292809419543455
-2.2919508867667124 0.003498969183213182
-2.2874033651659844 0.003569931236277325
-2.282855843565257 0.0036421872183837285
-2.2783083219645293 0.0037157574979984637
-2.2737608003638017 0.003790662696619967
-2.269213278763074 0.0038669236905678086
-2.2646657571623465 0.003944561612756252
-2.260118235561619 0.004023597854451845
-2.2555707139608914 0.004104054067014312
-2.251023192360164 0.004185952163619987
-2.246475670759436 0.004269314320967039
-2.2419281491587086 0.004354162980961666
-2.237380627557981 0.0044405208523845005
-2.2328331059572535 0.004528410912536497
-2.228285584356526 0.004617856408863329
-2.2237380627557983 0.004708880860557653
-2.2191905411550708 0.00480150806013833
-2.214643019554343 0.004895762075005712
-2.210095497953615 0.004991667248972326
-2.2055479763528876 0.00508924820376784
-2.20100045475216 0.005188529840517739
-2.1964529331514324 0.005289537341194589
-2.191905411550705 0.00539229617004113
-2.1873578899499773 0.005496832074964285
-2.1828103683492497 0.005603171088899158
-2.178262846748522 0.0057113395311421495
-2.1737153251477945 0.0058213640086522125
-2.169167803547067 0.00593327141731938
-2.1646202819463394 0.0060470889431995575
-2.160072760345612 0.0061628440637147295
-2.155525238744884 0.006280564548817485
-2.1509777171441566 0.006400278462119065
-2.146430195543429 0.006522014161979802
-2.1418826739427015 0.006645800302561082
-2.137335152341974 0.006771665834837793
-2.132787630741246 0.0068996400075702485
-2.1282401091405183 0.007029752368234632
-2.1236925875397907 0.007162032763910949
-2.119145065939063 0.00729651134212735
-2.1145975443383356 0.007433218551660041
-2.110050022737608 0.007572185143287437
-2.1055025011368804 0.007713442170497836
-2.100954979536153 0.00785702099014934
-2.0964074579354253 0.00800295326308102
-2.0918599363346977 0.008151270954674439
-2.08731241473397 0.008302006335364149
-2.0827648931332425 0.008455191981096432
-2.078217371532515 0.00861086077373498
-2.0736698499317874 0.008769045901412535
-2.06912232833106 0.008929780858827369
-2.0645748067303322 0.009093099447483566
-2.0600272851296046 0.009259035775873961
-2.0554797635288766 0.0094276242596047
-2.050932241928149 0.009598899621460159
-2.0463847203274215 0.009772896891407446
-2.041837198726694 0.009949651406539068
-2.0372896771259663 0.01012919881095272
-2.0327421555252387 0.010311575055567275
-2.028194633924511 0.010496816397873584
-2.0236471123237836 0.010684959401619223
-2.019099590723056 0.010876040936425897
-2.0145520691223284 0.011070098177338486
-2.010004547521601 0.01126716860430454
-2.0054570259208733 0.011467290001583173
-2.0009095043201457 0.01167050045708223
-1.996361982719418 0.011876838361622562
-1.9918144611186903 0.012086342408128259
-1.9872669395179627 0.01229905159074196
-1.9827194179172352 0.012515005203863764
-1.9781718963165076 0.012734242841112957
-1.97362437471578 0.012956804394211202
-1.9690768531150524 0.013182730051786246
-1.9645293315143249 0.013412060298095064
-1.9599818099135973 0.013644835911665
-1.9554342883128695 0.013881097963852389
-1.950886766712142 0.014120887817316978
-1.9463392451114143 0.014364247124411516
-1.9417917235106867 0.014611217825485084
-1.9372442019099592 0.014861842147099336
-1.9326966803092316 0.015116162600156436
-1.928149158708504 0.015374221977937653
-1.9236016371077764 0.01563606335405171
-1.9190541155070486 0.01590173008029145
-1.914506593906321 0.01617126578439822
-1.9099590723055935 0.016444714367732746
-1.905411550704866 0.016722120002851327
-1.9008640291041383 0.01700352713098654
-1.8963165075034107 0.01728898045943145
-1.8917689859026832 0.017578524958826145
-1.8872214643019556 0.01787220586034575
-1.882673942701228 0.018170068652789036
-1.8781264211005002 0.01847215907956625
-1.8735788994997726 0.018778523135585822
-1.869031377899045 0.019089207064038476
-1.8644838562983175 0.01940425735307814
-1.85993633469759 0.019723720732398538
-1.8553888130968623 0.020047644169704802
-1.8508412914961347 0.020376074867078868
-1.8462937698954072 0.02070906025723823
-1.8417462482946794 0.02104664799968679
-1.8371987266939518 0.02138888597675718
-1.8326512050932242 0.02173582228954388
-1.8281036834924966 0.022087505253725832
-1.823556161891769 0.022443983395278352
-1.8190086402910415 0.0228053054460732
-1.814461118690314 0.02317152033936611
-1.8099135970895863 0.02354267720517134
-1.8053660754888587 0.02391882536552194
-1.800818553888131 0.02430001432961577
-1.7962710322874034 0.024686293788846077
-1.7917235106866758 0.025077713611716162
-1.7871759890859482 0.025474323838637604
-1.7826284674852206 0.025876174676611227
-1.778080945884493 0.026283316493790468
-1.7735334242837655 0.026695799813926415
-1.768985902683038 0.027113675310694287
-1.76443838108231 0.027536993801900198
-1.7598908594815825 0.027965806243568515
-1.755343337880855 0.028400163723909015
-1.7507958162801274 0.028840117457163295
-1.7462482946793998 0.029285718777329963
-1.7417007730786722 0.029737019131769044
-1.7371532514779446 0.03019407007468391
-1.732605729877217 0.030656923260481767
-1.7280582082764895 0.031125630437011588
-1.7235106866757617 0.03160024343867936
-1.718963165075034 0.0320808141794408
-1.7144156434743065 0.03256739464567092
-1.709868121873579 0.03306003688891062
-1.7053206002728514 0.033558793018489824
-1.7007730786721238 0.03406371519402743
-1.6962255570713962 0.03457485561780778
-1.6916780354706686 0.035092266527033816
-1.6871305138699408 0.035616000185956606
-1.6825829922692133 0.036146108877881736
-1.6780354706684857 0.03668264489705236
-1.673487949067758 0.03722566054040885
-1.6689404274670305 0.037775208099225785
-1.664392905866303 0.03833133985062586
-1.6598453842655754 0.03889410804897119
-1.6552978626648478 0.03946356491713249
-1.6507503410641202 0.04003976263763601
-1.6462028194633924 0.0406227533436888
-1.6416552978626648 0.04121258911008276
-1.6371077762619373 0.0418093219439778
-1.6325602546612097 0.042413003775564326
-1.628012733060482 0.04302368644860633
-1.6234652114597545 0.04364142171086437
-1.618917689859027 0.044266261204400324
-1.6143701682582994 0.04489825645576388
-1.6098226466575716 0.04553745886606119
-1.605275125056844 0.04618391970090705
-1.6007276034561164 0.04683769008026103
-1.5961800818553888 0.04749882096814805
-1.5916325602546613 0.04816736316226496
-1.5870850386539337 0.048843367283473306
-1.582537517053206 0.049526883765179705
-1.5779899954524785 0.05021796284260416
-1.573442473851751 0.05091665454193865
-1.5688949522510232 0.05162300866939525
-1.5643474306502956 0.05233707480014619
-1.559799909049568 0.05305890226715698
-1.5552523874488404 0.05378854014991292
-1.5507048658481128 0.0545260372630411
-1.5461573442473853 0.05527144214482881
-1.5416098226466577 0.05602480304563984
-1.5370623010459301 0.056786167916229764
-1.5325147794452023 0.057555584395962256
-1.5279672578444747 0.05833309980092697
-1.5234197362437472 0.05911876111196182
-1.5188722146430196 0.05991261496257966
-1.514324693042292 0.06071470762680261
-1.5097771714415644 0.06152508500690459
-1.5052296498408368 0.06234379262106381
-1.5006821282401093 0.06317087559092784
-1.4961346066393817 0.06400637862909223
-1.491587085038654 0.06485034602649524
-1.4870395634379263 0.06570282163972928
-1.4824920418371987 0.06656384887827334
-1.4779445202364712 0.06743347069164585
-1.4733969986357436 0.06831172955648174
-1.468849477035016 0.06919866746353572
-1.4643019554342884 0.07009432590461226
-1.4597544338335608 0.07099874585942753
-1.4552069122328333 0.07191196778240205
-1.4506593906321055 0.07283403158938935
-1.446111869031378 0.07376497664434072
-1.4415643474306503 0.07470484174591037
-1.4370168258299227 0.07565366511400219
-1.4324693042291952 0.07661148437626034
-1.4279217826284676 0.07757833655450792
-1.42337426102774 0.07855425805113425
-1.4188267394270124 0.07953928463543522
-1.4142792178262846 0.08053345142990773
-1.409731696225557 0.08153679289650209
-1.4051841746248295 0.08254934282283534
-1.400636653024102 0.0835711343083669
-1.3960891314233743 0.08460219975054108
-1.3915416098226467 0.0856425708308979
-1.3869940882219192 0.08669227850115696
-1.3824465666211916 0.08775135296927496
-1.377899045020464 0.08881982368548241
-1.3733515234197362 0.0898977193283009
-1.3688040018190086 0.09098506779054441
-1.364256480218281 0.09208189616530871
-1.3597089586175535 0.09318823073195108
-1.355161437016826 0.09430409694206417
-1.3506139154160983 0.09542951940544606
-1.3460663938153707 0.0965645218760727
-1.3415188722146432 0.09770912723807265
-1.3369713506139154 0.09886335749171027
-1.3324238290131878 0.10002723373937887
-1.3278763074124602 0.10120077617160915
-1.3233287858117326 0.10238400405309486
-1.318781264211005 0.10357693570873974
-1.3142337426102775 0.10477958850973038
-1.30968622100955 0.10599197885963685
-1.3051386994088223 0.1072141221805461
-1.3005911778080947 0.10844603289923166
-1.296043656207367 0.10968772443336293
-1.2914961346066394 0.11093920917775797
-1.2869486130059118 0.11220049849068373
-1.2824010914051842 0.11347160268020837
-1.2778535698044566 0.11475253099060706
-1.273306048203729 0.11604329158882841
-1.2687585266030015 0.11734389155102287
-1.264211005002274 0.11865433684913897
-1.259663483401546 0.11997463233758868
-1.2551159618008185 0.12130478173999018
-1.250568440200091 0.12264478763598728
-1.2460209185993634 0.12399465144815293
-1.2414733969986358 0.1253543734289795
-1.2369258753979082 0.12672395264796052
-1.2323783537971806 0.12810338697876691
-1.227830832196453 0.12949267308652318
-1.2232833105957255 0.1308918064151873
-1.2187357889949977 0.13230078117503735
-1.21418826739427 0.13371959033027042
-1.2096407457935425 0.13514822558671896
-1.205093224192815 0.136586677379685
-1.2005457025920874 0.1380349348618996
-1.1959981809913598 0.13949298589161288
-1.1914506593906322 0.1409608170208138
-1.1869031377899046 0.14243841348358957
-1.1823556161891768 0.14392575918462586
-1.1778080945884493 0.1454228366878515
-1.1732605729877217 0.14692962720523497
-1.168713051386994 0.1484461105857335
-1.1641655297862665 0.14997226530440175
-1.159618008185539 0.1515080684516622
-1.1550704865848114 0.15305349572274332
-1.1505229649840838 0.15460852140728906
-1.1459754433833562 0.15617311837914208
-1.1414279217826284 0.15774725808630954
-1.1368804001819008 0.1593309105411103
-1.1323328785811733 0.16092404431051138
-1.1277853569804457 0.16252662650665795
-1.123237835379718 0.16413862277759672
-1.1186903137789905 0.16575999729820418
-1.114142792178263 0.16739071276131642
-1.1095952705775354 0.16903073036907051
-1.1050477489768076 0.1706800098244577
-1.10050022737608 0.1723385093230942
-1.0959527057753524 0.17400618554521488
-1.0914051841746248 0.1756829936478908
-1.0868576625738973 0.17736888725747738
-1.0823101409731697 0.17906381846229652
-1.077762619372442 0.18076773780555555
-1.0732150977717145 0.18248059427850863
-1.068667576170987 0.18420233531386435
-1.0641200545702592 0.18593290677944105
-1.0595725329695316 0.18767225297207749
-1.055025011368804 0.18942031661180062
-1.0504774897680764 0.19117703883625287
-1.0459299681673488 0.19294235919538746
-1.0413824465666213 0.19471621564642883
-1.0368349249658937 0.19649854454910828
-1.0322874033651661 0.19828928066117413
-1.0277398817644383 0.20008835713418227
-1.0231923601637107 0.20189570550956962
-1.0186448385629832 0.20371125571501475
-1.0140973169622556 0.20553493606108814
-1.009549795361528 0.2073666732381965
-1.0050022737608004 0.20920639231382418
-1.0004547521600728 0.21105401673007515
-0.9959072305593452 0.212909468301518
-0.9913597089586176 0.21477266721333774
-0.98681218735789 0.21664353201979913
-0.9822646657571624 0.21852197964302109
-0.9777171441564347 0.22040792537206821
-0.9731696225557072 0.22230128286236164
-0.9686221009549796 0.2242019641354117
-0.964074579354252 0.2261098795788749
-0.9595270577535243 0.2280249379469396
-0.9549795361527967 0.2299470463610406
-0.9504320145520692 0.23187611031090813
-0.9458844929513416 0.23381203365595207
-0.941336971350614 0.23575471862698327
-0.9367894497498863 0.2377040658282767
-0.9322419281491587 0.23965997423997587
-0.9276944065484312 0.24162234122084414
-0.9231468849477036 0.24359106251136203
-0.9185993633469759 0.24556603223717424
-0.9140518417462483 0.24754714291288793
-0.9095043201455207 0.24953428544622525
-0.9049567985447932 0.2515273491425297
-0.9004092769440655 0.25352622170963107
-0.8958617553433379 0.2555307892630674
-0.8913142337426103 0.2575409363316689
-0.8867667121418827 0.25955654586350313
-0.882219190541155 0.26157749923218265
-0.8776716689404275 0.26360367624353853
-0.8731241473396999 0.26563495514265933
-0.8685766257389723 0.26767121262129684
-0.8640291041382447 0.2697123238256399
-0.859481582537517 0.27175816236445877
-0.8549340609367895 0.27380860031761556
-0.8503865393360619 0.2758635082449509
-0.8458390177353343 0.27792275519553844
-0.8412914961346066 0.2799862087173106
-0.836743974533879 0.2820537348670594
-0.8321964529331515 0.28412519822080945
-0.8276489313324239 0.2862004618845623
-0.8231014097316962 0.28827938750541676
-0.8185538881309686 0.29036183528306025
-0.814006366530241 0.29244766398163435
-0.8094588449295135 0.2945367309419748
-0.8049113233287858 0.296628892094222
-0.8003638017280582 0.29872400197080623
-0.7958162801273306 0.3008219137198034
-0.791268758526603 0.3029224791186649
-0.7867212369258755 0.3050255485883144
-0.7821737153251478 0.3071309712076192
-0.7776261937244202 0.30923859472822696
-0.7730786721236926 0.3113482655897735
-0.7685311505229651 0.313459828935456
-0.7639836289222374 0.31557312862797404
-0.7594361073215098 0.31768800726583174
-0.7548885857207822 0.31980430620000666
-0.7503410641200546 0.32192186555098007
-0.745793542519327 0.3240405242261234
-0.7412460209185994 0.3261601199374465
-0.7366984993178718 0.32828048921970293
-0.7321509777171442 0.33040146744884447
-0.7276034561164166 0.3325228888608328
-0.723055934515689 0.33464458657080026
-0.7185084129149614 0.33676639259255403
-0.7139608913142338 0.3388881378584329
-0.7094133697135062 0.34100965223949864
-0.7048658481127785 0.34313076456607294
-0.700318326512051 0.3452513026486091
-0.6957708049113234 0.3473710932988984
-0.6912232833105958 0.34948996235160723
-0.6866757617098681 0.3516077346861439
-0.6821282401091405 0.3537242342488472
-0.677580718508413 0.3558392840755005
-0.6730331969076854 0.35795270631415965
-0.6684856753069577 0.3600643222482992
-0.6639381537062301 0.3621739523202666
-0.6593906321055025 0.36428141615504556
-0.654843110504775 0.366386532584321
-0.6502955889040474 0.36848911967084264
-0.6457480673033197 0.370588994733087
-0.6412005457025921 0.3726859743702056
-0.6366530241018645 0.3747798744872637
-0.632105502501137 0.37687051032075786
-0.6275579809004093 0.3789576964644139
-0.6230104592996817 0.3810412468952559
-0.6184629376989541 0.38312097499994446
-0.6139154160982265 0.3851966936013754
-0.6093678944974988 0.38726821498554415
-0.6048203728967713 0.38933535092865307
-0.6002728512960437 0.3913979127244777
-0.5957253296953161 0.3934557112119675
-0.5911778080945884 0.39550855680308866
-0.5866302864938608 0.39755625951090023
-0.5820827648931333 0.39959862897785264
-0.5775352432924057 0.4016354745043109
-0.5729877216916781 0.40366660507729235
-0.5684402000909504 0.40569182939941517
-0.5638926784902228 0.4077109559180465
-0.5593451568894953 0.4097237928546545
-0.5547976352887677 0.41173014823434834
-0.55025011368804 0.41372982991560314
-0.5457025920873124 0.41572264562016875
-0.5411550704865848 0.4177084029631467
-0.5366075488858573 0.4196869094832371
-0.5320600272851296 0.4216579726731447
-0.527512505684402 0.4236214000101381
-0.5229649840836744 0.4255769989867604
-0.5184174624829468 0.42752457714167197
-0.5138699408822192 0.42946394209063654
-0.5093224192814916 0.4313949015576281
-0.504774897680764 0.43331726340605914
-0.5002273760800364 0.43523083567012427
-0.4956798544793088 0.4371354265862467
-0.4911323328785812 0.4390308446246262
-0.4865848112778536 0.44091689852087923
-0.482037289677126 0.44279339730776063
-0.47748976807639837 0.4446601503469675
-0.4729422464756708 0.4465169673610091
-0.46839472487494316 0.44836365846514414
-0.4638472032742156 0.4502000341993675
-0.45929968167348795 0.45202590556045097
-0.45475216007276037 0.453841084034022
-0.45020463847203274 0.45564538162667495
-0.44565711687130516 0.4574386108981093
-0.4411095952705775 0.45922058499328394
-0.43656207366984995 0.46099111767458345
-0.43201455206912237 0.46275002335398757
-0.42746703046839474 0.4644971171252328
-0.42291950886766716 0.4662322147959629
-0.4183719872669395 0.46795513291985946
-0.41382446566621195 0.46966568882874365
-0.4092769440654843 0.471363700664639
-0.40472942246475674 0.473048987411797
-0.4001819008640291 0.4747213689286614
-0.3956343792633015 0.4763806659797822
-0.3910868576625739 0.47802670026765576
-0.3865393360618463 0.47965929446449335
-0.3819918144611187 0.4812782722439019
-0.3774442928603911 0.4828834583124794
-0.3728967712596635 0.4844746784413066
-0.3683492496589359 0.48605175949733465
-0.3638017280582083 0.48761452947465517
-0.3592542064574807 0.48916281752565016
-0.3547066848567531 0.4906964539920117
-0.3501591632560255 0.4922152704356193
-0.3456116416552979 0.49371909966927635
-0.34106412005457026 0.4952077757872885
-0.3365165984538427 0.4966811341958809
-0.33196907685311505 0.49813901164344915
-0.3274215552523875 0.4995812462506272
-0.32287403365165984 0.5010076775401762
-0.31832651205093226 0.5024181464666727
-0.31377899045020463 0.5038124954460076
-0.30923146884947705 0.5051905683846645
-0.3046839472487494 0.5065522107087919
-0.30013642564802184 0.5078972693930464
-0.2955889040472942 0.5092255929892077
-0.29104138244656663 0.5105370316545566
-0.28649386084583905 0.511831437180001
-0.2819463392451114 0.5131086630179581
-0.27739881764438384 0.5143685643099668
-0.2728512960436562 0.5156109979140404
-0.26830377444292863 0.516835822431738
-0.263756252842201 0.5180428982349569
-0.2592087312414734 0.5192320874924371
-0.2546612096407458 0.520403254195967
-0.2501136880400182 0.5215562641862849
-0.2455661664392906 0.5226909851786743
-0.241018644838563 0.5238072867882401
-0.2364711232378354 0.5249050405548588
-0.2319236016371078 0.5259841199678058
-0.22737608003638018 0.5270444004900335
-0.22282855843565258 0.5280857595821191
-0.21828103683492497 0.5291080767258535
-0.21373351523419737 0.5301112334474771
-0.20918599363346976 0.5310951133405531
-0.20463847203274216 0.5320596020884706
-0.20009095043201455 0.5330045874865754
-0.19554342883128695 0.533929959463918
-0.19099590723055934 0.5348356101046141
-0.18644838562983174 0.5357214336688159
-0.18190086402910416 0.5365873266132802
-0.17735334242837655 0.5374331876115395
-0.17280582082764895 0.538258917573656
-0.16825829922692134 0.5390644196655665
-0.16371077762619374 0.5398495993280058
-0.15916325602546613 0.5406143642950029
-0.15461573442473853 0.5413586246119503
-0.15006821282401092 0.5420822926532358
-0.14552069122328332 0.5427852831394341
-0.1409731696225557 0.5434675131540563
-0.1364256480218281 0.5441289021598459
-0.1318781264211005 0.5447693720146249
-0.1273306048203729 0.545388846986678
-0.1227830832196453 0.5459872537696786
-0.1182355616189177 0.5465645214971453
-0.11368804001819009 0.547120581756426
-0.10914051841746249 0.5476553686022142
-0.10459299681673488 0.5481688185695793
-0.10004547521600728 0.5486608706865203
-0.09549795361527967 0.5491314664860333
-0.09095043201455208 0.5495805500176888
-0.08640291041382447 0.550008067858718
-0.08185538881309687 0.5504139691246055
-0.07730786721236926 0.5507982054791835
-0.07276034561164166 0.5511607311442213
-0.06821282401091405 0.5515015029085212
-0.06366530241018645 0.5518204801364976
-0.05911778080945885 0.5521176247762551
-0.054570259208731244 0.5523929013671538
-0.05002273760800364 0.5526462770468611
-0.04547521600727604 0.5528777215578925
-0.040927694406548434 0.5530872072536299
-0.03638017280582083 0.5532747091038298
-0.031832651205093224 0.5534402046996042
-0.027285129604365622 0.5535836742578861
-0.02273760800363802 0.5537051006253714
-0.018190086402910415 0.5538044692819346
-0.013642564802182811 0.5538817683435249
-0.009095043201455207 0.553936988564533
-0.004547521600727604 0.5539701233396355
0.0 0.5539811687051123
0.004547521600727604 0.5539701233396355
0.009095043201455207 0.5539369885645328
0.013642564802182811 0.5538817683435248
0.018190086402910415 0.5538044692819347
0.02273760800363802 0.5537051006253715
0.027285129604365622 0.553583674257886
0.031832651205093224 0.553440204699604
0.03638017280582083 0.55327470910383
0.040927694406548434 0.5530872072536296
0.04547521600727604 0.5528777215578918
0.05002273760800364 0.5526462770468612
0.054570259208731244 0.5523929013671538
0.05911778080945885 0.5521176247762553
0.06366530241018645 0.5518204801364974
0.06821282401091405 0.5515015029085206
0.07276034561164166 0.5511607311442214
0.07730786721236926 0.5507982054791836
0.08185538881309687 0.5504139691246059
0.08640291041382447 0.5500080678587183
0.09095043201455208 0.5495805500176889
0.09549795361527967 0.5491314664860332
0.10004547521600728 0.5486608706865199
0.10459299681673488 0.5481688185695792
0.10914051841746249 0.5476553686022139
0.11368804001819009 0.5471205817564261
0.1182355616189177 0.546564521497145
0.1227830832196453 0.5459872537696788
0.1273306048203729 0.5453888469866778
0.1318781264211005 0.544769372014625
0.1364256480218281 0.5441289021598461
0.1409731696225557 0.5434675131540566
0.14552069122328332 0.5427852831394342
0.15006821282401092 0.5420822926532354
0.15461573442473853 0.5413586246119506
0.15916325602546613 0.5406143642950028
0.16371077762619374 0.5398495993280056
0.16825829922692134 0.5390644196655667
0.17280582082764895 0.5382589175736562
0.17735334242837655 0.5374331876115397
0.18190086402910416 0.53658732661328
0.18644838562983174 0.5357214336688161
0.19099590723055934 0.5348356101046147
0.19554342883128695 0.5339299594639179
0.20009095043201455 0.5330045874865761
0.20463847203274216 0.5320596020884707
0.20918599363346976 0.5310951133405534
0.21373351523419737 0.5301112334474775
0.21828103683492497 0.5291080767258541
0.22282855843565258 0.5280857595821195
0.22737608003638018 0.5270444004900339
0.2319236016371078 0.5259841199678057
0.2364711232378354 0.5249050405548595
0.241018644838563 0.52380728678824
0.2455661664392906 0.5226909851786746
0.2501136880400182 0.5215562641862851
0.2546612096407458 0.5204032541959673
0.2592087312414734 0.5192320874924379
0.263756252842201 0.5180428982349571
0.26830377444292863 0.516835822431738
0.2728512960436562 0.5156109979140406
0.27739881764438384 0.5143685643099669
0.2819463392451114 0.5131086630179582
0.28649386084583905 0.5118314371800013
0.29104138244656663 0.5105370316545568
0.2955889040472942 0.5092255929892081
0.30013642564802184 0.5078972693930466
0.3046839472487494 0.506552210708792
0.30923146884947705 0.5051905683846649
0.31377899045020463 0.5038124954460076
0.31832651205093226 0.502418146466673
0.32287403365165984 0.5010076775401758
0.3274215552523875 0.4995812462506272
0.33196907685311505 0.4981390116434492
0.3365165984538427 0.496681134195881
0.34106412005457026 0.4952077757872882
0.3456116416552979 0.49371909966927685
0.3501591632560255 0.49221527043561963
0.3547066848567531 0.490696453992012
0.3592542064574807 0.48916281752565066
0.3638017280582083 0.48761452947465517
0.3683492496589359 0.4860517594973349
0.3728967712596635 0.48447467844130704
0.3774442928603911 0.4828834583124793
0.3819918144611187 0.4812782722439019
0.3865393360618463 0.4796592944644933
0.3910868576625739 0.4780267002676561
0.3956343792633015 0.4763806659797823
0.4001819008640291 0.4747213689286614
0.40472942246475674 0.473048987411797
0.4092769440654843 0.4713637006646395
0.41382446566621195 0.4696656888287439
0.4183719872669395 0.46795513291985996
0.42291950886766716 0.46623221479596294
0.42746703046839474 0.4644971171252327
0.43201455206912237 0.4627500233539874
0.43656207366984995 0.46099111767458345
0.4411095952705775 0.45922058499328394
0.44565711687130516 0.4574386108981096
0.45020463847203274 0.45564538162667556
0.45475216007276037 0.4538410840340222
0.45929968167348795 0.4520259055604511
0.4638472032742156 0.4502000341993679
0.46839472487494316 0.4483636584651439
0.4729422464756708 0.44651696736100926
0.47748976807639837 0.44466015034696726
0.482037289677126 0.4427933973077607
0.4865848112778536 0.44091689852087934
0.4911323328785812 0.4390308446246262
0.4956798544793088 0.4371354265862467
0.5002273760800364 0.43523083567012455
0.504774897680764 0.4333172634060594
0.5093224192814916 0.4313949015576277
0.5138699408822192 0.4294639420906368
0.5184174624829468 0.42752457714167214
0.5229649840836744 0.42557699898676044
0.527512505684402 0.4236214000101381
0.5320600272851296 0.4216579726731444
0.5366075488858573 0.4196869094832371
0.5411550704865848 0.41770840296314665
0.5457025920873124 0.41572264562016886
0.55025011368804 0.4137298299156032
0.5547976352887677 0.4117301482343482
0.5593451568894953 0.40972379285465454
0.5638926784902228 0.4077109559180463
0.5684402000909504 0.40569182939941534
0.5729877216916781 0.40366660507729246
0.5775352432924057 0.401635474504311
0.5820827648931333 0.3995986289778528
0.5866302864938608 0.39755625951090034
0.5911778080945884 0.3955085568030888
0.5957253296953161 0.39345571121196743
0.6002728512960437 0.39139791272447794
0.6048203728967713 0.38933535092865323
0.6093678944974988 0.3872682149855439
0.6139154160982265 0.3851966936013756
0.6184629376989541 0.38312097499994435
0.6230104592996817 0.3810412468952564
0.6275579809004093 0.37895769646441413
0.632105502501137 0.3768705103207578
0.6366530241018645 0.37477987448726346
0.6412005457025921 0.3726859743702055
0.6457480673033197 0.370588994733087
0.6502955889040474 0.36848911967084275
0.654843110504775 0.3663865325843209
0.6593906321055025 0.36428141615504556
0.6639381537062301 0.3621739523202667
0.6684856753069577 0.3600643222482992
0.6730331969076854 0.3579527063141593
0.677580718508413 0.3558392840755007
0.6821282401091405 0.3537242342488473
0.6866757617098681 0.35160773468614404
0.6912232833105958 0.34948996235160723
0.6957708049113234 0.34737109329889815
0.700318326512051 0.34525130264860915
0.7048658481127785 0.3431307645660729
0.7094133697135062 0.34100965223949864
0.7139608913142338 0.3388881378584329
0.7185084129149614 0.336766392592554
0.723055934515689 0.3346445865708
0.7276034561164166 0.3325228888608328
0.7321509777171442 0.3304014674488444
0.7366984993178718 0.3282804892197031
0.7412460209185994 0.3261601199374466
0.745793542519327 0.32404052422612306
0.7503410641200546 0.32192186555098
0.7548885857207822 0.3198043062000068
0.7594361073215098 0.31768800726583146
0.7639836289222374 0.31557312862797415
0.7685311505229651 0.3134598289354562
0.7730786721236926 0.3113482655897733
0.7776261937244202 0.309238594728227
0.7821737153251478 0.30713097120761923
0.7867212369258755 0.30502554858831454
0.791268758526603 0.3029224791186649
0.7958162801273306 0.3008219137198034
0.8003638017280582 0.29872400197080606
0.8049113233287858 0.2966288920942221
0.8094588449295135 0.29453673094197497
0.814006366530241 0.2924476639816344
0.8185538881309686 0.29036183528306014
0.8231014097316962 0.2882793875054168
0.8276489313324239 0.2862004618845621
0.8321964529331515 0.28412519822080945
0.836743974533879 0.28205373486705937
0.8412914961346066 0.2799862087173105
0.8458390177353343 0.27792275519553833
0.8503865393360619 0.2758635082449512
0.8549340609367895 0.27380860031761556
0.859481582537517 0.27175816236445877
0.8640291041382447 0.26971232382564
0.8685766257389723 0.2676712126212968
0.8731241473396999 0.26563495514265933
0.8776716689404275 0.26360367624353853
0.882219190541155 0.26157749923218254
0.8867667121418827 0.25955654586350296
0.8913142337426103 0.2575409363316689
0.8958617553433379 0.2555307892630672
0.9004092769440655 0.2535262217096309
0.9049567985447932 0.2515273491425296
0.9095043201455207 0.2495342854462253
0.9140518417462483 0.24754714291288787
0.9185993633469759 0.24556603223717435
0.9231468849477036 0.24359106251136203
0.9276944065484312 0.24162234122084414
0.9322419281491587 0.23965997423997587
0.9367894497498863 0.2377040658282767
0.941336971350614 0.23575471862698327
0.9458844929513416 0.23381203365595207
0.9504320145520692 0.2318761103109082
0.9549795361527967 0.22994704636104046
0.9595270577535243 0.22802493794693957
0.964074579354252 0.22610987957887493
0.9686221009549796 0.2242019641354118
0.9731696225557072 0.22230128286236167
0.9777171441564347 0.22040792537206821
0.9822646657571624 0.2185219796430212
0.98681218735789 0.21664353201979922
0.9913597089586176 0.2147726672133379
0.9959072305593452 0.21290946830151794
1.0004547521600728 0.2110540167300754
1.0050022737608004 0.20920639231382424
1.009549795361528 0.2073666732381964
1.0140973169622556 0.2055349360610883
1.0186448385629832 0.20371125571501475
1.0231923601637107 0.2018957055095698
1.0277398817644383 0.2000883571341823
1.0322874033651661 0.19828928066117418
1.0368349249658937 0.19649854454910834
1.0413824465666213 0.1947162156464288
1.0459299681673488 0.19294235919538738
1.0504774897680764 0.191177038836253
1.055025011368804 0.18942031661180048
1.0595725329695316 0.1876722529720775
1.0641200545702592 0.18593290677944105
1.068667576170987 0.1842023353138643
1.0732150977717145 0.18248059427850866
1.077762619372442 0.18076773780555552
1.0823101409731697 0.1790638184622965
1.0868576625738973 0.17736888725747743
1.0914051841746248 0.17568299364789064
1.0959527057753524 0.17400618554521471
1.10050022737608 0.1723385093230942
1.1050477489768076 0.1706800098244577
1.1095952705775354 0.16903073036907051
1.114142792178263 0.16739071276131648
1.1186903137789905 0.16575999729820404
1.123237835379718 0.16413862277759683
1.1277853569804457 0.162526626506658
1.1323328785811733 0.1609240443105115
1.1368804001819008 0.1593309105411102
1.1414279217826284 0.15774725808630968
1.1459754433833562 0.1561731183791421
1.1505229649840838 0.15460852140728912
1.1550704865848114 0.15305349572274335
1.159618008185539 0.1515080684516621
1.1641655297862665 0.1499722653044017
1.168713051386994 0.14844611058573362
1.1732605729877217 0.1469296272052349
1.1778080945884493 0.14542283668785158
1.1823556161891768 0.14392575918462597
1.1869031377899046 0.1424384134835896
1.1914506593906322 0.14096081702081387
1.1959981809913598 0.13949298589161294
1.2005457025920874 0.13803493486189974
1.205093224192815 0.13658667737968508
1.2096407457935425 0.13514822558671905
1.21418826739427 0.13371959033027053
1.2187357889949977 0.13230078117503724
1.2232833105957255 0.13089180641518727
1.227830832196453 0.12949267308652324
1.2323783537971806 0.12810338697876686
1.2369258753979082 0.12672395264796052
1.2414733969986358 0.1253543734289795
1.2460209185993634 0.12399465144815296
1.250568440200091 0.12264478763598728
1.2551159618008185 0.12130478173999026
1.259663483401546 0.11997463233758875
1.264211005002274 0.11865433684913887
1.2687585266030015 0.11734389155102296
1.273306048203729 0.11604329158882848
1.2778535698044566 0.1147525309906071
1.2824010914051842 0.11347160268020852
1.2869486130059118 0.11220049849068375
1.2914961346066394 0.11093920917775801
1.296043656207367 0.10968772443336296
1.3005911778080947 0.10844603289923167
1.3051386994088223 0.10721412218054613
1.30968622100955 0.10599197885963683
1.3142337426102775 0.10477958850973045
1.318781264211005 0.10357693570873973
1.3233287858117326 0.10238400405309485
1.3278763074124602 0.10120077617160918
1.3324238290131878 0.10002723373937888
1.3369713506139154 0.09886335749171027
1.3415188722146432 0.09770912723807267
1.3460663938153707 0.09656452187607273
1.3506139154160983 0.09542951940544611
1.355161437016826 0.09430409694206418
1.3597089586175535 0.09318823073195122
1.364256480218281 0.09208189616530871
1.3688040018190086 0.09098506779054442
1.3733515234197362 0.08989771932830097
1.377899045020464 0.0888198236854825
1.3824465666211916 0.08775135296927505
1.3869940882219192 0.08669227850115695
1.3915416098226467 0.08564257083089791
1.3960891314233743 0.08460219975054104
1.400636653024102 0.08357113430836692
1.4051841746248295 0.08254934282283535
1.409731696225557 0.08153679289650213
1.4142792178262846 0.08053345142990773
1.4188267394270124 0.07953928463543526
1.42337426102774 0.0785542580511343
1.4279217826284676 0.07757833655450792
1.4324693042291952 0.07661148437626038
1.4370168258299227 0.07565366511400226
1.4415643474306503 0.07470484174591042
1.446111869031378 0.07376497664434076
1.4506593906321055 0.07283403158938938
1.4552069122328333 0.07191196778240215
1.4597544338335608 0.07099874585942759
1.4643019554342884 0.07009432590461227
1.468849477035016 0.06919866746353572
1.4733969986357436 0.06831172955648182
1.4779445202364712 0.06743347069164585
1.4824920418371987 0.06656384887827334
1.4870395634379263 0.06570282163972932
1.491587085038654 0.06485034602649527
1.4961346066393817 0.06400637862909228
1.5006821282401093 0.06317087559092782
1.5052296498408368 0.06234379262106379
1.5097771714415644 0.06152508500690459
1.514324693042292 0.060714707626802686
1.5188722146430196 0.0599126149625797
1.5234197362437472 0.05911876111196185
1.5279672578444747 0.058333099800927005
1.5325147794452023 0.05755558439596231
1.5370623010459301 0.05678616791622983
1.5416098226466577 0.056024803045639844
1.5461573442473853 0.05527144214482883
1.5507048658481128 0.05452603726304112
1.5552523874488404 0.053788540149912946
1.559799909049568 0.05305890226715701
1.5643474306502956 0.05233707480014624
1.5688949522510232 0.05162300866939531
1.573442473851751 0.050916654541938694
1.5779899954524785 0.05021796284260423
1.582537517053206 0.049526883765179705
1.5870850386539337 0.048843367283473334
1.5916325602546613 0.048167363162265
1.5961800818553888 0.04749882096814806
1.6007276034561164 0.04683769008026106
1.605275125056844 0.04618391970090709
1.6098226466575716 0.045537458866061246
1.6143701682582994 0.044898256455763896
1.618917689859027 0.04426626120440034
1.6234652114597545 0.04364142171086439
1.628012733060482 0.04302368644860634
1.6325602546612097 0.04241300377556437
1.6371077762619373 0.041809321943977774
1.6416552978626648 0.04121258911008276
1.6462028194633924 0.040622753343688825
1.6507503410641202 0.040039762637636
1.6552978626648478 0.03946356491713253
1.6598453842655754 0.03889410804897119
1.664392905866303 0.03833133985062587
1.6689404274670305 0.03777520809922581
1.673487949067758 0.03722566054040887
1.6780354706684857 0.036682644897052384
1.6825829922692133 0.03614610887788177
1.6871305138699408 0.03561600018595663
1.6916780354706686 0.0350922665270338
1.6962255570713962 0.03457485561780779
1.7007730786721238 0.03406371519402745
1.7053206002728514 0.033558793018489824
1.709868121873579 0.03306003688891062
1.7144156434743065 0.03256739464567093
1.718963165075034 0.03208081417944078
1.7235106866757617 0.03160024343867938
1.7280582082764895 0.031125630437011588
1.732605729877217 0.03065692326048178
1.7371532514779446 0.03019407007468391
1.7417007730786722 0.02973701913176906
1.7462482946793998 0.029285718777329987
1.7507958162801274 0.028840117457163302
1.755343337880855 0.02840016372390904
1.7598908594815825 0.0279658062435685
1.76443838108231 0.0275369938019002
1.768985902683038 0.027113675310694297
1.7735334242837655 0.026695799813926436
1.778080945884493 0.026283316493790475
1.7826284674852206 0.025876174676611227
1.7871759890859482 0.025474323838637625
1.7917235106866758 0.025077713611716176
1.7962710322874034 0.02468629378884608
1.800818553888131 0.02430001432961579
1.8053660754888587 0.02391882536552193
1.8099135970895863 0.02354267720517134
1.814461118690314 0.023171520339366133
1.8190086402910415 0.0228053054460732
1.823556161891769 0.022443983395278366
1.8281036834924966 0.022087505253725836
1.8326512050932242 0.02173582228954389
1.8371987266939518 0.0213888859767572
1.8417462482946794 0.021046647999686776
1.8462937698954072 0.02070906025723822
1.8508412914961347 0.020376074867078885
1.8553888130968623 0.0200476441697048
1.85993633469759 0.01972372073239855
1.8644838562983175 0.019404257353078144
1.869031377899045 0.01908920706403849
1.8735788994997726 0.018778523135585822
1.8781264211005002 0.018472159079566255
1.882673942701228 0.018170068652789036
1.8872214643019556 0.01787220586034578
1.8917689859026832 0.01757852495882614
1.8963165075034107 0.017288980459431454
1.9008640291041383 0.017003527130986535
1.905411550704866 0.01672212000285133
1.9099590723055935 0.016444714367732764
1.914506593906321 0.016171265784398235
1.9190541155070486 0.015901730080291453
1.9236016371077764 0.015636063354051703
1.928149158708504 0.015374221977937658
1.9326966803092316 0.015116162600156425
1.9372442019099592 0.014861842147099333
1.9417917235106867 0.014611217825485084
1.9463392451114143 0.014364247124411523
1.950886766712142 0.014120887817316982
1.9554342883128695 0.0138810979638524
1.9599818099135973 0.013644835911665003
1.9645293315143249 0.013412060298095062
1.9690768531150524 0.013182730051786258
1.97362437471578 0.012956804394211197
1.9781718963165076 0.012734242841112959
1.9827194179172352 0.012515005203863772
1.9872669395179627 0.012299051590741962
1.9918144611186903 0.012086342408128264
1.996361982719418 0.011876838361622557
2.0009095043201457 0.011670500457082233
2.0054570259208733 0.011467290001583174
2.010004547521601 0.011267168604304536
2.0145520691223284 0.01107009817733849
2.019099590723056 0.0108760409364259
2.0236471123237836 0.010684959401619228
2.028194633924511 0.010496816397873593
2.0327421555252387 0.010311575055567282
2.0372896771259663 0.010129198810952726
2.041837198726694 0.009949651406539072
2.0463847203274215 0.009772896891407446
2.050932241928149 0.009598899621460157
2.0554797635288766 0.009427624259604708
2.0600272851296046 0.00925903577587397
2.0645748067303322 0.009093099447483566
2.06912232833106 0.00892978085882737
2.0736698499317874 0.008769045901412538
2.078217371532515 0.008610860773734984
2.0827648931332425 0.00845519198109644
2.08731241473397 0.008302006335364147
2.0918599363346977 0.00815127095467444
2.0964074579354253 0.008002953263081022
2.100954979536153 0.007857020990149339
2.1055025011368804 0.007713442170497838
2.110050022737608 0.007572185143287439
2.1145975443383356 0.007433218551660036
2.119145065939063 0.00729651134212735
2.1236925875397907 0.007162032763910947
2.1282401091405183 0.007029752368234634
2.132787630741246 0.0068996400075702485
2.137335152341974 0.006771665834837792
2.1418826739427015 0.006645800302561084
2.146430195543429 0.006522014161979808
2.1509777171441566 0.006400278462119062
2.155525238744884 0.006280564548817485
2.160072760345612 0.0061628440637147295
2.1646202819463394 0.006047088943199557
2.169167803547067 0.005933271417319381
2.1737153251477945 0.0058213640086522125
2.178262846748522 0.005711339531142144
2.1828103683492497 0.005603171088899156
2.1873578899499773 0.005496832074964281
2.191905411550705 0.0053922961700411266
2.1964529331514324 0.005289537341194595
2.20100045475216 0.005188529840517741
2.2055479763528876 0.005089248203767843
2.210095497953615 0.00499166724897233
2.214643019554343 0.004895762075005719
2.2191905411550708 0.0048015080601383296
2.2237380627557983 0.004708880860557658
2.228285584356526 0.004617856408863329
2.2328331059572535 0.004528410912536496
2.237380627557981 0.004440520852384496
2.2419281491587086 0.004354162980961665
2.246475670759436 0.004269314320967043
2.251023192360164 0.00418595216361999
2.2555707139608914 0.00410405406701431
2.260118235561619 0.004023597854451846
2.2646657571623465 0.003944561612756251
2.269213278763074 0.0038669236905678086
2.2737608003638017 0.0037906626966199676
2.2783083219645293 0.0037157574979984668
2.282855843565257 0.0036421872183837307
2.2874033651659844 0.0035699312362773255
2.2919508867667124 0.003498969183213182
2.29649840836744 0.003429280941954345
2.3010459299681676 0.0033608466446758945
2.305593451568895 0.0032936466711348342
2.3101409731696227 0.0032276616468275934
2.3146884947703503 0.003162872441135804
2.319236016371078 0.0030992601654610714
2.3237835379718055 0.0030368061713493813
2.328331059572533 0.0029754920486057784
2.3328785811732606 0.0029152996234000045
2.337426102773988 0.0028562109563636615
2.341973624374716 0.002798208340679598
2.3465211459754434 0.002741274300164057
2.351068667576171 0.002685391587342222
2.3556161891768985 0.002630543181517775
2.360163710777626 0.002576712286836975
2.3647112323783537 0.002523882330347901
2.3692587539790817 0.0024720369600553715
2.3738062755798093 0.002421160042972125
2.378353797180537 0.0023712356631667396
2.3829013187812644 0.002322248119808877
2.387448840381992 0.0022741819252123973
2.3919963619827196 0.0022270218028767226
2.396543883583447 0.002180752685527114
2.4010914051841747 0.0021353597131541983
2.4056389267849023 0.0020908282310533573
2.41018644838563 0.002047143787864332
2.4147339699863575 0.002004292133611581
2.419281491587085 0.0019622592177458036
2.4238290131878126 0.0019210311871870743
2.42837653478854 0.0018805943843700284
2.432924056389268 0.0018409353452914954
2.4374715779899954 0.0018020407975610215
2.442019099590723 0.0017638976584546584
2.446566621191451 0.0017264930329724077
2.4511141427921785 0.0016898142118997447
2.455661664392906 0.0016538486698735174
2.4602091859936337 0.0016185840634526704
2.4647567075943613 0.0015840082291940928
2.469304229195089 0.001550109181733952
2.4738517507958164 0.001516875111874851
2.478399272396544 0.0014842943846791377
2.4829467939972716 0.0014523555375686994
2.487494315597999 0.0014210472784315091
2.4920418371987267 0.0013903584837352877
2.4965893587994543 0.0013602781966485281
2.501136880400182 0.0013307956251691869
2.5056844020009095 0.0013019001402613207
2.510231923601637 0.00127358127399993
2.5147794452023646 0.001245828717724277
2.519326966803092 0.0012186323201999274
2.5238744884038202 0.001191982085789764
2.528422010004548 0.0011658681726342077
2.5329695316052754 0.0011402808908408724
2.537517053206003 0.0011152107006838824
2.5420645748067305 0.0010906482108130604
2.546612096407458 0.0010665841764732006
2.5511596180081857 0.0010430094977336216
2.5557071396089133 0.001019915217728184
2.560254661209641 0.0009972925209059786
2.5648021828103684 0.0009751327312928421
2.569349704411096 0.0009534273107638831
2.5738972260118236 0.0009321678573271818
2.578444747612551 0.0009113461034188173
2.5829922692132787 0.0008909539142093835
2.5875397908140063 0.0008709832859221167
2.592087312414734 0.0008514263441628024
2.5966348340154615 0.0008322753422615711
2.6011823556161895 0.0008135226596267125
2.605729877216917 0.0007951608001106441
2.6102773988176446 0.0007771823903881136
2.6148249204183722 0.0007595801783467826
2.6193724420191 0.0007423470314902626
2.6239199636198274 0.000725475935353718
2.628467485220555 0.0007089599919321137
2.6330150068212825 0.0006927924181211983
2.63756252842201 0.0006769665441713063
2.6421100500227377 0.0006614758121540397
2.6466575716234653 0.000646313774441916
2.651205093224193 0.0006314740922010299
2.6557526148249204 0.0006169505338967945
2.660300136425648 0.0006027369738128212
2.6648476580263756 0.0005888273905829725
2.669395179627103 0.0005752158657366455
2.6739427012278307 0.0005618965822573188
2.6784902228285588 0.0005488638231543977
2.6830377444292863 0.0005361119700483952
2.687585266030014 0.0005236355017694537
2.6921327876307415 0.0005114289929692653
2.696680309231469 0.0004994871127463648
2.7012278308321966 0.00048780462328485005
2.705775352432924 0.00047637637850650585
2.710322874033652 0.0004651973227363566
2.7148703956343794 0.0004542624893816456
2.719417917235107 0.0004435669996242283
2.7239654388358345 0.0004331060611263907
2.728512960436562 0.00042287496675007035
2.7330604820372897 0.00041286909328947235
2.7376080036380173 0.00040308390021706223
2.742155525238745 0.00039351492844291985
2.7467030468394724 0.0003841577990874252
2.7512505684402 0.00037500821226725794
2.755798090040928 0.0003660619458946731
2.7603456116416556 0.0003573148544900329
2.764893133242383 0.00034876286800754124
2.7694406548431107 0.0003404019906741651
2.7739881764438383 0.00033222829984168615
2.778535698044566 0.00032423794485184786
2.7830832196452935 0.0003164271459145472
2.787630741246021 0.0003087921929990274
2.7921782628467486 0.00030132944473801906
2.796725784447476 0.0002940353273447766
2.801273306048204 0.0002869063335429549
2.8058208276489314 0.0002799390215092693
2.810368349249659 0.00027313001382887886
2.8149158708503865 0.0002664759964634322
2.819463392451114 0.00025997371773171096
2.8240109140518417 0.0002536199873028067
2.8285584356525693 0.00024741167520176256
2.8331059572532973 0.0002413457108276108
2.837653478854025 0.00023541908198373925
2.8422010004547524 0.0002296288339205039
2.84674852205548 0.00022397206839002554
2.8512960436562076 0.00021844594271308815
2.855843565256935 0.0002130476688580623
2.8603910868576627 0.00020777451253177506
2.8649386084583903 0.00020262379228224822
2.869486130059118 0.0001975928786132232
2.8740336516598455 0.00019267919311038634
2.878581173260573 0.00018788020757921716
2.8831286948613006 0.0001831934431943701
2.887676216462028 0.00017861646966050524
2.892223738062756 0.00017414690438448123
2.8967712596634834 0.00016978241165882372
2.901318781264211 0.00016552070185637768
2.9058663028649385 0.00016135953063605628
2.9104138244656665 0.00015729669815959534
2.914961346066394 0.0001533300483192236
2.9195088676671217 0.00014945746797615102
2.9240563892678493 0.00014567688620979174
2.928603910868577 0.00014198627357762028
2.9331514324693044 0.00013838364138557205
2.937698954070032 0.0001348670409688911
2.9422464756707596 0.00013143456298333274
2.946793997271487 0.00012808433670662326
2.9513415188722147 0.0001248145293500826
2.9558890404729423 0.00012162334538031381
2.96043656207367 0.00011850902585086205
2.9649840836743975 0.00011546984774374811
2.969531605275125 0.00011250412332077745
2.9740791268758526 0.000109610199484529
2.97862664847658 0.00010678645714892615
2.983174170077308 0.0001040313106192927
2.9877216916780354 0.00010134320698179535
2.9922692132787634 9.872062550217556e-05
2.996816734879491 9.616207703367504e-05
3.0013642564802185 9.366610343405175e-05
3.005911778080946 9.123127699159595e-05
3.0104592996816737 8.885619986004277e-05
3.0150068212824013 8.653950350228754e-05
3.019554342883129 8.427984814280344e-05
3.0241018644838564 8.207592222866716e-05
3.028649386084584 7.992644189909308e-05
3.0331969076853116 7.783015046338022e-05
3.037744429286039 7.578581788717499e-05
3.0422919508867667 7.37922402869531e-05
3.0468394724874943 7.184823943262487e-05
3.051386994088222 6.995266225816695e-05
3.0559345156889495 6.810438038018659e-05
3.060482037289677 6.630228962432117e-05
3.0650295588904046 6.45453095593797e-05
3.0695770804911326 6.283238303913058e-05
3.0741246020918602 6.116247575164279e-05
3.078672123692588 5.9534575776084366e-05
3.0832196452933154 5.794769314688798e-05
3.087767166894043 5.640085942518838e-05
3.0923146884947705 5.489312727744006e-05
3.096862210095498 5.342357006112357e-05
3.1014097316962257 5.199128141744842e-05
3.1059572532969533 5.059537487096205e-05
3.110504774897681 4.9234983435974755e-05
3.1150522964984084 4.790925922970982e-05
3.119599818099136 4.661737309209079e-05
3.1241473396998636 4.5358514212076085e-05
3.128694861300591 4.41318897604536e-05
3.1332423829013187 4.293672452900754e-05
3.1377899045020463 4.177226057597018e-05
3.142337426102774 4.063775687767306e-05
3.146884947703502 3.953248898631117e-05
3.1514324693042295 3.8455748693735816e-05
3.155979990904957 3.740684370119057e-05
3.1605275125056846 3.6385097294908504e-05
3.165075034106412 3.538984802748571e-05
3.16962255570714 3.4420449404949946e-05
3.1741700773078674 3.347626957944225e-05
3.178717598908595 3.2556691047430547e-05
3.1832651205093225 3.16611103533749e-05
3.18781264211005 3.0788937798765094e-05
3.1923601637107777 2.9939597156451006e-05
3.1969076853115053 2.9112525390188273e-05
3.201455206912233 2.830717237932125e-05
3.2060027285129604 2.7523000648526853e-05
3.210550250113688 2.675948510254282e-05
3.2150977717144156 2.601611276580573e-05
3.219645293315143 2.5292382526923414e-05
3.224192814915871 2.4587804887908612e-05
3.2287403365165988 2.39019017181006e-05
3.2332878581173263 2.3234206012701762e-05
3.237835379718054 2.2584261655858858e-05
3.2423829013187815 2.1951623188216645e-05
3.246930422919509 2.1335855578874832e-05
3.2514779445202366 2.073653400167849e-05
3.256025466120964 2.0153243615773284e-05
3.260572987721692 1.9585579350357862e-05
3.2651205093224194 1.903314569356606e-05
3.269668030923147 1.8495556485412948e-05
3.2742155525238745 1.797243471473844e-05
3.278763074124602 1.7463412320084317e-05
3.2833105957253297 1.6968129994439926e-05
3.2878581173260573 1.6486236993793674e-05
3.292405638926785 1.6017390949427324e-05
3.2969531605275124 1.556125768389141e-05
3.3015006821282404 1.5117511030600558e-05
3.306048203728968 1.4685832656988446e-05
3.3105957253296956 1.426591189116235e-05
3.315143246930423 1.3857445551998892e-05
3.3196907685311507 1.346013778262248e-05
3.3242382901318783 1.3073699887209032e-05
3.328785811732606 1.2697850171058223e-05
3.3333333333333335 1.2332313783878441e-05
3.337880854934061 1.1976822566228863e-05
3.3424283765347886 1.1631114899064434e-05
3.346975898135516 1.1294935556329674e-05
3.351523419736244 1.0968035560548224e-05
3.3560709413369714 1.0650172041355815e-05
3.360618462937699 1.0341108096924795e-05
3.3651659845384265 1.004061265822934e-05
3.369713506139154 9.74846035610088e-06
3.3742610277398817 9.464431391024295e-06
3.3788085493406097 9.188311405625694e-06
3.3833560709413373 8.91989135980391e-06
3.387903592542065 8.658967408457494e-06
3.3924511141427924 8.405340781761083e-06
3.39699863574352 8.158817667944287e-06
3.4015461573442476 7.919209098527789e-06
3.406093678944975 7.686330835971696e-06
3.4106412005457027 7.460003263691905e-06
3.4151887221464303 7.240051278400793e-06
3.419736243747158 7.026304184729321e-06
3.4242837653478855 6.818595592088181e-06
3.428831286948613 6.616763313726352e-06
3.4333788085493406 6.420649267945832e-06
3.437926330150068 6.230099381432283e-06
3.442473851750796 6.044963494661589e-06
3.4470213733515234 5.865095269343189e-06
3.451568894952251 5.690352097861471e-06
3.456116416552979 5.5205950146773e-06
3.4606639381537065 5.355688609652183e-06
3.465211459754434 5.195500943258115e-06
3.4697589813551617 5.039903463637052e-06
3.4743065029558893 4.888770925474142e-06
3.478854024556617 4.74198131064962e-06
3.4834015461573444 4.5994157506348335e-06
3.487949067758072 4.460958450598344e-06
3.4924965893587996 4.326496615188675e-06
3.497044110959527 4.195920375960754e-06
3.5015916325602547 4.069122720413716e-06
3.5061391541609823 3.945999422608174e-06
3.51068667576171 3.826448975331645e-06
3.5152341973624375 3.7103725237813862e-06
3.519781718963165 3.5976738007342748e-06
3.5243292405638926 3.488259063173996e-06
3.52887676216462 3.382037030346262e-06
3.5334242837653482 3.278918823213275e-06
3.537971805366076 3.178817905279175e-06
3.5425193269668034 3.08165002475858e-06
3.547066848567531 2.9873331580609935e-06
3.5516143701682585 2.8957874545641946e-06
3.556161891768986 2.806935182650155e-06
3.5607094133697137 2.720700676977662e-06
3.5652569349704413 2.6370102869660785e-06
3.569804456571169 2.555792326465273e-06
3.5743519781718964 2.4769770245870928e-06
3.578899499772624 2.400496477674291e-06
3.5834470213733516 2.3262846023831066e-06
3.587994542974079 2.254277089856295e-06
3.5925420645748067 2.1844113609636545e-06
3.5970895861755343 2.1166265225876745e-06
3.601637107776262 2.0508633249321408e-06
3.6061846293769895 1.98706411983218e-06
3.6107321509777175 1.925172820044376e-06
3.615279672578445 1.8651348594961752e-06
3.6198271941791726 1.8068971544740188e-06
3.6243747157799002 1.7504080657302086e-06
3.628922237380628 1.6956173614886858e-06
3.6334697589813554 1.6424761813304223e-06
3.638017280582083 1.5909370009394138e-06
3.6425648021828105 1.5409535976906275e-06
3.647112323783538 1.4924810170616491e-06
3.6516598453842657 1.4454755398500673e-06
3.6562073669849933 1.3998946501790117e-06
3.660754888585721 1.3556970042735899e-06
3.6653024101864484 1.3128423999912857e-06
3.669849931787176 1.271291747089738e-06
3.6743974533879036 1.2310070382155903e-06
3.678944974988631 1.1919513205984864e-06
3.6834924965893587 1.1540886684345246e-06
3.6880400181900868 1.117384155943851e-06
3.6925875397908143 1.081803831087346e-06
3.697135061391542 1.0473146899276202e-06
3.7016825829922695 1.0138846516199234e-06
3.706230104592997 9.814825340187548e-07
3.7107776261937246 9.500780298863013e-07
3.715325147794452 9.196416836890912e-07
3.71987266939518 8.901448689695406e-07
3.7244201909959074 8.615597662793073e-07
3.728967712596635 8.338593416616608e-07
3.7335152341973625 8.070173256703234e-07
3.73806275579809 7.810081929124916e-07
3.7426102773988177 7.558071421040007e-07
3.7471577989995453 7.313900766248492e-07
3.751705320600273 7.077335855635166e-07
3.7562528422010004 6.848149252387903e-07
3.760800363801728 6.626120011880002e-07
3.765347885402456 6.411033506108312e-07
3.7698954070031836 6.202681252580942e-07
3.774442928603911 6.000860747550343e-07
3.7789904502046388 5.805375303490295e-07
3.7835379718053663 5.616033890716897e-07
3.788085493406094 5.432650983056074e-07
3.7926330150068215 5.255046407462145e-07
3.797180536607549 5.083045197493882e-07
3.8017280582082766 4.916477450556709e-07
3.806275579809004 4.755178188821424e-07
3.810823101409732 4.5989872237319123e-07
3.8153706230104594 4.447749024016046e-07
3.819918144611187 4.3013125871160097e-07
3.8244656662119145 4.159531313955906e-07
3.829013187812642 4.0222628869663966e-07
3.8335607094133697 3.88936915128789e-07
3.8381082310140973 3.760715999075373e-07
3.8426557526148253 3.636173256829842e-07
3.847203274215553 3.515614575682861e-07
3.8517507958162804 3.398917324562206e-07
3.856298317417008 3.2859624861686123e-07
3.8608458390177356 3.1766345556946357e-07
3.865393360618463 3.070821442218604e-07
3.8699408822191907 2.968414372707904e-07
3.8744884038199183 2.869307798567335e-07
3.879035925420646 2.773399304669874e-07
3.8835834470213735 2.6805895208082964e-07
3.888130968622101 2.5907820355078297e-07
3.8926784902228286 2.503883312141089e-07
3.897226011823556 2.4198026072880424e-07
3.901773533424284 2.338451891284977e-07
3.9063210550250114 2.2597457709077666e-07
3.910868576625739 2.183601414135912e-07
3.9154160982264665 2.109938476945171e-07
3.9199636198271945 2.0386790320776546e-07
3.924511141427922 1.9697474997396024e-07
3.9290586630286497 1.9030705801779882e-07
3.9336061846293773 1.8385771880885157e-07
3.938153706230105 1.776198388808388e-07
3.9427012278308324 1.7158673362485319e-07
3.94724874943156 1.657519212520873e-07
3.9517962710322876 1.601091169217399e-07
3.956343792633015 1.5465222702986983e-07
3.9608913142337427 1.4937534365506894e-07
3.9654388358344703 1.44272739156922e-07
3.969986357435198 1.3933886092331707e-07
3.9745338790359255 1.34568326262763e-07
3.979081400636653 1.299559174379633e-07
3.9836289222373806 1.2549657683698303e-07
3.988176443838108 1.2118540227843406e-07
3.992723965438836 1.1701764244719096e-07
3.997271487039564 1.1298869245723052e-07
4.001819008640291 1.090940895382747e-07
4.006366530241019 1.0532950884298861e-07
4.0109140518417465 1.0169075937157564e-07
4.015461573442474 9.81737800106781e-08
4.020009095043202 9.477463568357192e-08
4.024556616643929 9.148951360871549e-08
4.029104138244657 8.831471966378818e-08
4.033651659845384 8.524667485241778e-08
4.038199181446112 8.228191187087166e-08
4.04274670304684 7.941707177204964e-08
4.047294224647567 7.664890072418271e-08
4.051841746248295 7.397424686170758e-08
4.056389267849022 7.139005722584736e-08
4.06093678944975 6.88933747924931e-08
4.0654843110504775 6.648133558503769e-08
4.070031832651205 6.415116586987398e-08
4.074579354251933 6.190017943232796e-08
4.07912687585266 5.972577493084867e-08
4.083674397453388 5.762543332733727e-08
4.088221919054115 5.559671539154711e-08
4.092769440654843 5.363725927754041e-08
4.0973169622555705 5.1744778170237773e-08
4.101864483856298 4.991705800014716e-08
4.106412005457026 4.815195522440648e-08
4.110959527057753 4.644739467232348e-08
4.115507048658482 4.480136745364021e-08
4.120054570259209 4.3211928927799114e-08
4.124602091859937 4.1677196732524866e-08
4.1291496134606644 4.019534887008883e-08
4.133697135061392 3.8764621849657444e-08
4.13824465666212 3.738330888417013e-08
4.142792178262847 3.604975814023294e-08
4.147339699863575 3.47623710395529e-08
4.151887221464302 3.351960061047597e-08
4.15643474306503 3.2319949888229944e-08
4.1609822646657575 3.1161970362509205e-08
4.165529786266485 3.004426047107477e-08
4.170077307867213 2.8965464138077396e-08
4.17462482946794 2.792426935584544e-08
4.179172351068668 2.6919406808912737e-08
4.183719872669395 2.5949648539093945e-08
4.188267394270123 2.5013806650446003e-08
4.1928149158708505 2.4110732052985763e-08
4.197362437471578 2.323931324406358e-08
4.201909959072306 2.2398475126321715e-08
4.206457480673033 2.158717786119573e-08
4.211005002273761 2.0804415756943786e-08
4.215552523874488 2.0049216190217576e-08
4.220100045475216 1.9320638560213055e-08
4.224647567075944 1.8617773274467208e-08
4.229195088676671 1.7939740765390473e-08
4.233742610277399 1.7285690536650162e-08
4.238290131878126 1.665480023854378e-08
4.242837653478854 1.604627477152434e-08
4.2473851750795815 1.5459345417063076e-08
4.251932696680309 1.4893268995056679e-08
4.256480218281037 1.434732704700794e-08
4.261027739881764 1.3820825044229992e-08
4.265575261482492 1.3313091620344713e-08
4.27012278308322 1.2823477827365782e-08
4.274670304683948 1.2351356414677177e-08
4.279217826284675 1.1896121130234882e-08
4.283765347885403 1.1457186043341497e-08
4.2883128694861306 1.1033984888358005e-08
4.292860391086858 1.0625970428736773e-08
4.297407912687586 1.0232613840776268e-08
4.301955434288313 9.853404116514564e-09
4.306502955889041 9.487847485195336e-09
4.311050477489768 9.135466852755623e-09
4.315597999090496 8.795801258800166e-09
4.320145520691224 8.468405350542038e-09
4.324693042291951 8.152848873204257e-09
4.329240563892679 7.848716176390803e-09
4.333788085493406 7.555605735949805e-09
4.338335607094134 7.273129690864924e-09
4.3428831286948615 7.000913394724192e-09
4.347430650295589 6.738594981328348e-09
4.351978171896317 6.4858249440131444e-09
4.356525693497044 6.24226572827238e-09
4.361073215097772 6.007591337279967e-09
4.365620736698499 5.781486949921139e-09
4.370168258299227 5.563648550953803e-09
4.3747157798999545 5.353782572932176e-09
4.379263301500682 5.1516055495352275e-09
4.38381082310141 4.956843779952932e-09
4.388358344702137 4.769233003993245e-09
4.392905866302865 4.588518087582535e-09
4.397453387903592 4.414452718341655e-09
4.40200090950432 4.246799110929119e-09
4.406548431105048 4.085327721851839e-09
4.411095952705775 3.929816973452433e-09
4.415643474306503 3.780052986791009e-09
4.42019099590723 3.6358293231470774e-09
4.424738517507959 3.496946733875702e-09
4.429286039108686 3.3632129183597585e-09
4.433833560709414 3.234442289807231e-09
4.4383810823101415 3.110455748650884e-09
4.442928603910869 2.9910804633138005e-09
4.447476125511597 2.8761496581118804e-09
4.452023647112324 2.7655024080709505e-09
4.456571168713052 2.658983440442782e-09
4.461118690313779 2.556442942710686e-09
4.465666211914507 2.4577363768816753e-09
4.4702137335152345 2.3627242998680883e-09
4.474761255115962 2.2712721897675848e-09
4.47930877671669 2.183250277856064e-09
4.483856298317417 2.098533386113627e-09
4.488403819918145 2.0170007701090967e-09
4.492951341518872 1.9385359670738323e-09
4.4974988631196 1.8630266490006902e-09
4.502046384720328 1.790364480608903e-09
4.506593906321055 1.7204449820204494e-09
4.511141427921783 1.653167395998121e-09
4.51568894952251 1.588434559600119e-09
4.520236471123238 1.5261527801102457e-09
4.5247839927239655 1.4662317151071628e-09
4.529331514324693 1.408584256540257e-09
4.533879035925421 1.3531264186836912e-09
4.538426557526148 1.299777229844134e-09
4.542974079126876 1.2484586277014118e-09
4.547521600727603 1.199095358165062e-09
4.552069122328331 1.1516148776332757e-09
4.5566166439290585 1.105947258544228e-09
4.561164165529786 1.062025098113133e-09
4.565711687130514 1.0197834301516213e-09
4.570259208731241 9.79159639869233e-10
4.574806730331969 9.400933815598494e-10
4.579354251932697 9.025264990789072e-10
4.583901773533425 8.664029490201547e-10
4.5884492951341525 8.316687265033753e-10
4.59299681673488 7.982717934874992e-10
4.597544338335608 7.661620095258898e-10
4.602091859936335 7.352910648833426e-10
4.606639381537063 7.056124159367591e-10
4.61118690313779 6.770812227838853e-10
4.615734424738518 6.496542889868753e-10
4.6202819463392455 6.232900033796937e-10
4.624829467939973 5.979482838706158e-10
4.629376989540701 5.735905231731988e-10
4.633924511141428 5.501795364012328e-10
4.638472032742156 5.276795104651638e-10
4.643019554342883 5.060559552094838e-10
4.647567075943611 4.852756562324692e-10
4.6521145975443385 4.6530662933154247e-10
4.656662119145066 4.461180765193005e-10
4.661209640745794 4.2768034355702944e-10
4.665757162346521 4.099648789542326e-10
4.670304683947249 3.929441943843383e-10
4.674852205547976 3.765918264683832e-10
4.679399727148704 3.60882299880018e-10
4.683947248749432 3.4579109172671337e-10
4.688494770350159 3.3129459716351457e-10
4.693042291950887 3.1737009619713675e-10
4.697589813551614 3.0399572163959067e-10
4.702137335152342 2.911504281718809e-10
4.7066848567530695 2.788139624796524e-10
4.711232378353797 2.669668344239303e-10
4.715779899954525 2.5559028921136243e-10
4.720327421555252 2.4466628052957433e-10
4.72487494315598 2.341774446144411e-10
4.729422464756707 2.2410707521721526e-10
4.733969986357435 2.144390994405726e-10
4.738517507958163 2.0515805441372063e-10
4.743065029558891 1.9624906477777585e-10
4.7476125511596186 1.876978209536038e-10
4.752160072760346 1.7949055816537232e-10
4.756707594361074 1.7161403619397093e-10
4.761255115961801 1.6405551983542153e-10
4.765802637562529 1.568027600403013e-10
4.770350159163256 1.4984397571108242e-10
4.774897680763984 1.4316783613514632e-10
4.779445202364712 1.3676344403205493e-10
4.783992723965439 1.3062031919446431e-10
4.788540245566167 1.247283827028378e-10
4.793087767166894 1.1907794169486445e-10
4.797635288767622 1.1365967467121351e-10
4.8021828103683495 1.0846461731994648e-10
4.806730331969077 1.034841488425883e-10
4.811277853569805 9.870997876549942e-11
4.815825375170532 9.413413422081737e-11
4.82037289677126 8.974894768183042e-11
4.824920418371987 8.554704513822357e-11
4.829467939972715 8.152133469718229e-11
4.8340154615734425 7.766499559686846e-11
4.83856298317417 7.39714676192827e-11
4.843110504774898 7.04344408900071e-11
4.847658026375625 6.70478460527769e-11
4.852205547976353 6.38058448072639e-11
4.85675306957708 6.070282079886311e-11
4.861300591177808 5.7733370849664096e-11
4.865848112778536 5.4892296520153856e-11
4.870395634379263 5.2174595991544815e-11
4.874943155979991 4.957545625894514e-11
4.879490677580718 4.7090245625895124e-11
4.884038199181446 4.471450649107644e-11
4.8885857207821735 4.244394841826938e-11
4.893133242382902 4.02744414808797e-11
4.8976807639836295 3.8202009872590965e-11
4.902228285584357 3.622282577590248e-11
4.906775807185085 3.433320348052823e-11
4.911323328785812 3.2529593743796575e-11
4.91587085038654 3.080857838537379e-11
4.920418371987267 2.916686510878322e-11
4.924965893587995 2.760128254233982e-11
4.9295134151887225 2.6108775492251122e-11
4.93406093678945 2.46864004007606e-11
4.938608458390178 2.3331321002323704e-11
4.943155979990905 2.2040804170913756e-11
4.947703501591633 2.0812215951656386e-11
4.95225102319236 1.9643017770086183e-11
4.956798544793088 1.853076281241054e-11
4.961346066393816 1.7473092570254453e-11
4.965893587994543 1.6467733543445522e-11
4.970441109595271 1.551249409448487e-11
4.974988631195998 1.4605261448434326e-11
4.979536152796726 1.37439988320381e-11
4.9840836743974535 1.2926742745985278e-11
4.988631195998181 1.2151600364311841e-11
4.993178717598909 1.141674705503665e-11
4.997726239199636 1.0720424016226033e-11
5.002273760800364 1.0060936021787051e-11
