-1.5 0.08985405767359113
-1.49 0.10155894918285088
-1.48 0.1138771979627053
-1.47 0.12670513944836648
-1.46 0.13992515174972953
-1.45 0.1534090632048276
-1.44 0.16702204402133988
-1.43 0.18062677958239626
-1.42 0.19408770671612
-1.41 0.20727509416091025
-1.4000000000000001 0.22006876419566132
-1.3900000000000001 0.2323612820806971
-1.3800000000000001 0.24406048050188722
-1.37 0.25509123373341847
-1.36 0.2653964464640649
-1.35 0.274937270978776
-1.34 0.28369260995431017
-1.33 0.29165799762604605
-1.32 0.29884397763128695
-1.31 0.3052741106246289
-1.3 0.3109827490050467
-1.29 0.3160127108685707
-1.28 0.32041297232325305
-1.27 0.3242364786793946
-1.26 0.3275381529947272
-1.25 0.3303731571548672
-1.24 0.3327954379772882
-1.23 0.3348565702276071
-1.22 0.33660489097005936
-1.21 0.33808490593104945
-1.2 0.33933693871904547
-1.19 0.3403969876619769
-1.18 0.3412967522900674
-1.17 0.3420637915428235
-1.16 0.3427217779725617
-1.1500000000000001 0.34329081590675925
-1.1400000000000001 0.3437877961195118
-1.1300000000000001 0.34422676453489154
-1.12 0.3446192874320057
-1.11 0.34497480024207355
-1.1 0.34530093112393273
-1.09 0.34560379396829943
-1.08 0.3458882482784422
-1.07 0.34615812552599245
-1.06 0.34641642314350657
-1.05 0.3466654683698489
-1.04 0.34690705480017525
-1.03 0.3471425547986094
-1.02 0.3473730109919122
-1.01 0.34759920994917365
-1.0 0.34782174092651713
-0.99 0.3480410422650327
-0.98 0.3482574377111278
-0.97 0.34847116460731253
-0.96 0.3486823955956728
-0.9500000000000001 0.348891255196684
-0.9400000000000001 0.34909783237807107
-0.93 0.3493021900140412
-0.92 0.3495043719535629
-0.91 0.3497044082652643
-0.9 0.3499023191026879
-0.89 0.35009811753358144
-0.88 0.350291811597047
-0.87 0.350483405789354
-0.86 0.3506729021300054
-0.85 0.3508603009216017
-0.84 0.3510456012878857
-0.8300000000000001 0.3512288015522114
-0.8200000000000001 0.3514098995020164
-0.81 0.3515888925724043
-0.8 0.35176577797274905
-0.79 0.3519405527734196
-0.78 0.35211321396480316
-0.77 0.35228375849721005
-0.76 0.35245218330768335
-0.75 0.352618485337895
-0.74 0.35278266154602445
-0.73 0.3529447089145967
-0.72 0.3531046244556313
-0.71 0.3532624052140124
-0.7000000000000001 0.35341804826969053
-0.6900000000000001 0.35357155073912033
-0.68 0.3537229097762103
-0.67 0.35387212257294426
-0.66 0.3540191863598127
-0.65 0.35416409840610424
-0.64 0.3543068560201232
-0.63 0.35444745654934945
-0.62 0.3545858973805721
-0.61 0.35472217593999683
-0.6 0.3548562896933458
-0.59 0.3549882361459448
-0.58 0.35511801284280764
-0.5700000000000001 0.35524561736871557
-0.56 0.3553710473482954
-0.55 0.355494300446093
-0.54 0.3556153743666465
-0.53 0.3557342668545594
-0.52 0.3558509756945698
-0.51 0.3559654987116195
-0.5 0.3560778337709212
-0.49 0.3561879787780254
-0.48 0.3562959316788858
-0.47000000000000003 0.3564016904599226
-0.46 0.3565052531480844
-0.45 0.3566066178109113
-0.44 0.3567057825565942
-0.43 0.3568027455340326
-0.42 0.3568975049328939
-0.41000000000000003 0.3569900589836686
-0.4 0.35708040595772556
-0.39 0.3571685441673672
-0.38 0.3572544719658789
-0.37 0.3573381877475832
-0.36 0.35741968994788914
-0.35000000000000003 0.35749897704333966
-0.34 0.3575760475516616
-0.33 0.35765090003180877
-0.32 0.35772353308400867
-0.31 0.35779394534980696
-0.3 0.3578621355121077
-0.29 0.35792810229521554
-0.28 0.357991844464876
-0.27 0.35805336082831263
-0.26 0.35811265023426475
-0.25 0.3581697115730249
-0.24 0.3582245437764705
-0.23 0.3582771458181
-0.22 0.3583275167130625
-0.21 0.35837565551819084
-0.2 0.35842156133202885
-0.19 0.3584652332948611
-0.18 0.35850667058873886
-0.17 0.35854587243750585
-0.16 0.35858283810682273
-0.15 0.3586175669041896
-0.14 0.3586500581789681
-0.13 0.3586803113224008
-0.12 0.35870832576763195
-0.11 0.35873410098972297
-0.1 0.3587576365056707
-0.09 0.3587789318744214
-0.08 0.35879798669688484
-0.07 0.3588148006159472
-0.06 0.3588293733164815
-0.05 0.35884170452535774
-0.04 0.3588517940114517
-0.03 0.3588596415856517
-0.02 0.35886524710086476
-0.01 0.35886861045202156
0.0 0.3588697315760785
0.01 0.3588686104520215
0.02 0.35886524710086487
0.03 0.35885964158565176
0.04 0.35885179401145156
0.05 0.3588417045253576
0.06 0.3588293733164813
0.07 0.3588148006159472
0.08 0.35879798669688495
0.09 0.35877893187442145
0.1 0.3587576365056707
0.11 0.35873410098972297
0.12 0.358708325767632
0.13 0.358680311322401
0.14 0.3586500581789679
0.15 0.3586175669041895
0.16 0.35858283810682257
0.17 0.35854587243750596
0.18 0.3585066705887386
0.19 0.3584652332948608
0.2 0.3584215613320287
0.21 0.3583756555181905
0.22 0.3583275167130624
0.23 0.3582771458181
0.24 0.35822454377647045
0.25 0.3581697115730249
0.26 0.3581126502342649
0.27 0.3580533608283123
0.28 0.357991844464876
0.29 0.3579281022952157
0.3 0.35786213551210744
0.31 0.3577939453498071
0.32 0.3577235330840089
0.33 0.3576509000318084
0.34 0.3575760475516618
0.35000000000000003 0.3574989770433399
0.36 0.35741968994788886
0.37 0.35733818774758286
0.38 0.35725447196587873
0.39 0.35716854416736704
0.4 0.3570804059577255
0.41000000000000003 0.3569900589836685
0.42 0.35689750493289363
0.43 0.35680274553403263
0.44 0.3567057825565935
0.45 0.3566066178109112
0.46 0.35650525314808434
0.47000000000000003 0.35640169045992254
0.48 0.3562959316788861
0.49 0.35618797877802544
0.5 0.35607783377092106
0.51 0.3559654987116192
0.52 0.35585097569456997
0.53 0.35573426685455944
0.54 0.3556153743666464
0.55 0.3554943004460926
0.56 0.35537104734829567
0.5700000000000001 0.35524561736871557
0.58 0.35511801284280736
0.59 0.354988236145945
0.6 0.35485628969334576
0.61 0.35472217593999655
0.62 0.35458589738057184
0.63 0.35444745654934945
0.64 0.35430685602012313
0.65 0.3541640984061044
0.66 0.3540191863598128
0.67 0.35387212257294415
0.68 0.3537229097762101
0.6900000000000001 0.3535715507391208
0.7000000000000001 0.35341804826969053
0.71 0.3532624052140125
0.72 0.3531046244556313
0.73 0.35294470891459656
0.74 0.3527826615460249
0.75 0.352618485337895
0.76 0.3524521833076835
0.77 0.3522837584972098
0.78 0.35211321396480294
0.79 0.3519405527734193
0.8 0.35176577797274927
0.81 0.3515888925724043
0.8200000000000001 0.35140989950201656
0.8300000000000001 0.3512288015522123
0.84 0.35104560128788564
0.85 0.35086030092160175
0.86 0.3506729021300055
0.87 0.35048340578935405
0.88 0.3502918115970472
0.89 0.3500981175335813
0.9 0.349902319102688
0.91 0.34970440826526417
0.92 0.3495043719535628
0.93 0.3493021900140414
0.9400000000000001 0.34909783237807135
0.9500000000000001 0.3488912551966837
0.96 0.34868239559567304
0.97 0.34847116460731253
0.98 0.3482574377111279
0.99 0.3480410422650326
1.0 0.3478217409265172
1.01 0.34759920994917365
1.02 0.34737301099191215
1.03 0.34714255479860945
1.04 0.34690705480017553
1.05 0.34666546836984896
1.06 0.34641642314350635
1.07 0.34615812552599245
1.08 0.3458882482784423
1.09 0.3456037939682999
1.1 0.34530093112393256
1.11 0.34497480024207405
1.12 0.34461928743200576
1.1300000000000001 0.3442267645348916
1.1400000000000001 0.3437877961195118
1.1500000000000001 0.34329081590675947
1.16 0.3427217779725621
1.17 0.3420637915428231
1.18 0.3412967522900676
1.19 0.34039698766197724
1.2 0.3393369387190457
1.21 0.33808490593104984
1.22 0.33660489097005947
1.23 0.3348565702276072
1.24 0.3327954379772885
1.25 0.33037315715486737
1.26 0.3275381529947275
1.27 0.3242364786793948
1.28 0.3204129723232533
1.29 0.31601271086857075
1.3 0.3109827490050464
1.31 0.30527411062462884
1.32 0.2988439776312871
1.33 0.29165799762604633
1.34 0.2836926099543101
1.35 0.2749372709787763
1.36 0.26539644646406507
1.37 0.2550912337334187
1.3800000000000001 0.24406048050188742
1.3900000000000001 0.23236128208069715
1.4000000000000001 0.2200687641956615
1.41 0.20727509416091036
1.42 0.19408770671612008
1.43 0.18062677958239637
1.44 0.16702204402134002
1.45 0.15340906320482764
1.46 0.13992515174972953
1.47 0.1267051394483665
1.48 0.11387719796270526
1.49 0.10155894918285087
1.5 0.08985405767359118
