-5.002501250625312 1.0049950469571126e-11
-4.997498749374687 1.0776313032320804e-11
-4.992496248124062 1.1547366113099204e-11
-4.987493746873437 1.2365373788785216e-11
-4.982491245622811 1.323269367843732e-11
-4.977488744372186 1.415178061310578e-11
-4.972486243121561 1.5125190502862116e-11
-4.967483741870935 1.6155584412197198e-11
-4.96248124062031 1.7245732855157687e-11
-4.957478739369685 1.8398520321804117e-11
-4.9524762381190595 1.961695004776654e-11
-4.947473736868434 2.090414903887182e-11
-4.942471235617809 2.2263373362999463e-11
-4.937468734367183 2.3698013721508037e-11
-4.932466233116558 2.5211601312754847e-11
-4.927463731865933 2.6807814000422887e-11
-4.9224612306153075 2.8490482799549976e-11
-4.917458729364682 3.026359869336307e-11
-4.912456228114057 3.213131979422374e-11
-4.907453726863432 3.409797886221675e-11
-4.902451225612806 3.616809119515279e-11
-4.897448724362181 3.834636290401402e-11
-4.8924462231115555 4.063769958816073e-11
-4.88744372186093 4.304721542491239e-11
-4.882441220610305 4.5580242688465064e-11
-4.87743871935968 4.8242341713465264e-11
-4.872436218109055 5.103931131896424e-11
-4.867433716858429 5.397719970891085e-11
-4.862431215607804 5.706231586581222e-11
-4.857428714357178 6.030124145471557e-11
-4.852426213106553 6.370084325520197e-11
-4.847423711855928 6.726828613970142e-11
-4.842421210605303 7.101104661707169e-11
-4.837418709354677 7.493692696108175e-11
-4.832416208104052 7.905406994417508e-11
-4.827413706853426 8.337097419769367e-11
-4.822411205602801 8.789651022056372e-11
-4.817408704352176 9.263993705935595e-11
-4.812406203101551 9.761091968357463e-11
-4.807403701850926 1.0281954708102719e-10
-4.8024012006003 1.0827635109918766e-10
-4.7973986993496744 1.1399232605956609e-10
-4.792396198099049 1.199789491732887e-10
-4.787393696848424 1.2624820178727806e-10
-4.782391195597799 1.3281259149173856e-10
-4.777388694347174 1.39685175120972e-10
-4.7723861930965485 1.4687958268094627e-10
-4.7673836918459225 1.544100422385017e-10
-4.762381190595297 1.6229140580857874e-10
-4.757378689344672 1.705391762774563e-10
-4.752376188094047 1.791695354015778e-10
-4.747373686843422 1.881993729232837e-10
-4.742371185592797 1.9764631684650252e-10
-4.7373686843421705 2.0752876491727753e-10
-4.732366183091545 2.1786591735588906e-10
-4.72736368184092 2.286778108893092e-10
-4.722361180590295 2.399853541346853e-10
-4.71735867933967 2.518103643866946e-10
-4.712356178089045 2.6417560586372134e-10
-4.707353676838419 2.771048294700535e-10
-4.702351175587793 2.9062281413357634e-10
-4.697348674337168 3.047554097808065e-10
-4.692346173086543 3.1952958201358966e-10
-4.687343671835918 3.349734585542321e-10
-4.682341170585293 3.5111637752851035e-10
-4.6773386693346675 3.679889376586461e-10
-4.672336168084042 3.856230504411029e-10
-4.667333666833416 4.0405199438692476e-10
-4.662331165582791 4.2331047140525515e-10
-4.657328664332166 4.434346654137716e-10
-4.652326163081541 4.6446230326279896e-10
-4.6473236618309155 4.864327180631912e-10
-4.64232116058029 5.093869150113587e-10
-4.637318659329665 5.333676398082566e-10
-4.632316158079039 5.584194497727066e-10
-4.627313656828414 5.845887877530622e-10
-4.622311155577789 6.119240589450863e-10
-4.6173086543271635 6.404757107276599e-10
-4.612306153076538 6.702963156321306e-10
-4.607303651825913 7.014406575651624e-10
-4.602301150575287 7.339658214092814e-10
-4.597298649324662 7.679312861297103e-10
-4.592296148074037 8.03399021520767e-10
-4.587293646823412 8.404335887296511e-10
-4.582291145572786 8.791022447005129e-10
-4.577288644322161 9.194750506866448e-10
-4.572286143071536 9.616249849838574e-10
-4.56728364182091 1.0056280600435542e-09
-4.562281140570285 1.0515634441294495e-09
-4.55727863931966 1.0995135876878885e-09
-4.552276138069034 1.1495643546073038e-09
-4.547273636818409 1.2018051585488485e-09
-4.542271135567784 1.2563291045363719e-09
-4.537268634317159 1.3132331360005513e-09
-4.532266133066533 1.3726181874787832e-09
-4.527263631815908 1.4345893431793326e-09
-4.5222611305652824 1.499256001625776e-09
-4.517258629314657 1.5667320466048238e-09
-4.512256128064032 1.6371360246487299e-09
-4.507253626813407 1.710591329291315e-09
-4.502251125562781 1.7872263923449006e-09
-4.497248624312156 1.8671748824539348e-09
-4.4922461230615305 1.950575911190188e-09
-4.487243621810905 2.0375742469629846e-09
-4.48224112056028 2.128320537027894e-09
-4.477238619309655 2.2229715378866624e-09
-4.47223611805903 2.321690354381368e-09
-4.467233616808404 2.4246466877960896e-09
-4.4622311155577785 2.5320170932900217e-09
-4.457228614307153 2.6439852469973565e-09
-4.452226113056528 2.7607422231400397e-09
-4.447223611805903 2.8824867815119755e-09
-4.442221110555278 3.009425665704957e-09
-4.437218609304653 3.141773912459354e-09
-4.4322161080540265 3.2797551725355423e-09
-4.427213606803401 3.4236020435152223e-09
-4.422211105552776 3.573556414956162e-09
-4.417208604302151 3.729869826337215e-09
-4.412206103051526 3.892803838246101e-09
-4.407203601800901 4.062630417276976e-09
-4.402201100550275 4.239632335120782e-09
-4.397198599299649 4.424103582347164e-09
-4.392196098049024 4.616349797394112e-09
-4.387193596798399 4.816688711297452e-09
-4.382191095547774 5.025450608711251e-09
-4.377188594297149 5.242978805787637e-09
-4.3721860930465235 5.469630145503722e-09
-4.367183591795897 5.705775511042523e-09
-4.362181090545272 5.951800357854756e-09
-4.357178589294647 6.208105265049599e-09
-4.352176088044022 6.475106506782501e-09
-4.347173586793397 6.7532366443313274e-09
-4.3421710855427715 7.04294513957396e-09
-4.337168584292146 7.344698990603885e-09
-4.33216608304152 7.658983390244436e-09
-4.327163581790895 7.986302408246402e-09
-4.32216108054027 8.32717969798065e-09
-4.317158579289645 8.682159228461408e-09
-4.31215607803902 9.051806042564815e-09
-4.307153576788394 9.43670704233416e-09
-4.302151075537768 9.837471802292088e-09
-4.297148574287143 1.0254733411709166e-08
-4.292146073036518 1.0689149346809876e-08
-4.287143571785893 1.1141402373926196e-08
-4.282141070535268 1.1612201484643119e-08
-4.277138569284642 1.210228286401261e-08
-4.272136068034017 1.2612410892946827e-08
-4.267133566783391 1.3143379185936585e-08
-4.262131065532766 1.3696011665276696e-08
-4.257128564282141 1.4271163673018795e-08
-4.252126063031516 1.4869723121907486e-08
-4.2471235617808905 1.5492611686598048e-08
-4.242121060530265 1.614078603649287e-08
-4.23711855927964 1.6815239111575867e-08
-4.232116058029014 1.751700144266716e-08
-4.227113556778389 1.8247142517563783e-08
-4.222111055527764 1.900677219457985e-08
-4.2171085542771385 1.979704216504244e-08
-4.212106053026513 2.0619147466351437e-08
-4.207103551775888 2.1474328047258668e-08
-4.202101050525263 2.236387038707328e-08
-4.197098549274637 2.328910917055263e-08
-4.192096048024012 2.425142902029052e-08
-4.1870935467733865 2.5252266288473494e-08
-4.182091045522761 2.6293110909926366e-08
-4.177088544272136 2.737550831843363e-08
-4.172086043021511 2.850106142837799e-08
-4.167083541770885 2.967143268380263e-08
-4.16208104052026 3.088834617706318e-08
-4.1570785392696346 3.2153589839307374e-08
-4.152076038019009 3.346901770507787e-08
-4.147073536768384 3.4836552253411227e-08
-4.142071035517759 3.6258186827871804e-08
-4.137068534267134 3.7735988138033486e-08
-4.132066033016508 3.927209884499679e-08
-4.127063531765883 4.0868740233603776e-08
-4.122061030515257 4.252821497409747e-08
-4.117058529264632 4.4252909976043913e-08
-4.112056028014007 4.604529933742749e-08
-4.107053526763382 4.790794739190932e-08
-4.102051025512757 4.9843511857329214e-08
-4.097048524262131 5.1854747088619153e-08
-4.092046023011505 5.394450743838964e-08
-4.08704352176088 5.611575072854816e-08
-4.082041020510255 5.837154183639809e-08
-4.07703851925963 6.07150563987744e-08
-4.072036018009005 6.314958463787148e-08
-4.067033516758379 6.567853531252275e-08
-4.0620310155077535 6.830543979879907e-08
-4.057028514257128 7.10339563039103e-08
-4.052026013006503 7.386787421749462e-08
-4.047023511755878 7.681111860451072e-08
-4.042021010505253 7.986775484405791e-08
-4.037018509254628 8.304199341857652e-08
-4.0320160080040015 8.633819485800401e-08
-4.027013506753376 8.976087484358981e-08
-4.022011005502751 9.331470947621348e-08
-4.017008504252126 9.700454071416871e-08
-4.012006003001501 1.0083538198553191e-07
-4.007003501750876 1.048124239803664e-07
-4.00200100050025 1.089410406281626e-07
-3.996998499249625 1.1322679526606289e-07
-3.991995997998999 1.17675447003574e-07
-3.986993496748374 1.2229295728962574e-07
-3.981990995497749 1.2708549668800026e-07
-3.9769884942471236 1.3205945186730943e-07
-3.971985992996498 1.3722143281188385e-07
-3.966983491745873 1.4257828026009198e-07
-3.9619809904952477 1.4813707337680332e-07
-3.956978489244622 1.5390513766687422e-07
-3.951975987993997 1.598900531367302e-07
-3.9469734867433717 1.6609966271131273e-07
-3.941970985492746 1.7254208091384035e-07
-3.936968484242121 1.7922570281604483e-07
-3.9319659829914957 1.8615921326674976e-07
-3.9269634817408705 1.933515964068499e-07
-3.921960980490245 2.0081214547898962e-07
-3.9169584792396197 2.085504729404337e-07
-3.9119559779889945 2.1657652088787209e-07
-3.906953476738369 2.249005718031027e-07
-3.9019509754877437 2.3353325962879384e-07
-3.8969484742371185 2.4248558118376306e-07
-3.891945972986493 2.517689079274435e-07
-3.8869434717358677 2.6139499808347177e-07
-3.8819409704852426 2.713760091325932e-07
-3.8769384692346174 2.8172451068532463e-07
-3.8719359679839918 2.924534977451041e-07
-3.8669334667333666 3.0357640437291584e-07
-3.8619309654827414 3.151071177646797e-07
-3.8569284642321158 3.2705999275295876e-07
-3.8519259629814906 3.394498667448421e-07
-3.8469234617308654 3.522920751081815e-07
-3.8419209604802402 3.656024670186257e-07
-3.8369184592296146 3.7939742178024677e-07
-3.8319159579789894 3.936938656328525e-07
-3.8269134567283642 4.085092890594302e-07
-3.8219109554777386 4.238617646074627e-07
-3.8169084542271134 4.397699652382352e-07
-3.8119059529764883 4.5625318321860277e-07
-3.8069034517258626 4.7333134957000467e-07
-3.8019009504752375 4.91025054089916e-07
-3.7968984492246123 5.093555659612996e-07
-3.791895947973987 5.283448549659618e-07
-3.7868934467233615 5.480156133181544e-07
-3.7818909454727363 5.683912781351126e-07
-3.776888444222111 5.894960545616814e-07
-3.7718859429714855 6.113549395665274e-07
-3.7668834417208603 6.339937464278985e-07
-3.761880940470235 6.574391299273374e-07
-3.7568784392196095 6.817186122701366e-07
-3.7518759379689843 7.068606097518099e-07
-3.746873436718359 7.328944601903357e-07
-3.741870935467734 7.598504511443147e-07
-3.7368684342171083 7.877598489377477e-07
-3.731865932966483 8.166549285125444e-07
-3.726863431715858 8.465690041304596e-07
-3.7218609304652324 8.775364609465371e-07
-3.716858429214607 9.095927874767645e-07
-3.711855927963982 9.427746089831226e-07
-3.7068534267133564 9.771197217997156e-07
-3.701850925462731 1.0126671286242428e-06
-3.696848424212106 1.0494570747996823e-06
-3.691845922961481 1.0875310856114675e-06
-3.686843421710855 1.126932004626182e-06
-3.68184092046023 1.167704033098269e-06
-3.676838419209605 1.2098927704719154e-06
-3.6718359179589792 1.2535452560058263e-06
-3.666833416708354 1.2987100115492286e-06
-3.661830915457729 1.34543708549817e-06
-3.6568284142071033 1.3937780979616322e-06
-3.651825912956478 1.4437862871678033e-06
-3.646823411705853 1.4955165571414635e-06
-3.6418209104552277 1.5490255266840485e-06
-3.636818409204602 1.6043715796887352e-06
-3.631815907953977 1.6616149168235278e-06
-3.6268134067033517 1.7208176086161136e-06
-3.621810905452726 1.7820436499748592e-06
-3.616808404202101 1.845359016181142e-06
-3.6118059029514757 1.9108317203890044e-06
-3.60680340170085 1.978531872668717e-06
-3.601800900450225 2.04853174063175e-06
-3.5967983991995998 2.120905811675468e-06
-3.5917958979489746 2.195730856886446e-06
-3.586793396698349 2.2730859966424045e-06
-3.5817908954477238 2.3530527679533354e-06
-3.5767883941970986 2.435715193583439e-06
-3.571785892946473 2.5211598529961575e-06
-3.566783391695848 2.6094759551655643e-06
-3.5617808904452226 2.7007554132982776e-06
-3.556778389194597 2.7950929215108436e-06
-3.551775887943972 2.892586033508471e-06
-3.5467733866933466 2.9933352433120984e-06
-3.5417708854427215 3.097444068081378e-06
-3.536768384192096 3.2050191330823986e-06
-3.5317658829414706 3.316170258849771e-06
-3.5267633816908455 3.4310105505937995e-06
-3.52176088044022 3.5496564899042688e-06
-3.5167583791895947 3.6722280288035016e-06
-3.5117558779389695 3.7988486862025105e-06
-3.506753376688344 3.929645646814655e-06
-3.5017508754377187 4.064749862582737e-06
-3.4967483741870935 4.204296156676318e-06
-3.4917458729364683 4.348423330116996e-06
-3.4867433716858427 4.497274271090742e-06
-3.4817408704352175 4.650996067007195e-06
-3.4767383691845923 4.809740119367319e-06
-3.4717358679339667 4.9736622615014915e-06
-3.4667333666833415 5.142922879241519e-06
-3.4617308654327164 5.317687034591386e-06
-3.4567283641820907 5.4981245924622735e-06
-3.4517258629314655 5.684410350538821e-06
-3.4467233616808404 5.876724172345143e-06
-3.441720860430215 6.075251123579461e-06
-3.4367183591795896 6.280181611788448e-06
-3.4317158579289644 6.491711529452757e-06
-3.426713356678339 6.710042400557262e-06
-3.4217108554277136 6.935381530719953e-06
-3.4167083541770884 7.167942160955456e-06
-3.4117058529264632 7.407943625150174e-06
-3.406703351675838 7.655611511327065e-06
-3.4017008504252124 7.911177826780005e-06
-3.3966983491745872 8.174881167158298e-06
-3.391695847923962 8.446966889584133e-06
-3.3866933466733364 8.727687289886193e-06
-3.3816908454227113 9.017301784034576e-06
-3.376688344172086 9.316077093863798e-06
-3.3716858429214605 9.624287437171219e-06
-3.3666833416708353 9.942214722280296e-06
-3.36168084042021 1.0270148747159768e-05
-3.356678339169585 1.0608387403190154e-05
-3.3516758379189593 1.0957236883671717e-05
-3.346673336668334 1.1317011897168528e-05
-3.341670835417709 1.1688035885785612e-05
-3.3366683341670833 1.207064124847654e-05
-3.331665832916458 1.2465169569481302e-05
-3.326663331665833 1.2871971851995565e-05
-3.3216608304152073 1.3291408757173476e-05
-3.316658329164582 1.3723850848567941e-05
-3.311655827913957 1.4169678842114675e-05
-3.306653326663332 1.4629283861766033e-05
-3.301650825412706 1.5103067700883984e-05
-3.296648324162081 1.5591443089502128e-05
-3.291645822911456 1.6094833967568718e-05
-3.28664332166083 1.661367576428365e-05
-3.281640820410205 1.714841568364435e-05
-3.27663831915958 1.7699512996317654e-05
-3.271635817908954 1.826743933795479e-05
-3.266633316658329 1.8852679014069515e-05
-3.261630815407704 1.9455729311601127e-05
-3.2566283141570787 2.0077100817284274e-05
-3.251625812906453 2.0717317742950818e-05
-3.246623311655828 2.137691825788892e-05
-3.2416208104052027 2.2056454828388304e-05
-3.236618309154577 2.2756494564599584e-05
-3.231615807903952 2.3477619574839037e-05
-3.2266133066533267 2.422042732747198e-05
-3.221610805402701 2.4985531020507685e-05
-3.216608304152076 2.5773559959042054e-05
-3.2116058029014507 2.6585159940685967e-05
-3.2066033016508255 2.7420993649116728e-05
-3.2016008004002 2.8281741055894755e-05
-3.1965982991495747 2.9168099830685947e-05
-3.1915957978989495 3.008078576003531e-05
-3.186593296648324 3.102053317483525e-05
-3.1815907953976987 3.1988095386636055e-05
-3.1765882941470736 3.298424513294785e-05
-3.171585792896448 3.4009775031682447e-05
-3.1665832916458228 3.5065498044887176e-05
-3.1615807903951976 3.615224795192479e-05
-3.1565782891445724 3.727087983225188e-05
-3.1515757878939468 3.8422270557953854e-05
-3.1465732866433216 3.9607319296192414e-05
-3.1415707853926964 4.0826948021726177e-05
-3.136568284142071 4.2082102039663585e-05
-3.1315657828914456 4.3373750518610014e-05
-3.1265632816408204 4.470288703437433e-05
-3.121560780390195 4.607053012439685e-05
-3.1165582791395696 4.747772385306686e-05
-3.1115557778889444 4.8925538388096885e-05
-3.1065532766383193 5.0415070588121825e-05
-3.1015507753876936 5.19474446016938e-05
-3.0965482741370685 5.3523812477843354e-05
-3.0915457728864433 5.5145354788381706e-05
-3.0865432716358177 5.681328126211486e-05
-3.0815407703851925 5.852883143114711e-05
-3.0765382691345673 6.029327528945012e-05
-3.0715357678839417 6.210791396387345e-05
-3.0665332666333165 6.397408039777587e-05
-3.0615307653826913 6.58931400474584e-05
-3.056528264132066 6.78664915915773e-05
-3.0515257628814405 6.989556765372017e-05
-3.0465232616308153 7.198183553832627e-05
-3.04152076038019 7.412679798013764e-05
-3.0365182591295645 7.633199390736074e-05
-3.0315157578789393 7.859899921872692e-05
-3.026513256628314 8.092942757463714e-05
-3.0215107553776885 8.332493120257615e-05
-3.0165082541270634 8.578720171698399e-05
-3.011505752876438 8.831797095377387e-05
-3.006503251625813 9.091901181968251e-05
-3.0015007503751874 9.359213915664336e-05
-2.996498249124562 9.633921062136995e-05
-2.991495747873937 9.916212758034373e-05
-2.9864932466233114 0.00010206283602038965
-2.981490745372686 0.00010504332747503372
-2.976488244122061 0.00010810563996683401
-2.971485742871436 0.000111251858965871
-2.9664832416208102 0.00011448411836459243
-2.961480740370185 0.00011780460146919766
-2.95647823911956 0.00012121554200776008
-2.9514757378689342 0.00012471922515526802
-2.946473236618309 0.00012831798857577923
-2.941470735367684 0.00013201422348188004
-2.9364682341170583 0.00013581037571163416
-2.931465732866433 0.00013970894682320832
-2.926463231615808 0.00014371249520737095
-2.9214607303651827 0.000147823637218041
-2.916458229114557 0.00015204504832107857
-2.911455727863932 0.0001563794642615015
-2.9064532266133067 0.0001608296822493138
-2.901450725362681 0.0001653985621641265
-2.896448224112056 0.0001700890277787527
-2.8914457228614308 0.00017490406800196366
-2.886443221610805 0.00017984673814057657
-2.88144072036018 0.00018492016118105547
-2.8764382191095548 0.00019012752909080635
-2.8714357178589296 0.00019547210413933192
-2.866433216608304 0.00020095722023942507
-2.861430715357679 0.00020658628430856704
-2.8564282141070536 0.00021236277765070467
-2.851425712856428 0.00021829025735856672
-2.846423211605803 0.0002243723577366829
-2.8414207103551776 0.0002306127917452754
-2.836418209104552 0.00023701535246517145
-2.831415707853927 0.00024358391458389293
-2.8264132066033016 0.00025032243590309057
-2.8214107053526765 0.00025723495886744916
-2.816408204102051 0.00026432561211523186
-2.8114057028514257 0.00027159861205059116
-2.8064032016008005 0.0002790582644378001
-2.801400700350175 0.00028670896601752725
-2.7963981990995497 0.00029455520614529273
-2.7913956978489245 0.00030260156845223976
-2.786393196598299 0.0003108527325283362
-2.7813906953476737 0.0003193134756281284
-2.7763881940970485 0.0003279886743991708
-2.7713856928464233 0.00033688330663323167
-2.7663831915957977 0.00034600245304038763
-2.7613806903451725 0.0003553512990461008
-2.7563781890945473 0.00036493513661139254
-2.7513756878439217 0.0003747593660761785
-2.7463731865932965 0.000384829498025869
-2.7413706853426714 0.00039515115518131414
-2.7363681840920457 0.00040573007431215694
-2.7313656828414206 0.0004165721081736636
-2.7263631815907954 0.00042768322746711
-2.72136068034017 0.0004390695228237539
-2.7163581790895446 0.00045073720681246195
-2.7113556778389194 0.0004626926159710154
-2.706353176588294 0.0004749422128611524
-2.7013506753376686 0.00048749258814735164
-2.6963481740870434 0.0005003504626993835
-2.6913456728364182 0.0005135226897186593
-2.6863431715857926 0.000527016256888355
-2.6813406703351674 0.0005408382885473202
-2.6763381690845423 0.000554996047887775
-2.671335667833917 0.0005694969391767419
-2.6663331665832914 0.0005843485100012171
-2.6613306653326663 0.0005995584535370142
-2.656328164082041 0.000615134610841269
-2.6513256628314155 0.0006310849731685148
-2.6463231615807903 0.0006474176843102744
-2.641320660330165 0.0006641410429581128
-2.6363181590795395 0.0006812635050900389
-2.6313156578289143 0.0006987936863801665
-2.626313156578289 0.0007167403646315474
-2.621310655327664 0.0007351124822320392
-2.6163081540770383 0.0007539191486330909
-2.611305652826413 0.0007731696428512893
-2.606303151575788 0.0007928734159925715
-2.6013006503251623 0.0008130400937988605
-2.596298149074537 0.0008336794792170137
-2.591295647823912 0.0008548015549898867
-2.5862931465732864 0.0008764164862692926
-2.581290645322661 0.0008985346232506615
-2.576288144072036 0.0009211665038291946
-2.571285642821411 0.0009443228562772497
-2.566283141570785 0.0009680146019427144
-2.56128064032016 0.0009922528579681135
-2.556278139069535 0.0010170489400301939
-2.551275637818909 0.0010424143650996386
-2.546273136568284 0.0010683608542206638
-2.541270635317659 0.0010949003353101616
-2.5362681340670337 0.0011220449459760432
-2.531265632816408 0.0011498070363544493
-2.526263131565783 0.0011781991719654456
-2.5212606303151577 0.001207234136586872
-2.516258129064532 0.0012369249351458851
-2.511255627813907 0.0012672847966278236
-2.5062531265632817 0.0012983271770019914
-2.501250625312656 0.0013300657621638527
-2.496248124062031 0.0013625144708932398
-2.4912456228114057 0.0013956874578280752
-2.4862431215607805 0.001429599116453114
-2.481240620310155 0.0014642640821032002
-2.4762381190595297 0.0014996972349805
-2.4712356178089045 0.0015359137031852046
-2.466233116558279 0.001572928865759091
-2.4612306153076537 0.0016107583557413829
-2.4562281140570286 0.0016494180632363408
-2.451225612806403 0.0016889241384919033
-2.4462231115557778 0.0017292929949888
-2.4412206103051526 0.001770541312539461
-2.4362181090545274 0.00181268604039604
-2.431215607803902 0.0018557444003668773
-2.4262131065532766 0.0018997338899406615
-2.4212106053026514 0.001944672285417617
-2.416208104052026 0.0019905776450468934
-2.4112056028014006 0.002037468312169415
-2.4062031015507754 0.0020853629183654548
-2.40120060030015 0.002134280386606003
-2.3961980990495246 0.0021842399344072015
-2.3911955977988995 0.002235261076986966
-2.3861930965482743 0.002287363630422882
-2.3811905952976486 0.002340567714810536
-2.3761880940470235 0.0023948937574212992
-2.3711855927963983 0.002450362495858738
-2.3661830915457727 0.0025069949812125555
-2.3611805902951475 0.0025648125812091633
-2.3561780890445223 0.0026238369833579338
-2.3511755877938967 0.002684090198091973
-2.3461730865432715 0.00274559456190245
-2.3411705852926463 0.002808372740465488
-2.336168084042021 0.0028724477317603565
-2.3311655827913955 0.0029378428691780286
-2.3261630815407703 0.003004581824618801
-2.321160580290145 0.003072688611578037
-2.3161580790395195 0.003142187588218632
-2.3111555777888944 0.0032131034604291225
-2.306153076538269 0.0032854612848662486
-2.3011505752876436 0.0033592864719806277
-2.2961480740370184 0.003434604789024309
-2.291145572786393 0.0035114423630389995
-2.286143071535768 0.003589825683823527
-2.2811405702851424 0.003669781606879281
-2.276138069034517 0.0037513373563322536
-2.271135567783892 0.0038345205278303442
-2.2661330665332664 0.003919359091414445
-2.2611305652826412 0.00400588139436196
-2.256128064032016 0.00409411616400129
-2.2511255627813904 0.004184092510495813
-2.2461230615307652 0.004275839929595833
-2.24112056028014 0.004369388305357113
-2.236118059029515 0.004464767912824289
-2.2311155577788893 0.004562009420677754
-2.226113056528264 0.00466114389384231
-2.221110555277639 0.004762202796056188
-2.2161080540270133 0.004865217992398545
-2.211105552776388 0.0049702217517740305
-2.206103051525763 0.005077246749352684
-2.2011005502751373 0.00518632606896344
-2.196098049024512 0.005297493205439567
-2.191095547773887 0.0054107820669144074
-2.1860930465232618 0.0055262269770654975
-2.181090545272636 0.005643862677305485
-2.176088044022011 0.005763724328917926
-2.1710855427713858 0.005885847515136295
-2.16608304152076 0.0060102682431642795
-2.161080540270135 0.006137022946135484
-2.15607803901951 0.006266148485010934
-2.151075537768884 0.0063976821504121845
-2.146073036518259 0.006531661664388329
-2.141070535267634 0.006668125182115046
-2.1360680340170086 0.006807111293523556
-2.131065532766383 0.006948659024857758
-2.126063031515758 0.007092807840157428
-2.1210605302651326 0.007239597642665659
-2.116058029014507 0.007389068776158399
-2.111055527763882 0.0075412620261941345
-2.1060530265132567 0.007696218621281856
-2.1010505252626315 0.007853980233964972
-2.096048024012006 0.008014588981819427
-2.0910455227613807 0.008178087428363701
-2.0860430215107555 0.008344518583878906
-2.08104052026013 0.00851392590613667
-2.0760380190095047 0.008686353301032705
-2.0710355177588795 0.008861845123124214
-2.066033016508254 0.009040446176068778
-2.0610305152576287 0.00922220171296255
-2.0560280140070035 0.009407157436576006
-2.0510255127563783 0.009595359499484637
-2.0460230115057527 0.009786854504092777
-2.0410205102551275 0.009981689502548194
-2.0360180090045024 0.010179911996545566
-2.0310155077538767 0.010381569937016319
-2.0260130065032516 0.01058671172370286
-2.0210105052526264 0.010795386204615209
-2.0160080040020008 0.011007642675367376
-2.0110055027513756 0.011223530878391764
-2.0060030015007504 0.011443101002029266
-2.001000500250125 0.011666403679492756
-1.9959979989994996 0.011893489987701952
-1.9909954977488744 0.012124411445987391
-1.985992996498249 0.012359220014661481
-1.9809904952476238 0.012597968093454114
-1.9759879939969984 0.012840708519811226
-1.970985492746373 0.013087494567053503
-1.9659829914957478 0.01333837994239362
-1.9609804902451224 0.013593418784809543
-1.9559779889944973 0.013852665662771844
-1.9509754877438719 0.0141161755718229
-1.9459729864932465 0.014384003932005913
-1.9409704852426213 0.014656206585141392
-1.9359679839919959 0.014932839791949504
-1.9309654827413707 0.015213960229015413
-1.9259629814907453 0.01549962498559647
-1.9209604802401201 0.01578989156026835
-1.9159579789894947 0.01608481785740867
-1.9109554777388693 0.016384462183515726
-1.9059529764882441 0.016688883243360514
-1.9009504752376187 0.016998140135970105
-1.8959479739869936 0.017312292350440003
-1.8909454727363681 0.017631399761574077
-1.8859429714857427 0.017955522625349832
-1.8809404702351176 0.018284721574207036
-1.8759379689844922 0.01861905761215827
-1.870935467733867 0.0189585921097188
-1.8659329664832416 0.01930338679865487
-1.8609304652326162 0.019653503766547772
-1.855927963981991 0.020009005451172478
-1.8509254627313656 0.020369954634688922
-1.8459229614807404 0.02073641443764417
-1.840920460230115 0.021108448312783887
-1.8359179589794896 0.021486120038671504
-1.8309154577288644 0.021869493713113308
-1.825912956478239 0.02225863374638829
-1.8209104552276139 0.02265360485428061
-1.8159079539769885 0.023054472050913866
-1.810905452726363 0.02346130064138525
-1.8059029514757379 0.023874156214198347
-1.8009004502251125 0.02429310463349347
-1.7958979489744873 0.024718212031073602
-1.7908954477238619 0.02514954479822544
-1.7858929464732365 0.02558716957733378
-1.7808904452226113 0.0260311532532883
-1.775887943971986 0.026481562944681538
-1.7708854427213607 0.026938465994797198
-1.7658829414707353 0.027401929962387408
-1.76088044022011 0.02787202261223854
-1.7558779389694847 0.0283488119055238
-1.7508754377188593 0.028832365989943046
-1.7458729364682342 0.029322753189647527
-1.7408704352176088 0.029820041994950194
-1.7358679339669834 0.03032430105181993
-1.7308654327163582 0.03083559915115973
-1.7258629314657328 0.03135400521786809
-1.7208604302151076 0.03187958829968252
-1.7158579289644822 0.03241241755580637
-1.7108554277138568 0.032952562245316536
-1.7058529264632316 0.03350009171535365
-1.7008504252126062 0.034055075389093276
-1.695847923961981 0.034617582753498716
-1.6908454227113556 0.03518768334685484
-1.6858429214607302 0.03576544674608361
-1.680840420210105 0.03635094255384047
-1.6758379189594796 0.03694424038539304
-1.6708354177088545 0.037545409855280695
-1.665832916458229 0.038154520563757136
-1.6608304152076037 0.038771642083014805
-1.6558279139569785 0.03939684394319289
-1.650825412706353 0.04003019561816852
-1.645822911455728 0.04067176651113216
-1.6408204102051025 0.041321625939948294
-1.635817908954477 0.04197984312230167
-1.630815407703852 0.04264648716062992
-1.6258129064532265 0.04332162702684452
-1.6208104052026013 0.04400533154683989
-1.615807903951976 0.04469766938479255
-1.6108054027013505 0.04539870902725166
-1.6058029014507254 0.04610851876702152
-1.6008004002001 0.046827166686839
-1.5957978989494748 0.04755472064284497
-1.5907953976988494 0.04829124824785443
-1.585792896448224 0.04903681685442419
-1.5807903951975988 0.04979149353772183
-1.5757878939469734 0.050555345078197006
-1.5707853926963482 0.05132843794405749
-1.5657828914457228 0.05211083827355137
-1.5607803901950974 0.0529026118570587
-1.5557778889444722 0.05370382411899397
-1.5507753876938468 0.05451454009952219
-1.5457728864432216 0.05533482443609088
-1.5407703851925962 0.05616474134478121
-1.5357678839419708 0.0570043546014798
-1.5307653826913457 0.05785372752287515
-1.5257628814407203 0.058712922947281185
-1.520760380190095 0.0595820032152906
-1.5157578789394697 0.06046103015026133
-1.5107553776888443 0.06135006503864
-1.505752876438219 0.06224916861012434
-1.5007503751875937 0.0631584010176692
-1.4957478739369685 0.06407782181733922
-1.490745372686343 0.06500748994801163
-1.485742871435718 0.06594746371093302
-1.4807403701850925 0.06689780074913441
-1.4757378689344671 0.06785855802670743
-1.470735367683842 0.06882979180794681
-1.4657328664332165 0.06981155763636318
-1.4607303651825914 0.07080391031356904
-1.455727863931966 0.07180690387804475
-1.4507253626813406 0.07282059158378605
-1.4457228614307154 0.07384502587884074
-1.44072036018009 0.07488025838373652
-1.4357178589294648 0.07592633986980633
-1.4307153576788394 0.07698332023741568
-1.425712856428214 0.07805124849409674
-1.4207103551775888 0.07913017273259444
-1.4157078539269634 0.08022014010883004
-1.4107053526763382 0.08132119681978632
-1.4057028514257128 0.08243338808132161
-1.4007003501750874 0.08355675810591634
-1.3956978489244622 0.08469135008035879
-1.3906953476738368 0.08583720614337505
-1.3856928464232117 0.08699436736320978
-1.3806903451725863 0.08816287371516295
-1.3756878439219609 0.08934276405908775
-1.3706853426713357 0.09053407611685825
-1.3656828414207103 0.09173684644981044
-1.360680340170085 0.0929511104361631
-1.3556778389194597 0.09417690224842734
-1.3506753376688343 0.09541425483080765
-1.3456728364182091 0.09666319987660345
-1.3406703351675837 0.09792376780561708
-1.3356678339169585 0.09919598774157423
-1.3306653326663331 0.100479887489565
-1.3256628314157077 0.10177549351351042
-1.3206603301650826 0.10308283091366315
-1.3156578289144572 0.10440192340414862
-1.310655327663832 0.10573279329055386
-1.3056528264132066 0.10707546144757012
-1.3006503251625812 0.10842994729669853
-1.295647823911956 0.109796268784024
-1.2906453226613306 0.11117444235806676
-1.2856428214107054 0.11256448294771604
-1.28064032016008 0.11396640394025752
-1.2756378189094546 0.1153802171594977
-1.2706353176588294 0.11680593284399579
-1.265632816408204 0.11824355962541042
-1.2606303151575788 0.11969310450696687
-1.2556278139069534 0.12115457284205572
-1.250625312656328 0.1226279683129674
-1.2456228114057029 0.12411329290977376
-1.2406203101550775 0.1256105469093625
-1.2356178089044523 0.12711972885463207
-1.2306153076538269 0.12864083553385802
-1.2256128064032015 0.13017386196023428
-1.2206103051525763 0.131718801351602
-1.215607803901951 0.1332756451103715
-1.2106053026513257 0.13484438280364505
-1.2056028014007003 0.13642500214355138
-1.200600300150075 0.138017488967797
-1.1955977988994497 0.13962182722044397
-1.1905952976488243 0.14123799893292435
-1.1855927963981991 0.1428659842052945
-1.1805902951475737 0.14450576118774305
-1.1755877938969483 0.14615730606235794
-1.1705852926463232 0.14782059302515962
-1.1655827913956978 0.14949559426841352
-1.1605802901450726 0.15118227996322398
-1.1555777888944472 0.1528806182424227
-1.1505752876438218 0.15459057518375716
-1.1455727863931966 0.1563121147933898
-1.1405702851425712 0.15804519898971328
-1.135567783891946 0.1597897875874925
-1.1305652826413206 0.16154583828234093
-1.1255627813906952 0.16331330663553825
-1.12056028014007 0.16509214605920014
-1.1155577788894446 0.16688230780180513
-1.1105552776388194 0.1686837409340896
-1.105552776388194 0.17049639233531724
-1.1005502751375686 0.17232020667993095
-1.0955477738869435 0.1741551264245975
-1.090545272636318 0.17600109179564938
-1.0855427713856929 0.1778580407769343
-1.0805402701350675 0.17972590909807987
-1.075537768884442 0.18160463022318055
-1.070535267633817 0.18349413533991504
-1.0655327663831915 0.18539435334910156
-1.0605302651325663 0.1873052108546991
-1.055527763881941 0.18922663215426222
-1.0505252626313157 0.19115853922985468
-1.0455227613806903 0.19310085173943486
-1.040520260130065 0.19505348700871272
-1.0355177588794398 0.19701636002349124
-1.0305152576288144 0.1989893834224984
-1.0255127563781892 0.20097246749071326
-1.0205102551275638 0.20296552015319938
-1.0155077538769384 0.2049684469694456
-1.0105052526263132 0.20698115112822593
-1.0055027513756878 0.20900353344298336
-1.0005002501250626 0.2110354923477426
-0.9954977488744372 0.21307692389356223
-0.9904952476238119 0.2151277217455272
-0.9854927463731865 0.21718777718029272
-0.9804902451225612 0.21925697908418249
-0.9754877438719359 0.22133521395184824
-0.9704852426213106 0.2234223658854969
-0.9654827413706853 0.2255183165946885
-0.9604802401200601 0.2276229453967152
-0.9554777388694347 0.22973612921756048
-0.9504752376188094 0.23185774259344996
-0.9454727363681841 0.23398765767299276
-0.9404702351175588 0.23612574421992505
-0.9354677338669335 0.23827186961645308
-0.9304652326163081 0.2404258988672073
-0.9254627313656828 0.24258769460380603
-0.9204602301150575 0.2447571170900385
-0.9154577288644322 0.24693402422766514
-0.9104552276138069 0.2491182715628462
-0.9054527263631815 0.25130971229319404
-0.9004502251125562 0.25350819727546114
-0.8954477238619309 0.2557135750338613
-0.8904452226113057 0.25792569176902863
-0.8854427213606804 0.26014439136761897
-0.880440220110055 0.26236951541255443
-0.8754377188594297 0.2646009031939155
-0.8704352176088044 0.2668383917204802
-0.8654327163581791 0.26908181573191675
-0.8604302151075538 0.2713310077116274
-0.8554277138569284 0.27358579790024945
-0.8504252126063031 0.27584601430980993
-0.8454227113556778 0.2781114827385403
-0.8404202101050525 0.2803820267863501
-0.8354177088544272 0.2826574678709595
-0.8304152076038018 0.2849376252446941
-0.8254127063531765 0.2872223160119387
-0.8204102051025512 0.28951135514725523
-0.815407703851926 0.2918045555141609
-0.8104052026013007 0.2941017278845677
-0.8054027013506753 0.2964026809588834
-0.80040020010005 0.29870722138677297
-0.7953976988494247 0.3010151537885802
-0.7903951975987994 0.3033262807774063
-0.7853926963481741 0.30564040298184714
-0.7803901950975487 0.3079573190693867
-0.7753876938469234 0.31027682577044197
-0.7703851925962981 0.31259871790306343
-0.7653826913456728 0.31492278839828247
-0.7603801900950475 0.31724882832610685
-0.7553776888444221 0.31957662692216227
-0.7503751875937968 0.32190597161497175
-0.7453726863431716 0.324236648053878
-0.7403701850925463 0.32656844013759867
-0.735367683841921 0.3289011300434116
-0.7303651825912957 0.3312344982569701
-0.7253626813406703 0.3335683236027395
-0.720360180090045 0.33590238327505356
-0.7153576788394197 0.33823645286978565
-0.7103551775887944 0.34057030641662656
-0.7053526763381691 0.342903716411972
-0.7003501750875437 0.345236453852402
-0.6953476738369184 0.3475682882687589
-0.6903451725862931 0.3498989877608119
-0.6853426713356678 0.3522283190325002
-0.6803401700850426 0.35455604742775526
-0.6753376688344171 0.356881936966889
-0.6703351675837919 0.3592057503835433
-0.6653326663331666 0.36152724916219686
-0.6603301650825413 0.3638461935762176
-0.655327663831916 0.36616234272645437
-0.6503251625812906 0.3684754545803635
-0.6453226613306653 0.37078528601165783
-0.64032016008004 0.3730915928404715
-0.6353176588294147 0.3753941298740341
-0.6303151575787894 0.3776926509478427
-0.625312656328164 0.37998690896732507
-0.6203101550775387 0.38227665594998206
-0.6153076538269134 0.3845616430680054
-0.6103051525762881 0.3868416206913533
-0.6053026513256629 0.389116338431285
-0.6003001500750375 0.39138554518433016
-0.5952976488244122 0.3936489891766978
-0.5902951475737869 0.3959064180091036
-0.5852926463231616 0.3981575787020094
-0.5802901450725363 0.4004022177412662
-0.5752876438219109 0.40264008112414185
-0.5702851425712856 0.4048709144057346
-0.5652826413206603 0.4070944627457473
-0.560280140070035 0.40931047095562184
-0.5552776388194097 0.4115186835460152
-0.5502751375687843 0.4137188447746139
-0.545272636318159 0.41591069869425706
-0.5402701350675337 0.41809398920138063
-0.5352676338169085 0.42026846008474683
-0.5302651325662832 0.42243385507446396
-0.5252626313156579 0.4245899178912725
-0.5202601300650325 0.4267363922960887
-0.5152576288144072 0.4288730221397945
-0.5102551275637819 0.43099955141325735
-0.5052526263131566 0.433115724297568
-0.5002501250625313 0.43522128521448183
-0.49524762381190596 0.4373159788770534
-0.4902451225612806 0.43939955034044453
-0.4852426213106553 0.4414717450528969
-0.48024012006003003 0.443532308906856
-0.4752376188094047 0.4455809882902244
-0.4702351175587794 0.44761753013774286
-0.46523261630815405 0.4496416819824702
-0.46023011505752875 0.45165319200736187
-0.45522761380690346 0.45365180909692066
-0.4502251125562781 0.45563728288891364
-0.4452226113056528 0.4576093638261357
-0.4402201100550275 0.45956780320820284
-0.4352176088044022 0.4615123532433734
-0.4302151075537769 0.4634427671003588
-0.42521260630315155 0.4653587989601364
-0.42021010505252626 0.46726020406772495
-0.4152076038019009 0.4691467387839245
-0.4102051025512756 0.4710181606369964
-0.40520260130065033 0.4728742283742715
-0.400200100050025 0.4747147020136704
-0.3951975987993997 0.4765393428951222
-0.39019509754877435 0.47834791373186425
-0.38519259629814906 0.4801401786616068
-0.38019009504752377 0.4819159032975506
-0.3751875937968984 0.48367485477924244
-0.37018509254627313 0.48541680182324287
-0.36518259129564784 0.48714151477361006
-0.3601800900450225 0.48884876565216423
-0.3551775887943972 0.49053832820853044
-0.35017508754377186 0.49220997796994104
-0.34517258629314657 0.4938634922907783
-0.3401700850425213 0.49549865040185076
-0.33516758379189593 0.49711523345937614
-0.33016508254127064 0.49871302459366984
-0.3251625812906453 0.5002918089575089
-0.32016008004002 0.5018513737741694
-0.3151575787893947 0.5033915083851157
-0.31015507753876936 0.5049120042973239
-0.3051525762881441 0.506412655230233
-0.3001500750375187 0.5078932571623046
-0.29514757378689344 0.5093536083771699
-0.29014507253626814 0.5107935095093631
-0.2851425712856428 0.5122127635896165
-0.2801400700350175 0.5136111760897046
-0.27513756878439216 0.5149885549668265
-0.27013506753376687 0.5163447107075079
-0.2651325662831416 0.5176794563710114
-0.26013006503251623 0.5189926076322426
-0.25512756378189094 0.5202839828241334
-0.25012506253126565 0.5215534029794929
-0.2451225612806403 0.522800691872313
-0.24012006003001501 0.5240256760585087
-0.2351175587793897 0.5252281849160928
-0.23011505752876438 0.5264080506847535
-0.22511255627813906 0.527565108504844
-0.22011005502751374 0.5286991964557497
-0.21510755377688845 0.5298101555936386
-0.21010505252626313 0.5308978299885714
-0.2051025512756378 0.5319620667609589
-0.2001000500250125 0.5330027161173676
-0.19509754877438718 0.5340196313856445
-0.19009504752376188 0.5350126690493605
-0.18509254627313657 0.5359816887815578
-0.18009004502251125 0.5369265534777938
-0.17508754377188593 0.5378471292884602
-0.17008504252126064 0.5387432856503823
-0.16508254127063532 0.5396148953176733
-0.16008004002001 0.5404618343918439
-0.15507753876938468 0.54128398235115
-0.15007503751875936 0.5420812220791724
-0.14507253626813407 0.5428534398926218
-0.14007003501750875 0.5436005255683517
-0.13506753376688344 0.5443223723695778
-0.13006503251625812 0.5450188770712919
-0.12506253126563283 0.5456899399848618
-0.12006003001500751 0.54633546498181
-0.11505752876438219 0.546955359516764
-0.11005502751375687 0.5475495346495655
-0.10505252626313157 0.5481179050665403
-0.10005002501250625 0.5486603891009101
-0.09504752376188094 0.5491769087523516
-0.09004502251125562 0.5496673897056881
-0.08504252126063032 0.5501317613487061
-0.080040020010005 0.5505699567891013
-0.07503751875937968 0.5509819128705356
-0.07003501750875438 0.5513675701878091
-0.06503251625812906 0.5517268731011366
-0.060030015007503754 0.552059769749525
-0.055027513756878435 0.5523662120632502
-0.05002501250625312 0.5526461557754266
-0.04502251125562781 0.5528995604326619
-0.0400200100050025 0.5531263894048003
-0.03501750875437719 0.5533266098937504
-0.030015007503751877 0.5535001929413849
-0.02501250625312656 0.5536471134365218
-0.02001000500250125 0.5537673501209829
-0.015007503751875938 0.553860885594714
-0.010005002501250625 0.5539277063199863
-0.0050025012506253125 0.5539678026246593
0.0 0.5539811687045151
0.0050025012506253125 0.5539678026246591
0.010005002501250625 0.5539277063199862
0.015007503751875938 0.5538608855947139
0.02001000500250125 0.5537673501209831
0.02501250625312656 0.5536471134365218
0.030015007503751877 0.5535001929413846
0.03501750875437719 0.5533266098937504
0.0400200100050025 0.5531263894048003
0.04502251125562781 0.5528995604326615
0.05002501250625312 0.552646155775427
0.055027513756878435 0.5523662120632502
0.060030015007503754 0.5520597697495249
0.06503251625812906 0.5517268731011363
0.07003501750875438 0.551367570187809
0.07503751875937968 0.5509819128705353
0.080040020010005 0.550569956789101
0.08504252126063032 0.5501317613487059
0.09004502251125562 0.5496673897056881
0.09504752376188094 0.5491769087523521
0.10005002501250625 0.5486603891009101
0.10505252626313157 0.5481179050665403
0.11005502751375687 0.5475495346495656
0.11505752876438219 0.546955359516764
0.12006003001500751 0.5463354649818095
0.12506253126563283 0.5456899399848615
0.13006503251625812 0.5450188770712918
0.13506753376688344 0.5443223723695777
0.14007003501750875 0.5436005255683517
0.14507253626813407 0.5428534398926219
0.15007503751875936 0.5420812220791721
0.15507753876938468 0.5412839823511497
0.16008004002001 0.5404618343918441
0.16508254127063532 0.5396148953176733
0.17008504252126064 0.538743285650382
0.17508754377188593 0.53784712928846
0.18009004502251125 0.5369265534777933
0.18509254627313657 0.5359816887815576
0.19009504752376188 0.5350126690493601
0.19509754877438718 0.5340196313856442
0.2001000500250125 0.5330027161173678
0.2051025512756378 0.5319620667609587
0.21010505252626313 0.5308978299885708
0.21510755377688845 0.5298101555936386
0.22011005502751374 0.5286991964557495
0.22511255627813906 0.5275651085048434
0.23011505752876438 0.5264080506847534
0.2351175587793897 0.5252281849160925
0.24012006003001501 0.5240256760585087
0.2451225612806403 0.5228006918723127
0.25012506253126565 0.5215534029794933
0.25512756378189094 0.5202839828241334
0.26013006503251623 0.5189926076322426
0.2651325662831416 0.5176794563710113
0.27013506753376687 0.5163447107075079
0.27513756878439216 0.5149885549668265
0.2801400700350175 0.5136111760897047
0.2851425712856428 0.5122127635896162
0.29014507253626814 0.5107935095093628
0.29514757378689344 0.5093536083771697
0.3001500750375187 0.5078932571623046
0.3051525762881441 0.506412655230233
0.31015507753876936 0.5049120042973236
0.3151575787893947 0.5033915083851155
0.32016008004002 0.5018513737741697
0.3251625812906453 0.5002918089575085
0.33016508254127064 0.49871302459366973
0.33516758379189593 0.49711523345937625
0.3401700850425213 0.4954986504018504
0.34517258629314657 0.4938634922907781
0.35017508754377186 0.49220997796994065
0.3551775887943972 0.49053832820852983
0.3601800900450225 0.488848765652164
0.36518259129564784 0.4871415147736103
0.37018509254627313 0.4854168018232429
0.3751875937968984 0.4836748547792425
0.38019009504752377 0.48191590329755046
0.38519259629814906 0.48014017866160635
0.39019509754877435 0.47834791373186414
0.3951975987993997 0.47653934289512206
0.400200100050025 0.4747147020136704
0.40520260130065033 0.4728742283742711
0.4102051025512756 0.4710181606369963
0.4152076038019009 0.4691467387839247
0.42021010505252626 0.4672602040677245
0.42521260630315155 0.4653587989601361
0.4302151075537769 0.46344276710035864
0.4352176088044022 0.4615123532433732
0.4402201100550275 0.45956780320820273
0.4452226113056528 0.4576093638261353
0.4502251125562781 0.45563728288891353
0.45522761380690346 0.4536518090969205
0.46023011505752875 0.4516531920073618
0.46523261630815405 0.4496416819824701
0.4702351175587794 0.44761753013774247
0.4752376188094047 0.4455809882902242
0.48024012006003003 0.4435323089068558
0.4852426213106553 0.44147174505289694
0.4902451225612806 0.43939955034044437
0.49524762381190596 0.4373159788770535
0.5002501250625313 0.4352212852144816
0.5052526263131566 0.43311572429756784
0.5102551275637819 0.43099955141325713
0.5152576288144072 0.4288730221397943
0.5202601300650325 0.4267363922960885
0.5252626313156579 0.4245899178912724
0.5302651325662832 0.422433855074464
0.5352676338169085 0.420268460084747
0.5402701350675337 0.4180939892013805
0.545272636318159 0.4159106986942571
0.5502751375687843 0.41371884477461385
0.5552776388194097 0.4115186835460151
0.560280140070035 0.40931047095562095
0.5652826413206603 0.4070944627457472
0.5702851425712856 0.4048709144057345
0.5752876438219109 0.402640081124142
0.5802901450725363 0.4004022177412659
0.5852926463231616 0.39815757870200924
0.5902951475737869 0.39590641800910314
0.5952976488244122 0.39364898917669777
0.6003001500750375 0.39138554518433016
0.6053026513256629 0.38911633843128485
0.6103051525762881 0.38684162069135375
0.6153076538269134 0.38456164306800505
0.6203101550775387 0.382276655949982
0.625312656328164 0.37998690896732495
0.6303151575787894 0.3776926509478429
0.6353176588294147 0.3753941298740341
0.64032016008004 0.37309159284047133
0.6453226613306653 0.3707852860116577
0.6503251625812906 0.3684754545803634
0.655327663831916 0.36616234272645415
0.6603301650825413 0.36384619357621756
0.6653326663331666 0.36152724916219686
0.6703351675837919 0.3592057503835436
0.6753376688344171 0.35688193696688897
0.6803401700850426 0.3545560474277555
0.6853426713356678 0.35222831903250007
0.6903451725862931 0.3498989877608115
0.6953476738369184 0.34756828826875863
0.7003501750875437 0.3452364538524018
0.7053526763381691 0.342903716411972
0.7103551775887944 0.34057030641662683
0.7153576788394197 0.3382364528697853
0.720360180090045 0.33590238327505345
0.7253626813406703 0.3335683236027395
0.7303651825912957 0.3312344982569702
0.735367683841921 0.3289011300434116
0.7403701850925463 0.32656844013759867
0.7453726863431716 0.3242366480538781
0.7503751875937968 0.3219059716149715
0.7553776888444221 0.3195766269221621
0.7603801900950475 0.31724882832610707
0.7653826913456728 0.31492278839828236
0.7703851925962981 0.3125987179030632
0.7753876938469234 0.3102768257704419
0.7803901950975487 0.30795731906938667
0.7853926963481741 0.3056404029818472
0.7903951975987994 0.30332628077740614
0.7953976988494247 0.3010151537885801
0.80040020010005 0.29870722138677314
0.8054027013506753 0.2964026809588833
0.8104052026013007 0.2941017278845678
0.815407703851926 0.2918045555141609
0.8204102051025512 0.2895113551472555
0.8254127063531765 0.2872223160119386
0.8304152076038018 0.2849376252446942
0.8354177088544272 0.28265746787095963
0.8404202101050525 0.28038202678635
0.8454227113556778 0.27811148273854025
0.8504252126063031 0.2758460143098097
0.8554277138569284 0.2735857979002495
0.8604302151075538 0.2713310077116275
0.8654327163581791 0.2690818157319167
0.8704352176088044 0.26683839172048035
0.8754377188594297 0.2646009031939157
0.880440220110055 0.2623695154125546
0.8854427213606804 0.260144391367619
0.8904452226113057 0.25792569176902863
0.8954477238619309 0.2557135750338615
0.9004502251125562 0.25350819727546114
0.9054527263631815 0.25130971229319427
0.9104552276138069 0.24911827156284613
0.9154577288644322 0.24693402422766536
0.9204602301150575 0.2447571170900385
0.9254627313656828 0.24258769460380616
0.9304652326163081 0.24042589886720742
0.9354677338669335 0.2382718696164531
0.9404702351175588 0.23612574421992513
0.9454727363681841 0.2339876576729929
0.9504752376188094 0.23185774259344996
0.9554777388694347 0.22973612921756054
0.9604802401200601 0.22762294539671526
0.9654827413706853 0.2255183165946886
0.9704852426213106 0.2234223658854969
0.9754877438719359 0.22133521395184852
0.9804902451225612 0.2192569790841825
0.9854927463731865 0.2171877771802929
0.9904952476238119 0.21512772174552727
0.9954977488744372 0.21307692389356234
1.0005002501250626 0.2110354923477426
1.0055027513756878 0.20900353344298336
1.0105052526263132 0.20698115112822602
1.0155077538769384 0.2049684469694458
1.0205102551275638 0.20296552015319944
1.0255127563781892 0.20097246749071326
1.0305152576288144 0.19898938342249844
1.0355177588794398 0.1970163600234914
1.040520260130065 0.19505348700871278
1.0455227613806903 0.19310085173943498
1.0505252626313157 0.19115853922985468
1.055527763881941 0.18922663215426205
1.0605302651325663 0.18730521085469934
1.0655327663831915 0.18539435334910168
1.070535267633817 0.18349413533991518
1.075537768884442 0.1816046302231808
1.0805402701350675 0.17972590909808003
1.0855427713856929 0.1778580407769343
1.090545272636318 0.17600109179564946
1.0955477738869435 0.1741551264245976
1.1005502751375686 0.17232020667993095
1.105552776388194 0.1704963923353171
1.1105552776388194 0.1686837409340897
1.1155577788894446 0.16688230780180516
1.12056028014007 0.16509214605920014
1.1255627813906952 0.1633133066355383
1.1305652826413206 0.16154583828234093
1.135567783891946 0.1597897875874925
1.1405702851425712 0.15804519898971314
1.1455727863931966 0.15631211479338974
1.1505752876438218 0.15459057518375727
1.1555777888944472 0.15288061824242274
1.1605802901450726 0.15118227996322403
1.1655827913956978 0.1494955942684136
1.1705852926463232 0.14782059302515968
1.1755877938969483 0.1461573060623579
1.1805902951475737 0.14450576118774328
1.1855927963981991 0.14286598420529445
1.1905952976488243 0.14123799893292438
1.1955977988994497 0.1396218272204441
1.200600300150075 0.13801748896779698
1.2056028014007003 0.13642500214355144
1.2106053026513257 0.13484438280364516
1.215607803901951 0.1332756451103716
1.2206103051525763 0.13171880135160202
1.2256128064032015 0.13017386196023437
1.2306153076538269 0.12864083553385813
1.2356178089044523 0.12711972885463219
1.2406203101550775 0.1256105469093625
1.2456228114057029 0.12411329290977378
1.250625312656328 0.12262796831296743
1.2556278139069534 0.12115457284205569
1.2606303151575788 0.11969310450696695
1.265632816408204 0.11824355962541047
1.2706353176588294 0.1168059328439957
1.2756378189094546 0.1153802171594977
1.28064032016008 0.11396640394025749
1.2856428214107054 0.11256448294771607
1.2906453226613306 0.11117444235806671
1.295647823911956 0.10979626878402404
1.3006503251625812 0.10842994729669853
1.3056528264132066 0.10707546144757016
1.310655327663832 0.10573279329055381
1.3156578289144572 0.1044019234041487
1.3206603301650826 0.10308283091366306
1.3256628314157077 0.10177549351351041
1.3306653326663331 0.10047988748956505
1.3356678339169585 0.09919598774157429
1.3406703351675837 0.09792376780561703
1.3456728364182091 0.09666319987660336
1.3506753376688343 0.09541425483080765
1.3556778389194597 0.09417690224842734
1.360680340170085 0.0929511104361631
1.3656828414207103 0.09173684644981037
1.3706853426713357 0.09053407611685832
1.3756878439219609 0.0893427640590878
1.3806903451725863 0.08816287371516289
1.3856928464232117 0.08699436736320978
1.3906953476738368 0.08583720614337506
1.3956978489244622 0.08469135008035875
1.4007003501750874 0.08355675810591633
1.4057028514257128 0.0824333880813216
1.4107053526763382 0.08132119681978624
1.4157078539269634 0.08022014010883
1.4207103551775888 0.07913017273259439
1.425712856428214 0.07805124849409664
1.4307153576788394 0.07698332023741566
1.4357178589294648 0.07592633986980633
1.44072036018009 0.07488025838373652
1.4457228614307154 0.07384502587884076
1.4507253626813406 0.07282059158378609
1.455727863931966 0.07180690387804467
1.4607303651825914 0.07080391031356903
1.4657328664332165 0.0698115576363631
1.470735367683842 0.0688297918079468
1.4757378689344671 0.06785855802670741
1.4807403701850925 0.06689780074913436
1.485742871435718 0.06594746371093303
1.490745372686343 0.06500748994801162
1.4957478739369685 0.06407782181733918
1.5007503751875937 0.0631584010176692
1.505752876438219 0.06224916861012433
1.5107553776888443 0.06135006503864
1.5157578789394697 0.06046103015026136
1.520760380190095 0.05958200321529054
1.5257628814407203 0.0587129229472812
1.5307653826913457 0.057853727522875084
1.5357678839419708 0.05700435460147981
1.5407703851925962 0.05616474134478119
1.5457728864432216 0.05533482443609088
1.5507753876938468 0.05451454009952217
1.5557778889444722 0.053703824118993944
1.5607803901950974 0.052902611857058676
1.5657828914457228 0.05211083827355133
1.5707853926963482 0.05132843794405745
1.5757878939469734 0.05055534507819702
1.5807903951975988 0.049791493537721804
1.585792896448224 0.049036816854424174
1.5907953976988494 0.048291248247854426
1.5957978989494748 0.04755472064284495
1.6008004002001 0.046827166686838936
1.6058029014507254 0.04610851876702152
1.6108054027013505 0.04539870902725165
1.615807903951976 0.04469766938479255
1.6208104052026013 0.04400533154683987
1.6258129064532265 0.04332162702684449
1.630815407703852 0.042646487160629874
1.635817908954477 0.04197984312230159
1.6408204102051025 0.04132162593994832
1.645822911455728 0.04067176651113212
1.650825412706353 0.040030195618168486
1.6558279139569785 0.03939684394319288
1.6608304152076037 0.0387716420830148
1.665832916458229 0.03815452056375711
1.6708354177088545 0.03754540985528071
1.6758379189594796 0.03694424038539305
1.680840420210105 0.036350942553840464
1.6858429214607302 0.0357654467460836
1.6908454227113556 0.03518768334685482
1.695847923961981 0.0346175827534987
1.7008504252126062 0.034055075389093276
1.7058529264632316 0.033500091715353626
1.7108554277138568 0.032952562245316536
1.7158579289644822 0.03241241755580633
1.7208604302151076 0.0318795882996825
1.7258629314657328 0.03135400521786806
1.7308654327163582 0.030835599151159746
1.7358679339669834 0.030324301051819925
1.7408704352176088 0.029820041994950176
1.7458729364682342 0.02932275318964752
1.7508754377188593 0.028832365989943046
1.7558779389694847 0.028348811905523814
1.76088044022011 0.027872022612238524
1.7658829414707353 0.027401929962387415
1.7708854427213607 0.026938465994797177
1.775887943971986 0.02648156294468152
1.7808904452226113 0.02603115325328827
1.7858929464732365 0.025587169577333785
1.7908954477238619 0.025149544798225437
1.7958979489744873 0.02471821203107357
1.8009004502251125 0.024293104633493472
1.8059029514757379 0.02387415621419832
1.810905452726363 0.023461300641385237
1.8159079539769885 0.023054472050913852
1.8209104552276139 0.02265360485428059
1.825912956478239 0.022258633746388264
1.8309154577288644 0.021869493713113315
1.8359179589794896 0.021486120038671484
1.840920460230115 0.021108448312783877
1.8459229614807404 0.02073641443764418
1.8509254627313656 0.02036995463468893
1.855927963981991 0.02000900545117247
1.8609304652326162 0.019653503766547772
1.8659329664832416 0.019303386798654863
1.870935467733867 0.018958592109718782
1.8759379689844922 0.01861905761215825
1.8809404702351176 0.018284721574207036
1.8859429714857427 0.01795552262534982
1.8909454727363681 0.017631399761574067
1.8959479739869936 0.017312292350439996
1.9009504752376187 0.016998140135970112
1.9059529764882441 0.016688883243360514
1.9109554777388693 0.016384462183515705
1.9159579789894947 0.01608481785740866
1.9209604802401201 0.01578989156026835
1.9259629814907453 0.01549962498559647
1.9309654827413707 0.0152139602290154
1.9359679839919959 0.014932839791949508
1.9409704852426213 0.014656206585141392
1.9459729864932465 0.0143840039320059
1.9509754877438719 0.014116175571822888
1.9559779889944973 0.013852665662771841
1.9609804902451224 0.013593418784809543
1.9659829914957478 0.013338379942393615
1.970985492746373 0.013087494567053505
1.9759879939969984 0.01284070851981122
1.9809904952476238 0.012597968093454108
1.985992996498249 0.012359220014661474
1.9909954977488744 0.012124411445987396
1.9959979989994996 0.011893489987701955
2.001000500250125 0.011666403679492754
2.0060030015007504 0.01144310100202926
2.0110055027513756 0.011223530878391761
2.0160080040020008 0.011007642675367371
2.0210105052526264 0.010795386204615195
2.0260130065032516 0.010586711723702862
2.0310155077538767 0.010381569937016305
2.0360180090045024 0.01017991199654556
2.0410205102551275 0.00998168950254819
2.0460230115057527 0.009786854504092772
2.0510255127563783 0.009595359499484635
2.0560280140070035 0.009407157436576006
2.0610305152576287 0.00922220171296255
2.066033016508254 0.009040446176068775
2.0710355177588795 0.00886184512312421
2.0760380190095047 0.008686353301032698
2.08104052026013 0.008513925906136673
2.0860430215107555 0.008344518583878907
2.0910455227613807 0.008178087428363692
2.096048024012006 0.008014588981819422
2.1010505252626315 0.007853980233964976
2.1060530265132567 0.007696218621281853
2.111055527763882 0.0075412620261941345
2.116058029014507 0.007389068776158397
2.1210605302651326 0.007239597642665659
2.126063031515758 0.007092807840157431
2.131065532766383 0.006948659024857758
2.1360680340170086 0.006807111293523555
2.141070535267634 0.006668125182115041
2.146073036518259 0.006531661664388326
2.151075537768884 0.006397682150412178
2.15607803901951 0.006266148485010928
2.161080540270135 0.006137022946135482
2.16608304152076 0.0060102682431642795
2.1710855427713858 0.005885847515136294
2.176088044022011 0.00576372432891792
2.181090545272636 0.005643862677305481
2.1860930465232618 0.005526226977065493
2.191095547773887 0.005410782066914403
2.196098049024512 0.005297493205439566
2.2011005502751373 0.005186326068963437
2.206103051525763 0.005077246749352684
2.211105552776388 0.004970221751774029
2.2161080540270133 0.004865217992398543
2.221110555277639 0.004762202796056188
2.226113056528264 0.004661143893842313
2.2311155577788893 0.004562009420677752
2.236118059029515 0.004464767912824289
2.24112056028014 0.004369388305357109
2.2461230615307652 0.004275839929595831
2.2511255627813904 0.004184092510495812
2.256128064032016 0.0040941161640012875
2.2611305652826412 0.004005881394361961
2.2661330665332664 0.003919359091414445
2.271135567783892 0.0038345205278303425
2.276138069034517 0.0037513373563322545
2.2811405702851424 0.0036697816068792825
2.286143071535768 0.003589825683823526
2.291145572786393 0.003511442363039
2.2961480740370184 0.0034346047890243077
2.3011505752876436 0.003359286471980629
2.306153076538269 0.003285461284866249
2.3111555777888944 0.0032131034604291225
2.3161580790395195 0.0031421875882186316
2.321160580290145 0.003072688611578037
2.3261630815407703 0.003004581824618801
2.3311655827913955 0.0029378428691780286
2.336168084042021 0.0028724477317603587
2.3411705852926463 0.002808372740465484
2.3461730865432715 0.002745594561902451
2.3511755877938967 0.0026840901980919726
2.3561780890445223 0.0026238369833579338
2.3611805902951475 0.002564812581209161
2.3661830915457727 0.0025069949812125524
2.3711855927963983 0.002450362495858739
2.3761880940470235 0.0023948937574213005
2.3811905952976486 0.002340567714810535
2.3861930965482743 0.0022873636304228846
2.3911955977988995 0.0022352610769869655
2.3961980990495246 0.0021842399344072024
2.40120060030015 0.0021342803866060047
2.4062031015507754 0.0020853629183654548
2.4112056028014006 0.002037468312169417
2.416208104052026 0.0019905776450468934
2.4212106053026514 0.0019446722854176166
2.4262131065532766 0.0018997338899406615
2.431215607803902 0.001855744400366877
2.4362181090545274 0.0018126860403960398
2.4412206103051526 0.0017705413125394612
2.4462231115557778 0.0017292929949887998
2.451225612806403 0.0016889241384919033
2.4562281140570286 0.00164941806323634
2.4612306153076537 0.0016107583557413837
2.466233116558279 0.0015729288657590904
2.4712356178089045 0.001535913703185204
2.4762381190595297 0.0014996972349804998
2.481240620310155 0.0014642640821032002
2.4862431215607805 0.0014295991164531131
2.4912456228114057 0.0013956874578280746
2.496248124062031 0.0013625144708932385
2.501250625312656 0.001330065762163853
2.5062531265632817 0.0012983271770019907
2.511255627813907 0.0012672847966278247
2.516258129064532 0.0012369249351458847
2.5212606303151577 0.0012072341365868715
2.526263131565783 0.0011781991719654445
2.531265632816408 0.0011498070363544486
2.5362681340670337 0.0011220449459760432
2.541270635317659 0.0010949003353101618
2.546273136568284 0.0010683608542206631
2.551275637818909 0.001042414365099639
2.556278139069535 0.0010170489400301937
2.56128064032016 0.0009922528579681142
2.566283141570785 0.000968014601942714
2.571285642821411 0.00094432285627725
2.576288144072036 0.0009211665038291953
2.581290645322661 0.000898534623250661
2.5862931465732864 0.000876416486269292
2.591295647823912 0.0008548015549898866
2.596298149074537 0.0008336794792170139
2.6013006503251623 0.0008130400937988597
2.606303151575788 0.0007928734159925715
2.611305652826413 0.0007731696428512895
2.6163081540770383 0.0007539191486330905
2.621310655327664 0.0007351124822320403
2.626313156578289 0.0007167403646315472
2.6313156578289143 0.0006987936863801661
2.6363181590795395 0.0006812635050900388
2.641320660330165 0.0006641410429581125
2.6463231615807903 0.0006474176843102742
2.6513256628314155 0.0006310849731685147
2.656328164082041 0.0006151346108412696
2.6613306653326663 0.0005995584535370142
2.6663331665832914 0.0005843485100012164
2.671335667833917 0.000569496939176742
2.6763381690845423 0.0005549960478877749
2.6813406703351674 0.0005408382885473202
2.6863431715857926 0.0005270162568883548
2.6913456728364182 0.0005135226897186589
2.6963481740870434 0.0005003504626993837
2.7013506753376686 0.0004874925881473514
2.706353176588294 0.00047494221286115254
2.7113556778389194 0.0004626926159710154
2.7163581790895446 0.00045073720681246157
2.72136068034017 0.00043906952282375374
2.7263631815907954 0.00042768322746710943
2.7313656828414206 0.0004165721081736632
2.7363681840920457 0.00040573007431215683
2.7413706853426714 0.0003951511551813143
2.7463731865932965 0.0003848294980258686
2.7513756878439217 0.00037475936607617806
2.7563781890945473 0.0003649351366113922
2.7613806903451725 0.00035535129904610093
2.7663831915957977 0.0003460024530403872
2.7713856928464233 0.00033688330663323145
2.7763881940970485 0.0003279886743991707
2.7813906953476737 0.0003193134756281281
2.786393196598299 0.00031085273252833635
2.7913956978489245 0.0003026015684522396
2.7963981990995497 0.00029455520614529273
2.801400700350175 0.00028670896601752725
2.8064032016008005 0.0002790582644378
2.8114057028514257 0.0002715986120505909
2.816408204102051 0.0002643256121152317
2.8214107053526765 0.0002572349588674488
2.8264132066033016 0.00025032243590309046
2.831415707853927 0.00024358391458389287
2.836418209104552 0.0002370153524651711
2.8414207103551776 0.00023061279174527532
2.846423211605803 0.00022437235773668264
2.851425712856428 0.0002182902573585666
2.8564282141070536 0.00021236277765070453
2.861430715357679 0.00020658628430856693
2.866433216608304 0.0002009572202394249
2.8714357178589296 0.00019547210413933182
2.8764382191095548 0.0001901275290908062
2.88144072036018 0.0001849201611810554
2.886443221610805 0.00017984673814057633
2.8914457228614308 0.00017490406800196358
2.896448224112056 0.00017008902777875258
2.901450725362681 0.00016539856216412624
2.9064532266133067 0.0001608296822493136
2.911455727863932 0.00015637946426150134
2.916458229114557 0.0001520450483210786
2.9214607303651827 0.00014782363721804086
2.926463231615808 0.00014371249520737098
2.931465732866433 0.00013970894682320805
2.9364682341170583 0.000135810375711634
2.941470735367684 0.00013201422348188
2.946473236618309 0.0001283179885757791
2.9514757378689342 0.0001247192251552679
2.95647823911956 0.00012121554200776006
2.961480740370185 0.00011780460146919757
2.9664832416208102 0.00011448411836459231
2.971485742871436 0.000111251858965871
2.976488244122061 0.00010810563996683389
2.981490745372686 0.00010504332747503361
2.9864932466233114 0.00010206283602038966
2.991495747873937 9.916212758034365e-05
2.996498249124562 9.633921062136998e-05
3.0015007503751874 9.359213915664332e-05
3.006503251625813 9.091901181968248e-05
3.011505752876438 8.831797095377391e-05
3.0165082541270634 8.578720171698392e-05
3.0215107553776885 8.332493120257617e-05
3.026513256628314 8.092942757463714e-05
3.0315157578789393 7.859899921872692e-05
3.0365182591295645 7.63319939073607e-05
3.04152076038019 7.41267979801376e-05
3.0465232616308153 7.198183553832616e-05
3.0515257628814405 6.989556765372008e-05
3.056528264132066 6.786649159157726e-05
3.0615307653826913 6.589314004745837e-05
3.0665332666333165 6.39740803977758e-05
3.0715357678839417 6.210791396387345e-05
3.0765382691345673 6.0293275289450104e-05
3.0815407703851925 5.8528831431147074e-05
3.0865432716358177 5.6813281262114835e-05
3.0915457728864433 5.514535478838165e-05
3.0965482741370685 5.3523812477843334e-05
3.1015507753876936 5.194744460169377e-05
3.1065532766383193 5.041507058812179e-05
3.1115557778889444 4.8925538388096864e-05
3.1165582791395696 4.747772385306683e-05
3.121560780390195 4.607053012439683e-05
3.1265632816408204 4.470288703437428e-05
3.1315657828914456 4.337375051861e-05
3.136568284142071 4.208210203966357e-05
3.1415707853926964 4.0826948021726177e-05
3.1465732866433216 3.960731929619239e-05
3.1515757878939468 3.842227055795388e-05
3.1565782891445724 3.727087983225188e-05
3.1615807903951976 3.615224795192477e-05
3.1665832916458228 3.506549804488716e-05
3.171585792896448 3.4009775031682406e-05
3.1765882941470736 3.2984245132947837e-05
3.1815907953976987 3.198809538663605e-05
3.186593296648324 3.1020533174835226e-05
3.1915957978989495 3.0080785760035295e-05
3.1965982991495747 2.9168099830685913e-05
3.2016008004002 2.828174105589474e-05
3.2066033016508255 2.7420993649116714e-05
3.2116058029014507 2.6585159940685957e-05
3.216608304152076 2.5773559959042068e-05
3.221610805402701 2.498553102050769e-05
3.2266133066533267 2.4220427327471943e-05
3.231615807903952 2.3477619574839017e-05
3.236618309154577 2.275649456459958e-05
3.2416208104052027 2.2056454828388284e-05
3.246623311655828 2.1376918257888906e-05
3.251625812906453 2.07173177429508e-05
3.2566283141570787 2.007710081728426e-05
3.261630815407704 1.94557293116011e-05
3.266633316658329 1.88526790140695e-05
3.271635817908954 1.826743933795479e-05
3.27663831915958 1.7699512996317654e-05
3.281640820410205 1.714841568364435e-05
3.28664332166083 1.6613675764283647e-05
3.291645822911456 1.6094833967568715e-05
3.296648324162081 1.559144308950212e-05
3.301650825412706 1.5103067700883983e-05
3.306653326663332 1.4629283861766024e-05
3.311655827913957 1.4169678842114671e-05
3.316658329164582 1.3723850848567936e-05
3.3216608304152073 1.3291408757173483e-05
3.326663331665833 1.287197185199557e-05
3.331665832916458 1.2465169569481305e-05
3.3366683341670833 1.2070641248476542e-05
3.341670835417709 1.16880358857856e-05
3.346673336668334 1.1317011897168523e-05
3.3516758379189593 1.0957236883671712e-05
3.356678339169585 1.0608387403190154e-05
3.36168084042021 1.0270148747159765e-05
3.3666833416708353 9.942214722280291e-06
3.3716858429214605 9.624287437171207e-06
3.376688344172086 9.316077093863804e-06
3.3816908454227113 9.017301784034574e-06
3.3866933466733364 8.727687289886188e-06
3.391695847923962 8.446966889584131e-06
3.3966983491745872 8.174881167158295e-06
3.4017008504252124 7.911177826780007e-06
3.406703351675838 7.655611511327065e-06
3.4117058529264632 7.40794362515017e-06
3.4167083541770884 7.167942160955452e-06
3.4217108554277136 6.9353815307199495e-06
3.426713356678339 6.710042400557259e-06
3.4317158579289644 6.491711529452754e-06
3.4367183591795896 6.280181611788443e-06
3.441720860430215 6.075251123579456e-06
3.4467233616808404 5.876724172345139e-06
3.4517258629314655 5.684410350538823e-06
3.4567283641820907 5.4981245924622735e-06
3.4617308654327164 5.317687034591383e-06
3.4667333666833415 5.142922879241515e-06
3.4717358679339667 4.973662261501487e-06
3.4767383691845923 4.809740119367316e-06
3.4817408704352175 4.650996067007191e-06
3.4867433716858427 4.497274271090738e-06
3.4917458729364683 4.348423330116993e-06
3.4967483741870935 4.204296156676314e-06
3.5017508754377187 4.064749862582733e-06
3.506753376688344 3.929645646814654e-06
3.5117558779389695 3.798848686202508e-06
3.5167583791895947 3.6722280288035016e-06
3.52176088044022 3.5496564899042662e-06
3.5267633816908455 3.4310105505937987e-06
3.5317658829414706 3.3161702588497693e-06
3.536768384192096 3.2050191330823977e-06
3.5417708854427215 3.0974440680813753e-06
3.5467733866933466 2.9933352433120984e-06
3.551775887943972 2.8925860335084685e-06
3.556778389194597 2.7950929215108432e-06
3.5617808904452226 2.700755413298277e-06
3.566783391695848 2.6094759551655614e-06
3.571785892946473 2.521159852996157e-06
3.5767883941970986 2.435715193583436e-06
3.5817908954477238 2.3530527679533337e-06
3.586793396698349 2.2730859966424062e-06
3.5917958979489746 2.1957308568864447e-06
3.5967983991995998 2.1209058116754663e-06
3.601800900450225 2.0485317406317497e-06
3.60680340170085 1.9785318726687166e-06
3.6118059029514757 1.9108317203890035e-06
3.616808404202101 1.8453590161811403e-06
3.621810905452726 1.7820436499748588e-06
3.6268134067033517 1.7208176086161123e-06
3.631815907953977 1.6616149168235267e-06
3.636818409204602 1.6043715796887358e-06
3.6418209104552277 1.5490255266840483e-06
3.646823411705853 1.4955165571414638e-06
3.651825912956478 1.4437862871678033e-06
3.6568284142071033 1.3937780979616316e-06
3.661830915457729 1.3454370854981693e-06
3.666833416708354 1.2987100115492286e-06
3.6718359179589792 1.2535452560058255e-06
3.676838419209605 1.209892770471916e-06
3.68184092046023 1.1677040330982685e-06
3.686843421710855 1.1269320046261829e-06
3.691845922961481 1.0875310856114663e-06
3.696848424212106 1.0494570747996823e-06
3.701850925462731 1.0126671286242432e-06
3.7068534267133564 9.771197217997143e-07
3.711855927963982 9.427746089831226e-07
3.716858429214607 9.095927874767643e-07
3.7218609304652324 8.775364609465375e-07
3.726863431715858 8.465690041304594e-07
3.731865932966483 8.166549285125446e-07
3.7368684342171083 7.877598489377474e-07
3.741870935467734 7.598504511443143e-07
3.746873436718359 7.328944601903352e-07
3.7518759379689843 7.068606097518101e-07
3.7568784392196095 6.817186122701366e-07
3.761880940470235 6.574391299273374e-07
3.7668834417208603 6.339937464278979e-07
3.7718859429714855 6.113549395665273e-07
3.776888444222111 5.894960545616819e-07
3.7818909454727363 5.683912781351125e-07
3.7868934467233615 5.480156133181548e-07
3.791895947973987 5.283448549659618e-07
3.7968984492246123 5.09355565961299e-07
3.8019009504752375 4.910250540899161e-07
3.8069034517258626 4.7333134957000467e-07
3.8119059529764883 4.562531832186025e-07
3.8169084542271134 4.397699652382352e-07
3.8219109554777386 4.238617646074622e-07
3.8269134567283642 4.085092890594303e-07
3.8319159579789894 3.9369386563285253e-07
3.8369184592296146 3.7939742178024645e-07
3.8419209604802402 3.656024670186255e-07
3.8469234617308654 3.522920751081815e-07
3.8519259629814906 3.3944986674484184e-07
3.8569284642321158 3.2705999275295886e-07
3.8619309654827414 3.1510711776467984e-07
3.8669334667333666 3.0357640437291547e-07
3.8719359679839918 2.9245349774510416e-07
3.8769384692346174 2.817245106853246e-07
3.8819409704852426 2.71376009132593e-07
3.8869434717358677 2.6139499808347156e-07
3.891945972986493 2.517689079274435e-07
3.8969484742371185 2.4248558118376306e-07
3.9019509754877437 2.3353325962879373e-07
3.906953476738369 2.2490057180310266e-07
3.9119559779889945 2.1657652088787198e-07
3.9169584792396197 2.0855047294043372e-07
3.921960980490245 2.0081214547898968e-07
3.9269634817408705 1.9335159640684968e-07
3.9319659829914957 1.861592132667496e-07
3.936968484242121 1.7922570281604485e-07
3.941970985492746 1.7254208091384017e-07
3.9469734867433717 1.6609966271131254e-07
3.951975987993997 1.598900531367302e-07
3.956978489244622 1.5390513766687425e-07
3.9619809904952477 1.4813707337680321e-07
3.966983491745873 1.425782802600919e-07
3.971985992996498 1.3722143281188387e-07
3.9769884942471236 1.3205945186730943e-07
3.981990995497749 1.270854966880002e-07
3.986993496748374 1.2229295728962576e-07
3.991995997998999 1.1767544700357402e-07
3.996998499249625 1.13226795266063e-07
4.00200100050025 1.0894104062816257e-07
4.007003501750876 1.0481242398036649e-07
4.012006003001501 1.0083538198553192e-07
4.017008504252126 9.70045407141687e-08
4.022011005502751 9.331470947621341e-08
4.027013506753376 8.976087484358973e-08
4.0320160080040015 8.633819485800404e-08
4.037018509254628 8.304199341857651e-08
4.042021010505253 7.98677548440579e-08
4.047023511755878 7.681111860451069e-08
4.052026013006503 7.38678742174946e-08
4.057028514257128 7.103395630391028e-08
4.0620310155077535 6.830543979879902e-08
4.067033516758379 6.56785353125227e-08
4.072036018009005 6.31495846378714e-08
4.07703851925963 6.071505639877437e-08
4.082041020510255 5.837154183639809e-08
4.08704352176088 5.611575072854822e-08
4.092046023011505 5.3944507438389634e-08
4.097048524262131 5.185474708861916e-08
4.102051025512757 4.984351185732919e-08
4.107053526763382 4.790794739190932e-08
4.112056028014007 4.604529933742749e-08
4.117058529264632 4.425290997604392e-08
4.122061030515257 4.2528214974097475e-08
4.127063531765883 4.086874023360378e-08
4.132066033016508 3.92720988449968e-08
4.137068534267134 3.7735988138033486e-08
4.142071035517759 3.625818682787179e-08
4.147073536768384 3.4836552253411213e-08
4.152076038019009 3.346901770507785e-08
4.1570785392696346 3.2153589839307354e-08
4.16208104052026 3.0888346177063194e-08
4.167083541770885 2.9671432683802618e-08
4.172086043021511 2.8501061428377997e-08
4.177088544272136 2.7375508318433624e-08
4.182091045522761 2.6293110909926366e-08
4.1870935467733865 2.5252266288473464e-08
4.192096048024012 2.4251429020290523e-08
4.197098549274637 2.3289109170552628e-08
4.202101050525263 2.2363870387073257e-08
4.207103551775888 2.1474328047258648e-08
4.212106053026513 2.061914746635144e-08
4.2171085542771385 1.9797042165042436e-08
4.222111055527764 1.9006772194579832e-08
4.227113556778389 1.8247142517563773e-08
4.232116058029014 1.751700144266716e-08
4.23711855927964 1.6815239111575867e-08
4.242121060530265 1.6140786036492873e-08
4.2471235617808905 1.5492611686598045e-08
4.252126063031516 1.4869723121907473e-08
4.257128564282141 1.4271163673018791e-08
4.262131065532766 1.3696011665276684e-08
4.267133566783391 1.3143379185936577e-08
4.272136068034017 1.2612410892946827e-08
4.277138569284642 1.2102282864012608e-08
4.282141070535268 1.1612201484643119e-08
4.287143571785893 1.1141402373926196e-08
4.292146073036518 1.068914934680987e-08
4.297148574287143 1.025473341170916e-08
4.302151075537768 9.837471802292087e-09
4.307153576788394 9.436707042334162e-09
4.31215607803902 9.051806042564812e-09
4.317158579289645 8.682159228461408e-09
4.32216108054027 8.327179697980652e-09
4.327163581790895 7.986302408246398e-09
4.33216608304152 7.658983390244434e-09
4.337168584292146 7.3446989906038864e-09
4.3421710855427715 7.042945139573956e-09
4.347173586793397 6.753236644331325e-09
4.352176088044022 6.475106506782498e-09
4.357178589294647 6.208105265049603e-09
4.362181090545272 5.9518003578547534e-09
4.367183591795897 5.705775511042523e-09
4.3721860930465235 5.469630145503723e-09
4.377188594297149 5.242978805787639e-09
4.382191095547774 5.025450608711248e-09
4.387193596798399 4.816688711297449e-09
4.392196098049024 4.616349797394111e-09
4.397198599299649 4.424103582347163e-09
4.402201100550275 4.239632335120779e-09
4.407203601800901 4.062630417276975e-09
4.412206103051526 3.892803838246101e-09
4.417208604302151 3.729869826337215e-09
4.422211105552776 3.5735564149561595e-09
4.427213606803401 3.4236020435152207e-09
4.4322161080540265 3.2797551725355415e-09
4.437218609304653 3.141773912459356e-09
4.442221110555278 3.009425665704954e-09
4.447223611805903 2.882486781511975e-09
4.452226113056528 2.760742223140041e-09
4.457228614307153 2.643985246997355e-09
4.4622311155577785 2.5320170932900217e-09
4.467233616808404 2.424646687796089e-09
4.47223611805903 2.3216903543813666e-09
4.477238619309655 2.2229715378866615e-09
4.48224112056028 2.128320537027895e-09
4.487243621810905 2.0375742469629834e-09
4.4922461230615305 1.9505759111901883e-09
4.497248624312156 1.867174882453934e-09
4.502251125562781 1.7872263923448993e-09
4.507253626813407 1.7105913292913135e-09
4.512256128064032 1.6371360246487292e-09
4.517258629314657 1.5667320466048232e-09
4.5222611305652824 1.4992560016257764e-09
4.527263631815908 1.4345893431793326e-09
4.532266133066533 1.3726181874787826e-09
4.537268634317159 1.3132331360005517e-09
4.542271135567784 1.2563291045363708e-09
4.547273636818409 1.2018051585488478e-09
4.552276138069034 1.1495643546073036e-09
4.55727863931966 1.0995135876878885e-09
4.562281140570285 1.0515634441294488e-09
4.56728364182091 1.0056280600435531e-09
4.572286143071536 9.61624984983857e-10
4.577288644322161 9.194750506866441e-10
4.582291145572786 8.791022447005122e-10
4.587293646823412 8.404335887296503e-10
4.592296148074037 8.033990215207668e-10
4.597298649324662 7.679312861297101e-10
4.602301150575287 7.339658214092809e-10
4.607303651825913 7.01440657565162e-10
4.612306153076538 6.702963156321301e-10
4.6173086543271635 6.404757107276597e-10
4.622311155577789 6.119240589450862e-10
4.627313656828414 5.845887877530625e-10
4.632316158079039 5.584194497727066e-10
4.637318659329665 5.333676398082564e-10
4.64232116058029 5.093869150113587e-10
4.6473236618309155 4.864327180631912e-10
4.652326163081541 4.6446230326279906e-10
4.657328664332166 4.4343466541377196e-10
4.662331165582791 4.23310471405255e-10
4.667333666833416 4.040519943869246e-10
4.672336168084042 3.856230504411027e-10
4.6773386693346675 3.6798893765864627e-10
4.682341170585293 3.5111637752851045e-10
4.687343671835918 3.349734585542319e-10
4.692346173086543 3.1952958201358987e-10
4.697348674337168 3.0475540978080636e-10
4.702351175587793 2.906228141335765e-10
4.707353676838419 2.771048294700535e-10
4.712356178089045 2.641756058637215e-10
4.71735867933967 2.518103643866945e-10
4.722361180590295 2.399853541346854e-10
4.72736368184092 2.2867781088930914e-10
4.732366183091545 2.1786591735588906e-10
4.7373686843421705 2.0752876491727753e-10
4.742371185592797 1.976463168465024e-10
4.747373686843422 1.8819937292328363e-10
4.752376188094047 1.7916953540157756e-10
4.757378689344672 1.705391762774561e-10
4.762381190595297 1.622914058085788e-10
4.7673836918459225 1.5441004223850186e-10
4.7723861930965485 1.4687958268094624e-10
4.777388694347174 1.3968517512097196e-10
4.782391195597799 1.3281259149173862e-10
4.787393696848424 1.2624820178727803e-10
4.792396198099049 1.1997894917328874e-10
4.7973986993496744 1.1399232605956609e-10
4.8024012006003 1.0827635109918766e-10
4.807403701850926 1.0281954708102719e-10
4.812406203101551 9.761091968357454e-11
4.817408704352176 9.263993705935595e-11
4.822411205602801 8.789651022056377e-11
4.827413706853426 8.337097419769376e-11
4.832416208104052 7.9054069944175e-11
4.837418709354677 7.493692696108178e-11
4.842421210605303 7.101104661707174e-11
4.847423711855928 6.726828613970144e-11
4.852426213106553 6.370084325520197e-11
4.857428714357178 6.030124145471556e-11
4.862431215607804 5.7062315865812235e-11
4.867433716858429 5.397719970891085e-11
4.872436218109055 5.103931131896424e-11
4.87743871935968 4.8242341713465277e-11
4.882441220610305 4.5580242688465044e-11
4.88744372186093 4.3047215424912416e-11
4.8924462231115555 4.063769958816072e-11
4.897448724362181 3.834636290401402e-11
4.902451225612806 3.6168091195152805e-11
4.907453726863432 3.409797886221677e-11
4.912456228114057 3.2131319794223736e-11
4.917458729364682 3.026359869336307e-11
4.9224612306153075 2.8490482799549985e-11
4.927463731865933 2.680781400042288e-11
4.932466233116558 2.5211601312754847e-11
4.937468734367183 2.369801372150803e-11
4.942471235617809 2.2263373362999473e-11
4.947473736868434 2.090414903887182e-11
4.9524762381190595 1.9616950047766552e-11
4.957478739369685 1.8398520321804117e-11
4.96248124062031 1.7245732855157674e-11
4.967483741870935 1.61555844121972e-11
4.972486243121561 1.5125190502862125e-11
4.977488744372186 1.4151780613105772e-11
4.982491245622811 1.323269367843732e-11
4.987493746873437 1.2365373788785206e-11
4.992496248124062 1.1547366113099212e-11
4.997498749374687 1.0776313032320811e-11
5.002501250625312 1.004995046957113e-11
