-5.002273760800364 8.103672133343599e-05
-4.997726239199636 8.544310295931898e-05
-4.993178717598909 9.002413353286423e-05
-4.988631195998181 9.478309475990584e-05
-4.9840836743974535 9.972316246627881e-05
-4.979536152796726 0.00010484740057600027
-4.974988631195998 0.00011015875543700871
-4.970441109595271 0.00011566005051895524
-4.965893587994543 0.00012135398150548046
-4.961346066393816 0.000127243111801196
-4.956798544793088 0.00013332986847126196
-4.95225102319236 0.00013961653862900437
-4.947703501591633 0.00014610526628449692
-4.943155979990905 0.00015279804966443535
-4.938608458390178 0.00015969673901099725
-4.93406093678945 0.0001668030348647198
-4.9295134151887225 0.0001741184868337593
-4.924965893587995 0.0001816444928492576
-4.920418371987267 0.0001893822989039218
-4.91587085038654 0.0001973329992683787
-4.911323328785812 0.0002054975371773899
-4.906775807185085 0.00021387670597562328
-4.902228285584357 0.00022247115071041468
-4.8976807639836295 0.0002312813701568009
-4.893133242382902 0.00024030771925810096
-4.8885857207821735 0.0002495504119634665
-4.884038199181446 0.00025900952444211673
-4.879490677580718 0.0002686849986524939
-4.874943155979991 0.0002785766462431605
-4.870395634379263 0.00028868415276116997
-4.865848112778536 0.0002990070821426307
-4.861300591177808 0.0003095448814594143
-4.85675306957708 0.0003202968858953665
-4.852205547976353 0.0003312623239249768
-4.847658026375625 0.0003424403226672458
-4.843110504774898 0.00035382991338745763
-4.83856298317417 0.0003654300371197009
-4.8340154615734425 0.00037723955038330216
-4.829467939972715 0.00038925723096679116
-4.824920418371987 0.0004014817837536593
-4.82037289677126 0.00041391184656491614
-4.815825375170532 0.0004265459959943622
-4.811277853569805 0.00043938275321348755
-4.806730331969077 0.00045242058972404383
-4.8021828103683495 0.00046565793303753576
-4.797635288767622 0.0004790931722621718
-4.793087767166894 0.0004927246635791855
-4.788540245566167 0.0005065507355918308
-4.783992723965439 0.0005205696945318473
-4.779445202364712 0.0005347798293096293
-4.774897680763984 0.0005491794163958943
-4.770350159163256 0.0005637667245240965
-4.765802637562529 0.0005785400192043841
-4.761255115961801 0.0005934975670413498
-4.756707594361074 0.000608637639849313
-4.752160072760346 0.0006239585185602625
-4.7476125511596186 0.0006394584969210104
-4.743065029558891 0.000655135884977394
-4.738517507958163 0.00067098901234467
-4.733969986357435 0.0006870162312644102
-4.729422464756707 0.0007032159194493705
-4.72487494315598 0.0007195864827188748
-4.720327421555252 0.0007361263574281859
-4.715779899954525 0.0007528340126962812
-4.711232378353797 0.0007697079524372717
-4.7066848567530695 0.0007867467172013937
-4.702137335152342 0.0008039488858322073
-4.697589813551614 0.0008213130769471602
-4.693042291950887 0.0008388379502491733
-4.688494770350159 0.000856522207677329
-4.683947248749432 0.0008743645944050143
-4.679399727148704 0.0008923638996941859
-4.674852205547976 0.0009105189576145258
-4.670304683947249 0.0009288286476364149
-4.665757162346521 0.0009472918951066691
-4.661209640745794 0.0009659076716159357
-4.656662119145066 0.000984674995266601
-4.6521145975443385 0.0010035929308498976
-4.647567075943611 0.001022660589940716
-4.643019554342883 0.0010418771309183975
-4.638472032742156 0.0010612417589215169
-4.633924511141428 0.001080753725744356
-4.629376989540701 0.0011004123296824142
-4.624829467939973 0.0011202169153339751
-4.6202819463392455 0.0011401668733643322
-4.615734424738518 0.001160261640238901
-4.61118690313779 0.0011805006979309879
-4.606639381537063 0.0012008835736096422
-4.602091859936335 0.0012214098393124907
-4.597544338335608 0.0012420791116081191
-4.59299681673488 0.0012628910512520583
-4.5884492951341525 0.0012838453628400738
-4.583901773533425 0.0013049417944619966
-4.579354251932697 0.0013261801373589516
-4.574806730331969 0.0013475602255864471
-4.570259208731241 0.0013690819356853847
-4.565711687130514 0.0013907451863627606
-4.561164165529786 0.001412549938183353
-4.5566166439290585 0.0014344961932735284
-4.552069122328331 0.0014565839950378477
-4.547521600727603 0.0014788134278889758
-4.542974079126876 0.0015011846169910793
-4.538426557526148 0.001523697728016672
-4.533879035925421 0.001546352966916637
-4.529331514324693 0.0015691505797030035
-4.5247839927239655 0.0015920908522438159
-4.520236471123238 0.0016151741100693194
-4.51568894952251 0.001638400718188549
-4.511141427921783 0.0016617710809153049
-4.506593906321055 0.001685285641702373
-4.502046384720328 0.0017089448829827982
-4.4974988631196 0.0017327493260169914
-4.492951341518872 0.0017566995307443274
-4.488403819918145 0.0017807960956379774
-4.483856298317417 0.0018050396575616065
-4.47930877671669 0.0018294308916266676
-4.474761255115962 0.0018539705110489381
-4.4702137335152345 0.0018786592670030973
-4.465666211914507 0.0019034979484740474
-4.461118690313779 0.001928487382103865
-4.456571168713052 0.0019536284320331855
-4.452023647112324 0.001978921999736036
-4.447476125511597 0.0020043690238470695
-4.442928603910869 0.002029970479980302
-4.4383810823101415 0.002055727380538527
-4.433833560709414 0.002081640774512635
-4.429286039108686 0.002107711747270147
-4.424738517507959 0.002133941420332421
-4.42019099590723 0.00216033095113999
-4.415643474306503 0.002186881532805579
-4.411095952705775 0.0022135943938545784
-4.406548431105048 0.0022404707979525778
-4.40200090950432 0.002267512043619888
-4.397453387903592 0.002294719463932919
-4.392905866302865 0.002322094426212387
-4.388358344702137 0.002349638331698425
-4.38381082310141 0.0023773526152127186
-4.379263301500682 0.002405238744807805
-4.3747157798999545 0.002433298221403863
-4.370168258299227 0.0024615325784132194
-4.365620736698499 0.002489943381352986
-4.361073215097772 0.0025185322274461942
-4.356525693497044 0.0025473007452119093
-4.351978171896317 0.002576250594044779
-4.347430650295589 0.0026053834637845548
-4.3428831286948615 0.0026347010742761804
-4.338335607094134 0.0026642051749209434
-4.333788085493406 0.002693897544219395
-4.329240563892679 0.0027237799893065867
-4.324693042291951 0.0027538543454802976
-4.320145520691224 0.0027841224757229302
-4.315597999090496 0.0028145862702176625
-4.311050477489768 0.002845247645859604
-4.306502955889041 0.0028761085457625836
-4.301955434288313 0.0029071709387622287
-4.297407912687586 0.0029384368189160175
-4.292860391086858 0.0029699082050009882
-4.2883128694861306 0.003001587140009676
-4.283765347885403 0.0030334756906450237
-4.279217826284675 0.0030655759468147994
-4.274670304683948 0.0030978900211262065
-4.27012278308322 0.003130420048381248
-4.265575261482492 0.003163168185073426
-4.261027739881764 0.003196136608886348
-4.256480218281037 0.0032293275181948288
-4.251932696680309 0.0032627431315689318
-4.2473851750795815 0.003296385687281511
-4.242837653478854 0.003330257442819725
-4.238290131878126 0.003364360674401004
-4.233742610277399 0.0033986976764938614
-4.229195088676671 0.0034332707613440386
-4.224647567075944 0.0034680822585063
-4.220100045475216 0.0035031345143823325
-4.215552523874488 0.003538429891765058
-4.211005002273761 0.0035739707693896606
-4.206457480673033 0.0036097595414917253
-4.201909959072306 0.003645798617372686
-4.197362437471578 0.003682090420972887
-4.1928149158708505 0.003718637390452515
-4.188267394270123 0.0037554419777806047
-4.183719872669395 0.0037925066483323016
-4.179172351068668 0.003829833880494632
-4.17462482946794 0.0038674261652808825
-4.170077307867213 0.003905286005953757
-4.165529786266485 0.003943415917657457
-4.1609822646657575 0.003981818427058746
-4.15643474306503 0.004020496071997169
-4.151887221464302 0.004059451401144449
-4.147339699863575 0.004098686973673113
-4.142792178262847 0.004138205358934457
-4.13824465666212 0.0041780091361457985
-4.133697135061392 0.004218100894087123
-4.1291496134606644 0.0042584832308070735
-4.124602091859937 0.004299158753338274
-4.120054570259209 0.004340130077421996
-4.115507048658482 0.004381399827242121
-4.110959527057753 0.004422970635168363
-4.106412005457026 0.00446484514150866
-4.101864483856298 0.004507025994270761
-4.0973169622555705 0.004549515848932837
-4.092769440654843 0.0045923173682230695
-4.088221919054115 0.004635433221908157
-4.083674397453388 0.004678866086590595
-4.07912687585266 0.004722618645514641
-4.074579354251933 0.004766693588380878
-4.070031832651205 0.004811093611169181
-4.0654843110504775 0.004855821415970059
-4.06093678944975 0.004900879710824149
-4.056389267849022 0.004946271209569781
-4.051841746248295 0.004991998631698449
-4.047294224647567 0.005038064702218033
-4.04274670304684 0.005084472151523632
-4.038199181446112 0.00513122371527586
-4.033651659845384 0.00517832213428642
-4.029104138244657 0.005225770154410769
-4.024556616643929 0.00527357052644783
-4.020009095043202 0.005321726006046372
-4.015461573442474 0.005370239353618125
-4.0109140518417465 0.005419113334257221
-4.006366530241019 0.005468350717666001
-4.001819008640291 0.005517954278086835
-3.997271487039564 0.00556792679423989
-3.992723965438836 0.005618271049266612
-3.988176443838108 0.005668989830678727
-3.9836289222373806 0.005720085930312662
-3.979081400636653 0.005771562144289112
-3.9745338790359255 0.005823421272977584
-3.969986357435198 0.005875666120965832
-3.9654388358344703 0.0059282994970338435
-3.9608913142337427 0.005981324214132328
-3.956343792633015 0.0060347430893655084
-3.9517962710322876 0.006088558943977921
-3.94724874943156 0.006142774603345245
-3.9427012278308324 0.006197392896968763
-3.938153706230105 0.006252416658473483
-3.9336061846293773 0.006307848725609573
-3.9290586630286497 0.00636369194025709
-3.924511141427922 0.006419949148433671
-3.9199636198271945 0.00647662320030522
-3.9154160982264665 0.006533716950199199
-3.910868576625739 0.006591233256620505
-3.9063210550250114 0.006649174982269806
-3.901773533424284 0.006707544994064014
-3.897226011823556 0.006766346163158897
-3.8926784902228286 0.006825581364973549
-3.888130968622101 0.00688525347921673
-3.8835834470213735 0.006945365389914716
-3.879035925420646 0.007005919985440724
-3.8744884038199183 0.007066920158545619
-3.8699408822191907 0.007128368806389809
-3.865393360618463 0.007190268830576276
-3.8608458390177356 0.007252623137184415
-3.856298317417008 0.007315434636804815
-3.8517507958162804 0.007378706244574586
-3.847203274215553 0.0074424408802133
-3.8426557526148253 0.007506641468059376
-3.8381082310140973 0.007571310937106716
-3.8335607094133697 0.007636452221041605
-3.829013187812642 0.007702068258279661
-3.8244656662119145 0.0077681619920027985
-3.819918144611187 0.007834736370196054
-3.8153706230104594 0.007901794345684129
-3.810823101409732 0.007969338876167808
-3.806275579809004 0.00803737292425974
-3.8017280582082766 0.008105899457519827
-3.797180536607549 0.008174921448490077
-3.7926330150068215 0.008244441874728675
-3.788085493406094 0.008314463718843342
-3.7835379718053663 0.008384989968523972
-3.7789904502046388 0.008456023616574144
-3.774442928603911 0.008527567660941907
-3.7698954070031836 0.008599625104749327
-3.765347885402456 0.008672198956321027
-3.760800363801728 0.008745292229211558
-3.7562528422010004 0.008818907942231488
-3.751705320600273 0.008893049119472253
-3.7471577989995453 0.00896771879032966
-3.7426102773988177 0.009042919989525978
-3.73806275579809 0.009118655757130598
-3.7335152341973625 0.009194929138579274
-3.728967712596635 0.009271743184691698
-3.7244201909959074 0.009349100951687672
-3.71987266939518 0.009427005501201532
-3.715325147794452 0.009505459900295036
-3.7107776261937246 0.009584467221468534
-3.706230104592997 0.00966403054267039
-3.7016825829922695 0.009744152947304787
-3.697135061391542 0.009824837524237654
-3.6925875397908143 0.009906087367800864
-3.6880400181900868 0.009987905577794607
-3.6834924965893587 0.010070295259487964
-3.678944974988631 0.010153259523617605
-3.6743974533879036 0.010236801486384568
-3.669849931787176 0.010320924269449347
-3.6653024101864484 0.010405630999924854
-3.660754888585721 0.010490924810367596
-3.6562073669849933 0.010576808838766955
-3.6516598453842657 0.01066328622853251
-3.647112323783538 0.010750360128479382
-3.6425648021828105 0.010838033692811737
-3.638017280582083 0.010926310081104252
-3.6334697589813554 0.011015192458281744
-3.628922237380628 0.011104683994596716
-3.6243747157799002 0.011194787865605058
-3.6198271941791726 0.011285507252139773
-3.615279672578445 0.011376845340282724
-3.6107321509777175 0.011468805321334475
-3.6061846293769895 0.011561390391782198
-3.601637107776262 0.011654603753265528
-3.5970895861755343 0.011748448612540659
-3.5925420645748067 0.011842928181442409
-3.587994542974079 0.01193804567684434
-3.5834470213733516 0.012033804320617037
-3.578899499772624 0.012130207339584396
-3.5743519781718964 0.012227257965478144
-3.569804456571169 0.012324959434890263
-3.5652569349704413 0.012423314989223744
-3.5607094133697137 0.012522327874641382
-3.556161891768986 0.012622001342012653
-3.5516143701682585 0.012722338646858775
-3.547066848567531 0.01282334304929607
-3.5425193269668034 0.012925017813977232
-3.537971805366076 0.013027366210031015
-3.5334242837653482 0.013130391511000006
-3.52887676216462 0.013234096994776644
-3.5243292405638926 0.013338485943537337
-3.519781718963165 0.013443561643675118
-3.5152341973624375 0.013549327385730142
-3.51068667576171 0.013655786464318791
-3.5061391541609823 0.013762942178060884
-3.5015916325602547 0.01387079782950513
-3.497044110959527 0.013979356725053007
-3.4924965893587996 0.014088622174880931
-3.487949067758072 0.01419859749286066
-3.4834015461573444 0.014309285996478122
-3.478854024556617 0.014420691006750584
-3.4743065029558893 0.014532815848142146
-3.4697589813551617 0.01464566384847773
-3.465211459754434 0.014759238338855257
-3.4606639381537065 0.014873542653556445
-3.456116416552979 0.014988580129955948
-3.451568894952251 0.015104354108428869
-3.4470213733515234 0.015220867932256774
-3.442473851750796 0.01533812494753227
-3.437926330150068 0.015456128503061778
-3.4333788085493406 0.015574881950267148
-3.428831286948613 0.015694388643085467
-3.4242837653478855 0.015814651937867543
-3.419736243747158 0.01593567519327493
-3.4151887221464303 0.016057461770175377
-3.4106412005457027 0.01618001503153687
-3.406093678944975 0.01630333834232031
-3.4015461573442476 0.016427435069370683
-3.39699863574352 0.016552308581306796
-3.3924511141427924 0.016677962248409745
-3.387903592542065 0.016804399442509787
-3.3833560709413373 0.016931623536871995
-3.3788085493406097 0.017059637906080474
-3.3742610277398817 0.017188445925921298
-3.369713506139154 0.017318050973263888
-3.3651659845384265 0.017448456425941342
-3.360618462937699 0.017579665662629196
-3.3560709413369714 0.01771168206272308
-3.351523419736244 0.017844509006214752
-3.346975898135516 0.017978149873567235
-3.3424283765347886 0.018112608045588362
-3.337880854934061 0.01824788690330318
-3.3333333333333335 0.018383989827825038
-3.328785811732606 0.01852092020022542
-3.3242382901318783 0.01865868140140257
-3.3196907685311507 0.01879727681194881
-3.315143246930423 0.018936709812016672
-3.3105957253296956 0.019076983781183835
-3.306048203728968 0.0192181020983167
-3.3015006821282404 0.019360068141433016
-3.2969531605275124 0.019502885287563023
-3.292405638926785 0.01964655691260959
-3.2878581173260573 0.019791086391207156
-3.2833105957253297 0.019936477096579374
-3.278763074124602 0.020082732400395747
-3.2742155525238745 0.020229855672627035
-3.269668030923147 0.020377850281399428
-3.2651205093224194 0.020526719592847756
-3.260572987721692 0.020676466970967387
-3.256025466120964 0.020827095777465134
-3.2514779445202366 0.020978609371608926
-3.246930422919509 0.021131011110076384
-3.2423829013187815 0.02128430434680248
-3.237835379718054 0.021438492432825734
-3.2332878581173263 0.021593578716133655
-3.2287403365165988 0.02174956654150687
-3.224192814915871 0.021906459250362362
-3.219645293315143 0.02206426018059546
-3.2150977717144156 0.02222297266642078
-3.210550250113688 0.02238260003821232
-3.2060027285129604 0.02254314562234222
-3.201455206912233 0.022704612741018596
-3.1969076853115053 0.022867004712122406
-3.1923601637107777 0.02303032484904315
-3.18781264211005 0.02319457646051357
-3.1832651205093225 0.02335976285044343
-3.178717598908595 0.023525887317752143
-3.1741700773078674 0.023692953156200493
-3.16962255570714 0.023860963654221305
-3.165075034106412 0.024029922094749155
-3.1605275125056846 0.024199831755048865
-3.155979990904957 0.024370695906543557
-3.1514324693042295 0.02454251781464103
-3.146884947703502 0.024715300738559758
-3.142337426102774 0.024889047931153534
-3.1377899045020463 0.025063762638735353
-3.1332423829013187 0.02523944810090029
-3.128694861300591 0.025416107550347445
-3.1241473396998636 0.025593744212700827
-3.119599818099136 0.025772361306329566
-3.1150522964984084 0.02595196204216691
-3.110504774897681 0.026132549623528473
-3.1059572532969533 0.026314127245929478
-3.1014097316962257 0.026496698096901312
-3.096862210095498 0.026680265355806716
-3.0923146884947705 0.026864832193654563
-3.087767166894043 0.027050401772913533
-3.0832196452933154 0.02723697724732487
-3.078672123692588 0.027424561761714313
-3.0741246020918602 0.027613158451803163
-3.0695770804911326 0.027802770444018576
-3.0650295588904046 0.027993400855302778
-3.060482037289677 0.0281850527929216
-3.0559345156889495 0.02837772935427218
-3.051386994088222 0.028571433626689693
-3.0468394724874943 0.028766168687253464
-3.0422919508867667 0.02896193760259201
-3.037744429286039 0.02915874342868747
-3.0331969076853116 0.02935658921067916
-3.028649386084584 0.029555477982666282
-3.0241018644838564 0.029755412767509846
-3.019554342883129 0.02995639657663401
-3.0150068212824013 0.0301584324098263
-3.0104592996816737 0.030361523255037253
-3.005911778080946 0.03056567208817945
-3.0013642564802185 0.030770881872925385
-2.996816734879491 0.030977155560504996
-2.9922692132787634 0.031184496089502314
-2.9877216916780354 0.031392906385651204
-2.983174170077308 0.031602389361630644
-2.97862664847658 0.03181294791685917
-2.9740791268758526 0.03202458493728866
-2.969531605275125 0.03223730329519731
-2.9649840836743975 0.03245110584898204
-2.96043656207367 0.03266599544295027
-2.9558890404729423 0.0328819749071107
-2.9513415188722147 0.03309904705696396
-2.946793997271487 0.033317214693292
-2.9422464756707596 0.033536480601947374
-2.937698954070032 0.033756847553641535
-2.9331514324693044 0.03397831830373259
-2.928603910868577 0.03420089559201258
-2.9240563892678493 0.034424582142493915
-2.9195088676671217 0.034649380663195416
-2.914961346066394 0.034875293845927524
-2.9104138244656665 0.03510232436607723
-2.9058663028649385 0.03533047488239225
-2.901318781264211 0.035559748036764566
-2.8967712596634834 0.03579014645401362
-2.892223738062756 0.03602167274166881
-2.887676216462028 0.03625432948975149
-2.8831286948613006 0.03648811927055649
-2.878581173260573 0.03672304463843308
-2.8740336516598455 0.03695910812956531
-2.869486130059118 0.03719631226175215
-2.8649386084583903 0.03743465953418699
-2.8603910868576627 0.03767415242723651
-2.855843565256935 0.03791479340221929
-2.8512960436562076 0.03815658490118399
-2.84674852205548 0.03839952934668696
-2.8422010004547524 0.038643629141569394
-2.837653478854025 0.038888886668734274
-2.8331059572532973 0.03913530429092277
-2.8285584356525693 0.039382884350490116
-2.8240109140518417 0.03963162916918133
-2.819463392451114 0.0398815410479065
-2.8149158708503865 0.04013262226651553
-2.810368349249659 0.0403848750835729
-2.8058208276489314 0.04063830173613165
-2.801273306048204 0.04089290443950727
-2.796725784447476 0.04114868538705144
-2.7921782628467486 0.041405646749925064
-2.787630741246021 0.04166379067687129
-2.7830832196452935 0.041923119293988176
-2.778535698044566 0.04218363470450113
-2.7739881764438383 0.04244533898853513
-2.7694406548431107 0.04270823420288644
-2.764893133242383 0.04297232238079439
-2.7603456116416556 0.043237605531712756
-2.755798090040928 0.043504085641081304
-2.7512505684402 0.04377176467009644
-2.7467030468394724 0.04404064455548224
-2.742155525238745 0.04431072720926123
-2.7376080036380173 0.044582014518524865
-2.7330604820372897 0.04485450834520401
-2.728512960436562 0.04512821052583913
-2.7239654388358345 0.045403122871350454
-2.719417917235107 0.04567924716680816
-2.7148703956343794 0.045956585171202116
-2.710322874033652 0.04623513861721213
-2.705775352432924 0.04651490921097742
-2.7012278308321966 0.04679589863186666
-2.696680309231469 0.04707810853224757
-2.6921327876307415 0.047361540537256844
-2.687585266030014 0.047646196244569575
-2.6830377444292863 0.047932077224169395
-2.6784902228285588 0.04821918501811778
-2.6739427012278307 0.0485075211403243
-2.669395179627103 0.048797087076316005
-2.6648476580263756 0.04908788428300779
-2.660300136425648 0.04937991418847196
-2.6557526148249204 0.04967317819170866
-2.651205093224193 0.04996767766241576
-2.6466575716234653 0.050263413940759484
-2.6421100500227377 0.05056038833714454
-2.63756252842201 0.05085860213198497
-2.6330150068212825 0.051158056575474765
-2.628467485220555 0.05145875288735877
-2.6239199636198274 0.05176069225670411
-2.6193724420191 0.052063875841671256
-2.6148249204183722 0.052368304769285626
-2.6102773988176446 0.05267398013520972
-2.605729877216917 0.05298090300351472
-2.6011823556161895 0.053289074406453404
-2.5966348340154615 0.05359849534423224
-2.592087312414734 0.05390916678478473
-2.5875397908140063 0.05422108966354456
-2.5829922692132787 0.054534264883219136
-2.578444747612551 0.05484869331356364
-2.5738972260118236 0.05516437579115541
-2.569349704411096 0.05548131311916843
-2.5648021828103684 0.05579950606714855
-2.560254661209641 0.05611895537078924
-2.5557071396089133 0.05643966173170702
-2.5511596180081857 0.0567616258172186
-2.546612096407458 0.0570848482601169
-2.5420645748067305 0.057409329658448936
-2.537517053206003 0.05773507057529367
-2.5329695316052754 0.05806207153854024
-2.528422010004548 0.058390333040666625
-2.5238744884038202 0.058719855538519425
-2.519326966803092 0.059050639453093766
-2.5147794452023646 0.059382685169313575
-2.510231923601637 0.05971599303581324
-2.5056844020009095 0.06005056336471892
-2.501136880400182 0.060386396431431295
-2.4965893587994543 0.06072349247440824
-2.4920418371987267 0.061061851694949126
-2.487494315597999 0.06140147425697844
-2.4829467939972716 0.06174236028683154
-2.478399272396544 0.062084509873039984
-2.4738517507958164 0.062427923066118364
-2.469304229195089 0.06277259987835165
-2.4647567075943613 0.06311854028358264
-2.4602091859936337 0.06346574421700137
-2.455661664392906 0.06381421157493472
-2.4511141427921785 0.0641639422146365
-2.446566621191451 0.06451493595407887
-2.442019099590723 0.06486719257174463
-2.4374715779899954 0.06522071180641976
-2.432924056389268 0.06557549335698785
-2.42837653478854 0.06593153688222453
-2.4238290131878126 0.06628884200059322
-2.419281491587085 0.06664740829004173
-2.4147339699863575 0.06700723528779995
-2.41018644838563 0.06736832249017823
-2.4056389267849023 0.06773066935236706
-2.4010914051841747 0.06809427528823761
-2.396543883583447 0.0684591396701434
-2.3919963619827196 0.06882526182872262
-2.387448840381992 0.06919264105270205
-2.3829013187812644 0.06956127658870176
-2.378353797180537 0.0699311676410409
-2.3738062755798093 0.07030231337154495
-2.3692587539790817 0.07067471289935331
-2.3647112323783537 0.07104836530072892
-2.360163710777626 0.07142326960886865
-2.3556161891768985 0.07179942481371476
-2.351068667576171 0.07217682986176764
-2.3465211459754434 0.0725554836559001
-2.341973624374716 0.07293538505517232
-2.337426102773988 0.07331653287464862
-2.3328785811732606 0.07369892588521504
-2.328331059572533 0.07408256281339849
-2.3237835379718055 0.07446744234118707
-2.319236016371078 0.07485356310585198
-2.3146884947703503 0.07524092369977013
-2.3101409731696227 0.07562952267024926
-2.305593451568895 0.07601935851935265
-2.3010459299681676 0.07641042970372783
-2.29649840836744 0.07680273463443334
-2.2919508867667124 0.07719627167677047
-2.2874033651659844 0.0775910391501136
-2.282855843565257 0.07798703532774377
-2.2783083219645293 0.07838425843668266
-2.2737608003638017 0.07878270665752904
-2.269213278763074 0.0791823781242957
-2.2646657571623465 0.07958327092424891
-2.260118235561619 0.07998538309774858
-2.2555707139608914 0.08038871263809075
-2.251023192360164 0.08079325749135091
-2.246475670759436 0.0811990155562299
-2.2419281491587086 0.08160598468390033
-2.237380627557981 0.08201416267785513
-2.2328331059572535 0.08242354729375855
-2.228285584356526 0.08283413623929722
-2.2237380627557983 0.08324592717403453
-2.2191905411550708 0.08365891770926523
-2.214643019554343 0.08407310540787305
-2.210095497953615 0.08448848778418964
-2.2055479763528876 0.0849050623038546
-2.20100045475216 0.08532282638367825
-2.1964529331514324 0.08574177739150587
-2.191905411550705 0.08616191264608353
-2.1873578899499773 0.0865832294169257
-2.1828103683492497 0.08700572492418565
-2.178262846748522 0.08742939633852603
-2.1737153251477945 0.08785424078099324
-2.169167803547067 0.08828025532289224
-2.1646202819463394 0.08870743698566366
-2.160072760345612 0.08913578274076384
-2.155525238744884 0.08956528950954451
-2.1509777171441566 0.08999595416313773
-2.146430195543429 0.09042777352233922
-2.1418826739427015 0.09086074435749712
-2.137335152341974 0.09129486338839948
-2.132787630741246 0.09173012728416688
-2.1282401091405183 0.09216653266314466
-2.1236925875397907 0.09260407609279861
-2.119145065939063 0.09304275408961209
-2.1145975443383356 0.09348256311898626
-2.110050022737608 0.09392349959514028
-2.1055025011368804 0.09436555988101673
-2.100954979536153 0.09480874028818544
-2.0964074579354253 0.0952530370767538
-2.0918599363346977 0.09569844645527502
-2.08731241473397 0.09614496458066174
-2.0827648931332425 0.0965925875581
-2.078217371532515 0.09704131144096656
-2.0736698499317874 0.09749113223074754
-2.06912232833106 0.09794204587696029
-2.0645748067303322 0.09839404827707644
-2.0600272851296046 0.09884713527644823
-2.0554797635288766 0.09930130266823628
-2.050932241928149 0.09975654619334103
-2.0463847203274215 0.10021286154033422
-2.041837198726694 0.10067024434539548
-2.0372896771259663 0.1011286901922491
-2.0327421555252387 0.10158819461210411
-2.028194633924511 0.10204875308359686
-2.0236471123237836 0.10251036103273542
-2.019099590723056 0.10297301383284703
-2.0145520691223284 0.10343670680452795
-2.010004547521601 0.10390143521559468
-2.0054570259208733 0.1043671942810394
-2.0009095043201457 0.1048339791629864
-1.996361982719418 0.10530178497065183
-1.9918144611186903 0.10577060676030553
-1.9872669395179627 0.1062404395352358
-1.9827194179172352 0.10671127824571602
-1.9781718963165076 0.1071831177889749
-1.97362437471578 0.1076559530091678
-1.9690768531150524 0.10812977869735209
-1.9645293315143249 0.10860458959146427
-1.9599818099135973 0.10908038037629973
-1.9554342883128695 0.10955714568349557
-1.950886766712142 0.11003488009151512
-1.9463392451114143 0.11051357812563667
-1.9417917235106867 0.11099323425794282
-1.9372442019099592 0.11147384290731449
-1.9326966803092316 0.11195539843942576
-1.928149158708504 0.11243789516674328
-1.9236016371077764 0.11292132734852647
-1.9190541155070486 0.11340568919083195
-1.914506593906321 0.1138909748465198
-1.9099590723055935 0.11437717841526293
-1.905411550704866 0.11486429394355888
-1.9008640291041383 0.11535231542474508
-1.8963165075034107 0.11584123679901587
-1.8917689859026832 0.11633105195344287
-1.8872214643019556 0.1168217547219985
-1.882673942701228 0.1173133388855811
-1.8781264211005002 0.11780579817204428
-1.8735788994997726 0.11829912625622789
-1.869031377899045 0.11879331675999276
-1.8644838562983175 0.11928836325225767
-1.85993633469759 0.1197842592490392
-1.8553888130968623 0.12028099821349457
-1.8508412914961347 0.12077857355596781
-1.8462937698954072 0.12127697863403766
-1.8417462482946794 0.12177620675256924
-1.8371987266939518 0.12227625116376865
-1.8326512050932242 0.12277710506724017
-1.8281036834924966 0.1232787616100458
-1.823556161891769 0.1237812138867691
-1.8190086402910415 0.12428445493958064
-1.814461118690314 0.12478847775830723
-1.8099135970895863 0.1252932752805033
-1.8053660754888587 0.12579884039152653
-1.800818553888131 0.12630516592461427
-1.7962710322874034 0.12681224466096572
-1.7917235106866758 0.12732006932982443
-1.7871759890859482 0.12782863260856553
-1.7826284674852206 0.12833792712278527
-1.778080945884493 0.12884794544639333
-1.7735334242837655 0.12935868010170892
-1.768985902683038 0.12987012355955874
-1.76443838108231 0.13038226823937926
-1.7598908594815825 0.13089510650932068
-1.755343337880855 0.131408630686355
-1.7507958162801274 0.13192283303638663
-1.7462482946793998 0.13243770577436567
-1.7417007730786722 0.13295324106440531
-1.7371532514779446 0.13346943101990053
-1.732605729877217 0.13398626770365218
-1.7280582082764895 0.13450374312799182
-1.7235106866757617 0.1350218492549108
-1.718963165075034 0.1355405779961922
-1.7144156434743065 0.13605992121354657
-1.709868121873579 0.13657987071874836
-1.7053206002728514 0.1371004182737787
-1.7007730786721238 0.13762155559096848
-1.6962255570713962 0.1381432743331461
-1.6916780354706686 0.1386655661137876
-1.6871305138699408 0.13918842249717026
-1.6825829922692133 0.13971183499852846
-1.6780354706684857 0.1402357950842143
-1.673487949067758 0.14076029417185917
-1.6689404274670305 0.14128532363053997
-1.664392905866303 0.14181087478094825
-1.6598453842655754 0.14233693889556104
-1.6552978626648478 0.14286350719881694
-1.6507503410641202 0.1433905708672935
-1.6462028194633924 0.14391812102988868
-1.6416552978626648 0.14444614876800518
-1.6371077762619373 0.14497464511573713
-1.6325602546612097 0.14550360106006127
-1.628012733060482 0.14603300754103002
-1.6234652114597545 0.14656285545196826
-1.618917689859027 0.14709313563967283
-1.6143701682582994 0.14762383890461567
-1.6098226466575716 0.148154956001149
-1.605275125056844 0.1486864776377149
-1.6007276034561164 0.14921839447705706
-1.5961800818553888 0.14975069713643596
-1.5916325602546613 0.15028337618784676
-1.5870850386539337 0.15081642215824104
-1.582537517053206 0.15134982552975076
-1.5779899954524785 0.15188357673991582
-1.573442473851751 0.15241766618191452
-1.5688949522510232 0.1529520842047967
-1.5643474306502956 0.15348682111372117
-1.559799909049568 0.15402186717019464
-1.5552523874488404 0.15455721259231442
-1.5507048658481128 0.15509284755501496
-1.5461573442473853 0.15562876219031563
-1.5416098226466577 0.15616494658757313
-1.5370623010459301 0.15670139079373646
-1.5325147794452023 0.1572380848136044
-1.5279672578444747 0.15777501861008666
-1.5234197362437472 0.1583121821044684
-1.5188722146430196 0.15884956517667564
-1.514324693042292 0.15938715766554717
-1.5097771714415644 0.1599249493691063
-1.5052296498408368 0.16046293004483717
-1.5006821282401093 0.1610010894099633
-1.4961346066393817 0.16153941714173065
-1.491587085038654 0.16207790287769142
-1.4870395634379263 0.1626165362159922
-1.4824920418371987 0.1631553067156654
-1.4779445202364712 0.16369420389692227
-1.4733969986357436 0.1642332172414502
-1.468849477035016 0.16477233619271217
-1.4643019554342884 0.16531155015624943
-1.4597544338335608 0.16585084849998702
-1.4552069122328333 0.16639022055454222
-1.4506593906321055 0.16692965561353557
-1.446111869031378 0.16746914293390602
-1.4415643474306503 0.1680086717362271
-1.4370168258299227 0.1685482312050271
-1.4324693042291952 0.16908781048911223
-1.4279217826284676 0.16962739870189236
-1.42337426102774 0.17016698492170887
-1.4188267394270124 0.17070655819216726
-1.4142792178262846 0.17124610752246955
-1.409731696225557 0.17178562188775343
-1.4051841746248295 0.17232509022942982
-1.400636653024102 0.17286450145552745
-1.3960891314233743 0.17340384444103693
-1.3915416098226467 0.17394310802825944
-1.3869940882219192 0.17448228102715677
-1.3824465666211916 0.17502135221570597
-1.377899045020464 0.17556031034025538
-1.3733515234197362 0.176099144115883
-1.3688040018190086 0.17663784222675877
-1.364256480218281 0.17717639332650892
-1.3597089586175535 0.17771478603858276
-1.355161437016826 0.17825300895662252
-1.3506139154160983 0.1787910506448356
-1.3460663938153707 0.17932889963837031
-1.3415188722146432 0.17986654444369193
-1.3369713506139154 0.18040397353896395
-1.3324238290131878 0.18094117537443088
-1.3278763074124602 0.18147813837280266
-1.3233287858117326 0.1820148509296437
-1.318781264211005 0.182551301413762
-1.3142337426102775 0.1830874781676034
-1.30968622100955 0.1836233695076456
-1.3051386994088223 0.18415896372479698
-1.3005911778080947 0.1846942490847967
-1.296043656207367 0.18522921382861693
-1.2914961346066394 0.18576384617286926
-1.2869486130059118 0.18629813431021097
-1.2824010914051842 0.18683206640975614
-1.2778535698044566 0.1873656306174868
-1.273306048203729 0.18789881505666942
-1.2687585266030015 0.18843160782827056
-1.264211005002274 0.18896399701137664
-1.259663483401546 0.1894959706636154
-1.2551159618008185 0.19002751682158112
-1.250568440200091 0.19055862350125935
-1.2460209185993634 0.19108927869845616
-1.2414733969986358 0.1916194703892287
-1.2369258753979082 0.19214918653031815
-1.2323783537971806 0.19267841505958483
-1.227830832196453 0.19320714389644547
-1.2232833105957255 0.19373536094231264
-1.2187357889949977 0.194263054081036
-1.21418826739427 0.19479021117934675
-1.2096407457935425 0.19531682008730217
-1.205093224192815 0.19584286863873412
-1.2005457025920874 0.1963683446516988
-1.1959981809913598 0.1968932359289285
-1.1914506593906322 0.19741753025828504
-1.1869031377899046 0.1979412154132167
-1.1823556161891768 0.1984642791532142
-1.1778080945884493 0.19898670922427197
-1.1732605729877217 0.1995084933593479
-1.168713051386994 0.20002961927882978
-1.1641655297862665 0.20055007469099687
-1.159618008185539 0.20106984729248953
-1.1550704865848114 0.20158892476877754
-1.1505229649840838 0.2021072947946311
-1.1459754433833562 0.20262494503459175
-1.1414279217826284 0.2031418631434485
-1.1368804001819008 0.20365803676671312
-1.1323328785811733 0.20417345354109706
-1.1277853569804457 0.2046881010949918
-1.123237835379718 0.2052019670489489
-1.1186903137789905 0.20571503901616273
-1.114142792178263 0.2062273046029548
-1.1095952705775354 0.2067387514092595
-1.1050477489768076 0.2072493670291106
-1.10050022737608 0.2077591390511309
-1.0959527057753524 0.2082680550590218
-1.0914051841746248 0.20877610263205518
-1.0868576625738973 0.20928326934556635
-1.0823101409731697 0.20978954277144843
-1.077762619372442 0.21029491047864893
-1.0732150977717145 0.21079936003366578
-1.068667576170987 0.21130287900104677
-1.0641200545702592 0.2118054549438892
-1.0595725329695316 0.21230707542434132
-1.055025011368804 0.2128077280041039
-1.0504774897680764 0.21330740024493366
-1.0459299681673488 0.21380607970914944
-1.0413824465666213 0.21430375396013687
-1.0368349249658937 0.21480041056285576
-1.0322874033651661 0.21529603708434836
-1.0277398817644383 0.21579062109424815
-1.0231923601637107 0.2162841501652912
-1.0186448385629832 0.21677661187382533
-1.0140973169622556 0.21726799380032552
-1.009549795361528 0.21775828352990384
-1.0050022737608004 0.21824746865282563
-1.0004547521600728 0.21873553676502466
-0.9959072305593452 0.2192224754686175
-0.9913597089586176 0.2197082723724224
-0.98681218735789 0.220192915092475
-0.9822646657571624 0.22067639125254704
-0.9777171441564347 0.2211586884846677
-0.9731696225557072 0.22163979442963927
-0.9686221009549796 0.22211969673756235
-0.964074579354252 0.22259838306835347
-0.9595270577535243 0.22307584109226858
-0.9549795361527967 0.22355205849042592
-0.9504320145520692 0.2240270229553269
-0.9458844929513416 0.22450072219138228
-0.941336971350614 0.2249731439154354
-0.9367894497498863 0.22544427585728466
-0.9322419281491587 0.22591410576021226
-0.9276944065484312 0.2263826213815063
-0.9231468849477036 0.2268498104929883
-0.9185993633469759 0.22731566088153932
-0.9140518417462483 0.22778016034962553
-0.9095043201455207 0.228243296715826
-0.9049567985447932 0.2287050578153595
-0.9004092769440655 0.22916543150061097
-0.8958617553433379 0.22962440564166037
-0.8913142337426103 0.23008196812680887
-0.8867667121418827 0.2305381068631081
-0.882219190541155 0.23099280977688685
-0.8776716689404275 0.23144606481427918
-0.8731241473396999 0.2318978599417534
-0.8685766257389723 0.23234818314663933
-0.8640291041382447 0.23279702243765507
-0.859481582537517 0.23324436584543817
-0.8549340609367895 0.23369020142306973
-0.8503865393360619 0.23413451724660508
-0.8458390177353343 0.2345773014155992
-0.8412914961346066 0.23501854205363534
-0.836743974533879 0.23545822730885216
-0.8321964529331515 0.23589634535447
-0.8276489313324239 0.23633288438931774
-0.8231014097316962 0.23676783263835927
-0.8185538881309686 0.23720117835321966
-0.814006366530241 0.23763290981270965
-0.8094588449295135 0.23806301532335228
-0.8049113233287858 0.23849148321990715
-0.8003638017280582 0.23891830186589355
-0.7958162801273306 0.23934345965411571
-0.791268758526603 0.23976694500718512
-0.7867212369258755 0.24018874637804322
-0.7821737153251478 0.24060885225048403
-0.7776261937244202 0.2410272511396741
-0.7730786721236926 0.24144393159267516
-0.7685311505229651 0.2418588821889621
-0.7639836289222374 0.24227209154094312
-0.7594361073215098 0.24268354829447886
-0.7548885857207822 0.24309324112939878
-0.7503410641200546 0.24350115876001838
-0.745793542519327 0.24390728993565575
-0.7412460209185994 0.24431162344114568
-0.7366984993178718 0.24471414809735448
-0.7321509777171442 0.2451148527616921
-0.7276034561164166 0.24551372632862561
-0.723055934515689 0.24591075773018933
-0.7185084129149614 0.2463059359364948
-0.7139608913142338 0.24669924995624035
-0.7094133697135062 0.24709068883721833
-0.7048658481127785 0.2474802416668211
-0.700318326512051 0.24786789757254818
-0.6957708049113234 0.2482536457225088
-0.6912232833105958 0.24863747532592503
-0.6866757617098681 0.24901937563363452
-0.6821282401091405 0.24939933593858918
-0.677580718508413 0.24977734557635542
-0.6730331969076854 0.2501533939256099
-0.6684856753069577 0.2505274704086384
-0.6639381537062301 0.25089956449182726
-0.6593906321055025 0.2512696656861588
-0.654843110504775 0.25163776354770206
-0.6502955889040474 0.2520038476781028
-0.6457480673033197 0.2523679077250716
-0.6412005457025921 0.25272993338287175
-0.6366530241018645 0.2530899143928033
-0.632105502501137 0.2534478405436874
-0.6275579809004093 0.2538037016723474
-0.6230104592996817 0.25415748766408913
-0.6184629376989541 0.25450918845317905
-0.6139154160982265 0.254858794023321
-0.6093678944974988 0.2552062944081307
-0.6048203728967713 0.2555516796916077
-0.6002728512960437 0.255894940008607
-0.5957253296953161 0.25623606554530787
-0.5911778080945884 0.25657504653968
-0.5866302864938608 0.25691187328194964
-0.5820827648931333 0.2572465361150611
-0.5775352432924057 0.2575790254351383
-0.5729877216916781 0.25790933169194363
-0.5684402000909504 0.2582374453893335
-0.5638926784902228 0.2585633570857143
-0.5593451568894953 0.2588870573944934
-0.5547976352887677 0.25920853698452967
-0.55025011368804 0.25952778658058084
-0.5457025920873124 0.25984479696375007
-0.5411550704865848 0.26015955897192744
-0.5366075488858573 0.2604720635002326
-0.5320600272851296 0.2607823015014524
-0.527512505684402 0.26109026398647583
-0.5229649840836744 0.2613959420247311
-0.5184174624829468 0.2616993267446128
-0.5138699408822192 0.26200040933391316
-0.5093224192814916 0.2622991810402477
-0.504774897680764 0.2625956331714789
-0.5002273760800364 0.26288975709613727
-0.4956798544793088 0.26318154424384016
-0.4911323328785812 0.26347098610570635
-0.4865848112778536 0.2637580742347722
-0.482037289677126 0.2640428002463985
-0.47748976807639837 0.264325155818682
-0.4729422464756708 0.26460513269285724
-0.46839472487494316 0.2648827226737013
-0.4638472032742156 0.2651579176299327
-0.45929968167348795 0.26543070949460695
-0.45475216007276037 0.26570109026551264
-0.45020463847203274 0.2659690520055602
-0.44565711687130516 0.2662345868431722
-0.4411095952705775 0.26649768697266674
-0.43656207366984995 0.26675834465464077
-0.43201455206912237 0.26701655221634873
-0.42746703046839474 0.2672723020520794
-0.42291950886766716 0.2675255866235286
-0.4183719872669395 0.2677763984601702
-0.41382446566621195 0.2680247301596221
-0.4092769440654843 0.26827057438801033
-0.40472942246475674 0.2685139238803315
-0.4001819008640291 0.2687547714408084
-0.3956343792633015 0.268993109943246
-0.3910868576625739 0.2692289323313816
-0.3865393360618463 0.2694622316192342
-0.3819918144611187 0.26969300089144815
-0.3774442928603911 0.26992123330363577
-0.3728967712596635 0.2701469220827141
-0.3683492496589359 0.27037006052724155
-0.3638017280582083 0.27059064200774857
-0.3592542064574807 0.2708086599670653
-0.3547066848567531 0.2710241079206482
-0.3501591632560255 0.2712369794568991
-0.3456116416552979 0.27144726823748455
-0.34106412005457026 0.27165496799765104
-0.3365165984538427 0.2718600725465332
-0.33196907685311505 0.27206257576746545
-0.3274215552523875 0.2722624716182817
-0.32287403365165984 0.27245975413161855
-0.31832651205093226 0.2726544174152113
-0.31377899045020463 0.2728464556521874
-0.30923146884947705 0.2730358631013556
-0.3046839472487494 0.27322263409749264
-0.30013642564802184 0.27340676305162526
-0.2955889040472942 0.2735882444513091
-0.29104138244656663 0.2737670728609035
-0.28649386084583905 0.2739432429218429
-0.2819463392451114 0.27411674935290475
-0.27739881764438384 0.27428758695047295
-0.2728512960436562 0.2744557505887977
-0.26830377444292863 0.2746212352202528
-0.263756252842201 0.2747840358755871
-0.2592087312414734 0.27494414766417397
-0.2546612096407458 0.27510156577425526
-0.2501136880400182 0.2752562854731833
-0.2455661664392906 0.27540830210765727
-0.241018644838563 0.27555761110395677
-0.2364711232378354 0.27570420796817097
-0.2319236016371078 0.2758480882864247
-0.22737608003638018 0.27598924772509886
-0.22282855843565258 0.27612768203104854
-0.21828103683492497 0.27626338703181674
-0.21373351523419737 0.2763963586358436
-0.20918599363346976 0.27652659283267234
-0.20463847203274216 0.2766540856931508
-0.20009095043201455 0.27677883336962883
-0.19554342883128695 0.2769008320961514
-0.19099590723055934 0.27702007818864877
-0.18644838562983174 0.2771365680451219
-0.18190086402910416 0.2772502981458236
-0.17735334242837655 0.27736126505343617
-0.17280582082764895 0.2774694654132419
-0.16825829922692134 0.277574895953298
-0.16371077762619374 0.27767755348459444
-0.15916325602546613 0.2777774349012199
-0.15461573442473853 0.27787453718051625
-0.15006821282401092 0.2779688573832309
-0.14552069122328332 0.278060392653666
-0.1409731696225557 0.27814914021982223
-0.1364256480218281 0.27823509739353725
-0.1318781264211005 0.278318261570624
-0.1273306048203729 0.27839863023100125
-0.1227830832196453 0.2784762009388189
-0.1182355616189177 0.27855097134258344
-0.11368804001819009 0.27862293917527686
-0.10914051841746249 0.2786921022544685
-0.10459299681673488 0.27875845848242814
-0.10004547521600728 0.2788220058462314
-0.09549795361527967 0.27888274241786065
-0.09095043201455208 0.2789406663543026
-0.08640291041382447 0.2789957758976434
-0.08185538881309687 0.27904806937515403
-0.07730786721236926 0.2790975451993783
-0.07276034561164166 0.2791442018682118
-0.06821282401091405 0.27918803796497754
-0.06366530241018645 0.2792290521584978
-0.05911778080945885 0.2792672432031629
-0.054570259208731244 0.2793026099389917
-0.05002273760800364 0.2793351512916926
-0.04547521600727604 0.2793648662727168
-0.040927694406548434 0.27939175397930804
-0.03638017280582083 0.2794158135945501
-0.031832651205093224 0.27943704438740546
-0.027285129604365622 0.27945544571275505
-0.02273760800363802 0.27947101701142907
-0.018190086402910415 0.27948375781023593
-0.013642564802182811 0.2794936677219859
-0.009095043201455207 0.27950074644551154
-0.004547521600727604 0.2795049937656823
0.0 0.2795064095534153
0.004547521600727604 0.279504993765682
0.009095043201455207 0.27950074644551154
0.013642564802182811 0.2794936677219856
0.018190086402910415 0.27948375781023566
0.02273760800363802 0.27947101701142907
0.027285129604365622 0.27945544571275527
0.031832651205093224 0.27943704438740524
0.03638017280582083 0.2794158135945497
0.040927694406548434 0.279391753979308
0.04547521600727604 0.2793648662727166
0.05002273760800364 0.27933515129169273
0.054570259208731244 0.2793026099389918
0.05911778080945885 0.279267243203163
0.06366530241018645 0.27922905215849775
0.06821282401091405 0.2791880379649774
0.07276034561164166 0.27914420186821176
0.07730786721236926 0.2790975451993786
0.08185538881309687 0.279048069375154
0.08640291041382447 0.27899577589764346
0.09095043201455208 0.278940666354303
0.09549795361527967 0.27888274241786093
0.10004547521600728 0.27882200584623157
0.10459299681673488 0.27875845848242836
0.10914051841746249 0.27869210225446833
0.11368804001819009 0.278622939175277
0.1182355616189177 0.27855097134258366
0.1227830832196453 0.2784762009388189
0.1273306048203729 0.27839863023100125
0.1318781264211005 0.2783182615706245
0.1364256480218281 0.27823509739353725
0.1409731696225557 0.27814914021982184
0.14552069122328332 0.27806039265366606
0.15006821282401092 0.27796885738323096
0.15461573442473853 0.27787453718051613
0.15916325602546613 0.27777743490122
0.16371077762619374 0.2776775534845946
0.16825829922692134 0.2775748959532981
0.17280582082764895 0.27746946541324236
0.17735334242837655 0.2773612650534358
0.18190086402910416 0.27725029814582375
0.18644838562983174 0.2771365680451218
0.19099590723055934 0.2770200781886486
0.19554342883128695 0.27690083209615124
0.20009095043201455 0.27677883336962883
0.20463847203274216 0.27665408569315136
0.20918599363346976 0.27652659283267267
0.21373351523419737 0.2763963586358437
0.21828103683492497 0.27626338703181674
0.22282855843565258 0.2761276820310487
0.22737608003638018 0.27598924772509875
0.2319236016371078 0.27584808828642476
0.2364711232378354 0.27570420796817113
0.241018644838563 0.2755576111039571
0.2455661664392906 0.27540830210765743
0.2501136880400182 0.27525628547318354
0.2546612096407458 0.27510156577425543
0.2592087312414734 0.27494414766417397
0.263756252842201 0.2747840358755875
0.26830377444292863 0.27462123522025306
0.2728512960436562 0.27445575058879784
0.27739881764438384 0.2742875869504728
0.2819463392451114 0.2741167493529049
0.28649386084583905 0.2739432429218431
0.29104138244656663 0.2737670728609037
0.2955889040472942 0.27358824445130925
0.30013642564802184 0.27340676305162553
0.3046839472487494 0.2732226340974928
0.30923146884947705 0.27303586310135575
0.31377899045020463 0.27284645565218724
0.31832651205093226 0.27265441741521107
0.32287403365165984 0.27245975413161866
0.3274215552523875 0.27226247161828177
0.33196907685311505 0.2720625757674656
0.3365165984538427 0.27186007254653355
0.34106412005457026 0.2716549679976511
0.3456116416552979 0.27144726823748466
0.3501591632560255 0.2712369794568991
0.3547066848567531 0.2710241079206482
0.3592542064574807 0.2708086599670656
0.3638017280582083 0.2705906420077487
0.3683492496589359 0.2703700605272417
0.3728967712596635 0.2701469220827141
0.3774442928603911 0.26992123330363565
0.3819918144611187 0.26969300089144826
0.3865393360618463 0.2694622316192343
0.3910868576625739 0.26922893233138157
0.3956343792633015 0.26899310994324604
0.4001819008640291 0.2687547714408086
0.40472942246475674 0.2685139238803315
0.4092769440654843 0.26827057438801055
0.41382446566621195 0.268024730159622
0.4183719872669395 0.26777639846017043
0.42291950886766716 0.2675255866235288
0.42746703046839474 0.2672723020520796
0.43201455206912237 0.2670165522163487
0.43656207366984995 0.2667583446546408
0.4411095952705775 0.2664976869726669
0.44565711687130516 0.2662345868431723
0.45020463847203274 0.2659690520055603
0.45475216007276037 0.26570109026551253
0.45929968167348795 0.2654307094946069
0.4638472032742156 0.2651579176299327
0.46839472487494316 0.2648827226737014
0.4729422464756708 0.2646051326928575
0.47748976807639837 0.2643251558186821
0.482037289677126 0.2640428002463986
0.4865848112778536 0.2637580742347721
0.4911323328785812 0.2634709861057064
0.4956798544793088 0.26318154424383994
0.5002273760800364 0.26288975709613727
0.504774897680764 0.26259563317147905
0.5093224192814916 0.2622991810402479
0.5138699408822192 0.2620004093339133
0.5184174624829468 0.261699326744613
0.5229649840836744 0.2613959420247313
0.527512505684402 0.26109026398647606
0.5320600272851296 0.2607823015014523
0.5366075488858573 0.26047206350023266
0.5411550704865848 0.26015955897192733
0.5457025920873124 0.25984479696374985
0.55025011368804 0.25952778658058095
0.5547976352887677 0.25920853698452967
0.5593451568894953 0.25888705739449336
0.5638926784902228 0.25856335708571443
0.5684402000909504 0.25823744538933346
0.5729877216916781 0.2579093316919435
0.5775352432924057 0.2575790254351382
0.5820827648931333 0.257246536115061
0.5866302864938608 0.2569118732819496
0.5911778080945884 0.25657504653968005
0.5957253296953161 0.2562360655453077
0.6002728512960437 0.2558949400086069
0.6048203728967713 0.25555167969160786
0.6093678944974988 0.25520629440813075
0.6139154160982265 0.2548587940233211
0.6184629376989541 0.2545091884531788
0.6230104592996817 0.2541574876640891
0.6275579809004093 0.2538037016723472
0.632105502501137 0.25344784054368735
0.6366530241018645 0.25308991439280315
0.6412005457025921 0.25272993338287175
0.6457480673033197 0.25236790772507145
0.6502955889040474 0.25200384767810263
0.654843110504775 0.251637763547702
0.6593906321055025 0.2512696656861588
0.6639381537062301 0.25089956449182726
0.6684856753069577 0.2505274704086382
0.6730331969076854 0.2501533939256099
0.677580718508413 0.24977734557635511
0.6821282401091405 0.24939933593858918
0.6866757617098681 0.24901937563363452
0.6912232833105958 0.24863747532592503
0.6957708049113234 0.24825364572250863
0.700318326512051 0.247867897572548
0.7048658481127785 0.24748024166682112
0.7094133697135062 0.2470906888372182
0.7139608913142338 0.2466992499562402
0.7185084129149614 0.24630593593649472
0.723055934515689 0.24591075773018908
0.7276034561164166 0.2455137263286255
0.7321509777171442 0.2451148527616921
0.7366984993178718 0.24471414809735434
0.7412460209185994 0.2443116234411456
0.745793542519327 0.24390728993565583
0.7503410641200546 0.24350115876001838
0.7548885857207822 0.24309324112939865
0.7594361073215098 0.24268354829447872
0.7639836289222374 0.2422720915409429
0.7685311505229651 0.2418588821889618
0.7730786721236926 0.2414439315926751
0.7776261937244202 0.24102725113967405
0.7821737153251478 0.24060885225048406
0.7867212369258755 0.2401887463780433
0.791268758526603 0.23976694500718512
0.7958162801273306 0.23934345965411566
0.8003638017280582 0.23891830186589363
0.8049113233287858 0.23849148321990712
0.8094588449295135 0.23806301532335244
0.814006366530241 0.2376329098127096
0.8185538881309686 0.2372011783532195
0.8231014097316962 0.23676783263835924
0.8276489313324239 0.23633288438931774
0.8321964529331515 0.23589634535446993
0.836743974533879 0.23545822730885216
0.8412914961346066 0.2350185420536353
0.8458390177353343 0.23457730141559893
0.8503865393360619 0.23413451724660495
0.8549340609367895 0.23369020142306982
0.859481582537517 0.23324436584543817
0.8640291041382447 0.23279702243765518
0.8685766257389723 0.23234818314663905
0.8731241473396999 0.23189785994175344
0.8776716689404275 0.23144606481427915
0.882219190541155 0.23099280977688674
0.8867667121418827 0.23053810686310816
0.8913142337426103 0.23008196812680895
0.8958617553433379 0.22962440564166034
0.9004092769440655 0.22916543150061092
0.9049567985447932 0.22870505781535946
0.9095043201455207 0.22824329671582605
0.9140518417462483 0.22778016034962542
0.9185993633469759 0.22731566088153932
0.9231468849477036 0.22684981049298816
0.9276944065484312 0.22638262138150628
0.9322419281491587 0.22591410576021212
0.9367894497498863 0.22544427585728458
0.941336971350614 0.22497314391543508
0.9458844929513416 0.2245007221913825
0.9504320145520692 0.2240270229553267
0.9549795361527967 0.2235520584904257
0.9595270577535243 0.22307584109226855
0.964074579354252 0.22259838306835342
0.9686221009549796 0.22211969673756238
0.9731696225557072 0.22163979442963924
0.9777171441564347 0.22115868848466758
0.9822646657571624 0.22067639125254732
0.98681218735789 0.22019291509247488
0.9913597089586176 0.2197082723724225
0.9959072305593452 0.2192224754686177
1.0004547521600728 0.21873553676502466
1.0050022737608004 0.2182474686528256
1.009549795361528 0.2177582835299036
1.0140973169622556 0.21726799380032533
1.0186448385629832 0.21677661187382546
1.0231923601637107 0.21628415016529104
1.0277398817644383 0.21579062109424832
1.0322874033651661 0.21529603708434839
1.0368349249658937 0.21480041056285587
1.0413824465666213 0.214303753960137
1.0459299681673488 0.21380607970914936
1.0504774897680764 0.21330740024493347
1.055025011368804 0.2128077280041036
1.0595725329695316 0.2123070754243414
1.0641200545702592 0.21180545494388908
1.068667576170987 0.21130287900104672
1.0732150977717145 0.21079936003366556
1.077762619372442 0.21029491047864887
1.0823101409731697 0.2097895427714485
1.0868576625738973 0.20928326934556649
1.0914051841746248 0.20877610263205512
1.0959527057753524 0.20826805505902204
1.10050022737608 0.2077591390511311
1.1050477489768076 0.20724936702911062
1.1095952705775354 0.20673875140925943
1.114142792178263 0.20622730460295471
1.1186903137789905 0.20571503901616248
1.123237835379718 0.20520196704894894
1.1277853569804457 0.2046881010949918
1.1323328785811733 0.20417345354109698
1.1368804001819008 0.203658036766713
1.1414279217826284 0.20314186314344837
1.1459754433833562 0.2026249450345918
1.1505229649840838 0.2021072947946309
1.1550704865848114 0.20158892476877777
1.159618008185539 0.20106984729248942
1.1641655297862665 0.20055007469099653
1.168713051386994 0.20002961927882962
1.1732605729877217 0.19950849335934803
1.1778080945884493 0.1989867092242717
1.1823556161891768 0.19846427915321405
1.1869031377899046 0.19794121541321646
1.1914506593906322 0.19741753025828532
1.1959981809913598 0.19689323592892827
1.2005457025920874 0.19636834465169867
1.205093224192815 0.19584286863873404
1.2096407457935425 0.1953168200873021
1.21418826739427 0.19479021117934692
1.2187357889949977 0.19426305408103617
1.2232833105957255 0.19373536094231295
1.227830832196453 0.19320714389644553
1.2323783537971806 0.19267841505958472
1.2369258753979082 0.19214918653031812
1.2414733969986358 0.1916194703892289
1.2460209185993634 0.19108927869845627
1.250568440200091 0.19055862350125938
1.2551159618008185 0.19002751682158123
1.259663483401546 0.18949597066361537
1.264211005002274 0.18896399701137645
1.2687585266030015 0.1884316078282706
1.273306048203729 0.1878988150566695
1.2778535698044566 0.1873656306174869
1.2824010914051842 0.18683206640975605
1.2869486130059118 0.18629813431021122
1.2914961346066394 0.18576384617286942
1.296043656207367 0.18522921382861707
1.3005911778080947 0.18469424908479662
1.3051386994088223 0.1841589637247971
1.30968622100955 0.18362336950764563
1.3142337426102775 0.18308747816760346
1.318781264211005 0.1825513014137621
1.3233287858117326 0.1820148509296436
1.3278763074124602 0.1814781383728028
1.3324238290131878 0.18094117537443086
1.3369713506139154 0.180403973538964
1.3415188722146432 0.17986654444369193
1.3460663938153707 0.17932889963837026
1.3506139154160983 0.17879105064483564
1.355161437016826 0.17825300895662244
1.3597089586175535 0.17771478603858276
1.364256480218281 0.17717639332650897
1.3688040018190086 0.17663784222675888
1.3733515234197362 0.17609914411588326
1.377899045020464 0.17556031034025543
1.3824465666211916 0.1750213522157061
1.3869940882219192 0.17448228102715674
1.3915416098226467 0.17394310802825927
1.3960891314233743 0.17340384444103704
1.400636653024102 0.1728645014555274
1.4051841746248295 0.17232509022942993
1.409731696225557 0.1717856218877533
1.4142792178262846 0.1712461075224696
1.4188267394270124 0.1707065581921673
1.42337426102774 0.17016698492170904
1.4279217826284676 0.16962739870189233
1.4324693042291952 0.16908781048911242
1.4370168258299227 0.16854823120502718
1.4415643474306503 0.1680086717362271
1.446111869031378 0.16746914293390602
1.4506593906321055 0.16692965561353565
1.4552069122328333 0.16639022055454222
1.4597544338335608 0.16585084849998702
1.4643019554342884 0.16531155015624963
1.468849477035016 0.1647723361927123
1.4733969986357436 0.1642332172414502
1.4779445202364712 0.1636942038969223
1.4824920418371987 0.16315530671566547
1.4870395634379263 0.16261653621599226
1.491587085038654 0.16207790287769142
1.4961346066393817 0.16153941714173076
1.5006821282401093 0.16100108940996327
1.5052296498408368 0.1604629300448371
1.5097771714415644 0.15992494936910634
1.514324693042292 0.1593871576655472
1.5188722146430196 0.1588495651766757
1.5234197362437472 0.15831218210446837
1.5279672578444747 0.15777501861008683
1.5325147794452023 0.15723808481360452
1.5370623010459301 0.1567013907937365
1.5416098226466577 0.15616494658757324
1.5461573442473853 0.1556287621903156
1.5507048658481128 0.15509284755501504
1.5552523874488404 0.1545572125923145
1.559799909049568 0.15402186717019462
1.5643474306502956 0.15348682111372125
1.5688949522510232 0.15295208420479678
1.573442473851751 0.1524176661819144
1.5779899954524785 0.15188357673991584
1.582537517053206 0.15134982552975082
1.5870850386539337 0.15081642215824098
1.5916325602546613 0.15028337618784676
1.5961800818553888 0.14975069713643596
1.6007276034561164 0.14921839447705715
1.605275125056844 0.14868647763771492
1.6098226466575716 0.14815495600114892
1.6143701682582994 0.14762383890461572
1.618917689859027 0.147093135639673
1.6234652114597545 0.14656285545196823
1.628012733060482 0.14603300754103005
1.6325602546612097 0.1455036010600613
1.6371077762619373 0.14497464511573716
1.6416552978626648 0.1444461487680052
1.6462028194633924 0.14391812102988877
1.6507503410641202 0.14339057086729362
1.6552978626648478 0.1428635071988169
1.6598453842655754 0.1423369388955611
1.664392905866303 0.14181087478094814
1.6689404274670305 0.1412853236305401
1.673487949067758 0.14076029417185923
1.6780354706684857 0.14023579508421427
1.6825829922692133 0.13971183499852857
1.6871305138699408 0.13918842249717023
1.6916780354706686 0.13866556611378758
1.6962255570713962 0.13814327433314605
1.7007730786721238 0.1376215555909686
1.7053206002728514 0.13710041827377872
1.709868121873579 0.13657987071874833
1.7144156434743065 0.13605992121354654
1.718963165075034 0.13554057799619224
1.7235106866757617 0.13502184925491093
1.7280582082764895 0.13450374312799188
1.732605729877217 0.13398626770365227
1.7371532514779446 0.1334694310199006
1.7417007730786722 0.13295324106440523
1.7462482946793998 0.13243770577436575
1.7507958162801274 0.1319228330363866
1.755343337880855 0.13140863068635505
1.7598908594815825 0.1308951065093207
1.76443838108231 0.1303822682393792
1.768985902683038 0.1298701235595587
1.7735334242837655 0.12935868010170892
1.778080945884493 0.12884794544639336
1.7826284674852206 0.12833792712278522
1.7871759890859482 0.12782863260856553
1.7917235106866758 0.12732006932982443
1.7962710322874034 0.12681224466096572
1.800818553888131 0.1263051659246143
1.8053660754888587 0.12579884039152647
1.8099135970895863 0.12529327528050332
1.814461118690314 0.1247884777583072
1.8190086402910415 0.12428445493958064
1.823556161891769 0.12378121388676905
1.8281036834924966 0.12327876161004579
1.8326512050932242 0.12277710506724003
1.8371987266939518 0.12227625116376864
1.8417462482946794 0.12177620675256919
1.8462937698954072 0.12127697863403758
1.8508412914961347 0.1207785735559678
1.8553888130968623 0.12028099821349456
1.85993633469759 0.11978425924903911
1.8644838562983175 0.1192883632522577
1.869031377899045 0.11879331675999273
1.8735788994997726 0.11829912625622789
1.8781264211005002 0.11780579817204423
1.882673942701228 0.11731333888558114
1.8872214643019556 0.11682175472199857
1.8917689859026832 0.11633105195344297
1.8963165075034107 0.11584123679901592
1.9008640291041383 0.11535231542474512
1.905411550704866 0.11486429394355883
1.9099590723055935 0.11437717841526286
1.914506593906321 0.11389097484651985
1.9190541155070486 0.11340568919083195
1.9236016371077764 0.11292132734852645
1.928149158708504 0.11243789516674327
1.9326966803092316 0.11195539843942583
1.9372442019099592 0.11147384290731448
1.9417917235106867 0.11099323425794277
1.9463392451114143 0.11051357812563664
1.950886766712142 0.11003488009151516
1.9554342883128695 0.10955714568349552
1.9599818099135973 0.10908038037629972
1.9645293315143249 0.10860458959146427
1.9690768531150524 0.10812977869735207
1.97362437471578 0.10765595300916779
1.9781718963165076 0.1071831177889749
1.9827194179172352 0.1067112782457161
1.9872669395179627 0.10624043953523578
1.9918144611186903 0.10577060676030552
1.996361982719418 0.10530178497065185
2.0009095043201457 0.10483397916298634
2.0054570259208733 0.10436719428103944
2.010004547521601 0.10390143521559465
2.0145520691223284 0.10343670680452789
2.019099590723056 0.10297301383284703
2.0236471123237836 0.10251036103273542
2.028194633924511 0.1020487530835968
2.0327421555252387 0.1015881946121041
2.0372896771259663 0.10112869019224906
2.041837198726694 0.10067024434539547
2.0463847203274215 0.10021286154033425
2.050932241928149 0.09975654619334098
2.0554797635288766 0.0993013026682363
2.0600272851296046 0.09884713527644816
2.0645748067303322 0.09839404827707642
2.06912232833106 0.09794204587696022
2.0736698499317874 0.09749113223074758
2.078217371532515 0.0970413114409665
2.0827648931332425 0.09659258755809999
2.08731241473397 0.09614496458066167
2.0918599363346977 0.09569844645527506
2.0964074579354253 0.0952530370767538
2.100954979536153 0.09480874028818545
2.1055025011368804 0.09436555988101664
2.110050022737608 0.09392349959514036
2.1145975443383356 0.09348256311898623
2.119145065939063 0.09304275408961216
2.1236925875397907 0.09260407609279854
2.1282401091405183 0.0921665326631446
2.132787630741246 0.09173012728416687
2.137335152341974 0.09129486338839948
2.1418826739427015 0.09086074435749714
2.146430195543429 0.09042777352233934
2.1509777171441566 0.08999595416313769
2.155525238744884 0.08956528950954462
2.160072760345612 0.08913578274076374
2.1646202819463394 0.08870743698566379
2.169167803547067 0.08828025532289224
2.1737153251477945 0.08785424078099328
2.178262846748522 0.08742939633852598
2.1828103683492497 0.08700572492418562
2.1873578899499773 0.0865832294169256
2.191905411550705 0.08616191264608347
2.1964529331514324 0.0857417773915059
2.20100045475216 0.08532282638367826
2.2055479763528876 0.08490506230385456
2.210095497953615 0.08448848778418963
2.214643019554343 0.08407310540787309
2.2191905411550708 0.08365891770926516
2.2237380627557983 0.08324592717403452
2.228285584356526 0.08283413623929727
2.2328331059572535 0.08242354729375852
2.237380627557981 0.0820141626778551
2.2419281491587086 0.08160598468390025
2.246475670759436 0.08119901555622994
2.251023192360164 0.08079325749135095
2.2555707139608914 0.08038871263809069
2.260118235561619 0.07998538309774862
2.2646657571623465 0.07958327092424898
2.269213278763074 0.0791823781242957
2.2737608003638017 0.07878270665752911
2.2783083219645293 0.07838425843668267
2.282855843565257 0.07798703532774379
2.2874033651659844 0.07759103915011364
2.2919508867667124 0.07719627167677041
2.29649840836744 0.07680273463443331
2.3010459299681676 0.07641042970372769
2.305593451568895 0.07601935851935268
2.3101409731696227 0.07562952267024912
2.3146884947703503 0.0752409236997702
2.319236016371078 0.07485356310585192
2.3237835379718055 0.07446744234118707
2.328331059572533 0.07408256281339846
2.3328785811732606 0.07369892588521502
2.337426102773988 0.07331653287464863
2.341973624374716 0.07293538505517232
2.3465211459754434 0.07255548365590007
2.351068667576171 0.07217682986176763
2.3556161891768985 0.07179942481371482
2.360163710777626 0.0714232696088687
2.3647112323783537 0.07104836530072894
2.3692587539790817 0.07067471289935326
2.3738062755798093 0.07030231337154501
2.378353797180537 0.06993116764104096
2.3829013187812644 0.06956127658870176
2.387448840381992 0.06919264105270208
2.3919963619827196 0.06882526182872259
2.396543883583447 0.06845913967014346
2.4010914051841747 0.06809427528823765
2.4056389267849023 0.06773066935236706
2.41018644838563 0.06736832249017816
2.4147339699863575 0.06700723528779995
2.419281491587085 0.06664740829004177
2.4238290131878126 0.06628884200059325
2.42837653478854 0.06593153688222458
2.432924056389268 0.0655754933569878
2.4374715779899954 0.06522071180641979
2.442019099590723 0.0648671925717446
2.446566621191451 0.06451493595407891
2.4511141427921785 0.06416394221463655
2.455661664392906 0.06381421157493475
2.4602091859936337 0.06346574421700146
2.4647567075943613 0.06311854028358262
2.469304229195089 0.06277259987835163
2.4738517507958164 0.062427923066118385
2.478399272396544 0.06208450987303995
2.4829467939972716 0.06174236028683146
2.487494315597999 0.06140147425697843
2.4920418371987267 0.061061851694949175
2.4965893587994543 0.06072349247440829
2.501136880400182 0.060386396431431295
2.5056844020009095 0.0600505633647189
2.510231923601637 0.059715993035813285
2.5147794452023646 0.059382685169313554
2.519326966803092 0.05905063945309378
2.5238744884038202 0.058719855538519494
2.528422010004548 0.05839033304066666
2.5329695316052754 0.05806207153854027
2.537517053206003 0.0577350705752937
2.5420645748067305 0.057409329658448874
2.546612096407458 0.057084848260116845
2.5511596180081857 0.056761625817218546
2.5557071396089133 0.05643966173170702
2.560254661209641 0.056118955370789175
2.5648021828103684 0.055799506067148535
2.569349704411096 0.05548131311916838
2.5738972260118236 0.05516437579115542
2.578444747612551 0.05484869331356366
2.5829922692132787 0.05453426488321915
2.5875397908140063 0.054221089663544525
2.592087312414734 0.05390916678478469
2.5966348340154615 0.05359849534423227
2.6011823556161895 0.05328907440645336
2.605729877216917 0.052980903003514754
2.6102773988176446 0.05267398013520969
2.6148249204183722 0.05236830476928563
2.6193724420191 0.05206387584167125
2.6239199636198274 0.05176069225670411
2.628467485220555 0.0514587528873588
2.6330150068212825 0.051158056575474724
2.63756252842201 0.05085860213198494
2.6421100500227377 0.05056038833714457
2.6466575716234653 0.05026341394075953
2.651205093224193 0.04996767766241578
2.6557526148249204 0.04967317819170867
2.660300136425648 0.049379914188471985
2.6648476580263756 0.04908788428300782
2.669395179627103 0.04879708707631604
2.6739427012278307 0.04850752114032432
2.6784902228285588 0.04821918501811779
2.6830377444292863 0.047932077224169416
2.687585266030014 0.04764619624456961
2.6921327876307415 0.04736154053725685
2.696680309231469 0.04707810853224761
2.7012278308321966 0.04679589863186666
2.705775352432924 0.04651490921097743
2.710322874033652 0.046235138617212124
2.7148703956343794 0.04595658517120212
2.719417917235107 0.04567924716680814
2.7239654388358345 0.04540312287135045
2.728512960436562 0.04512821052583914
2.7330604820372897 0.04485450834520406
2.7376080036380173 0.04458201451852488
2.742155525238745 0.04431072720926119
2.7467030468394724 0.04404064455548224
2.7512505684402 0.043771764670096476
2.755798090040928 0.04350408564108131
2.7603456116416556 0.0432376055317128
2.764893133242383 0.042972322380794375
2.7694406548431107 0.04270823420288643
2.7739881764438383 0.04244533898853517
2.778535698044566 0.04218363470450118
2.7830832196452935 0.04192311929398818
2.787630741246021 0.04166379067687128
2.7921782628467486 0.04140564674992509
2.796725784447476 0.0411486853870515
2.801273306048204 0.0408929044395073
2.8058208276489314 0.040638301736131636
2.810368349249659 0.04038487508357291
2.8149158708503865 0.04013262226651551
2.819463392451114 0.03988154104790647
2.8240109140518417 0.03963162916918135
2.8285584356525693 0.03938288435049012
2.8331059572532973 0.039135304290922796
2.837653478854025 0.038888886668734295
2.8422010004547524 0.03864362914156941
2.84674852205548 0.03839952934668697
2.8512960436562076 0.03815658490118403
2.855843565256935 0.0379147934022193
2.8603910868576627 0.03767415242723651
2.8649386084583903 0.03743465953418704
2.869486130059118 0.03719631226175215
2.8740336516598455 0.03695910812956529
2.878581173260573 0.03672304463843307
2.8831286948613006 0.0364881192705565
2.887676216462028 0.036254329489751484
2.892223738062756 0.03602167274166879
2.8967712596634834 0.03579014645401362
2.901318781264211 0.03555974803676455
2.9058663028649385 0.03533047488239223
2.9104138244656665 0.035102324366077214
2.914961346066394 0.0348752938459275
2.9195088676671217 0.03464938066319541
2.9240563892678493 0.03442458214249391
2.928603910868577 0.03420089559201258
2.9331514324693044 0.0339783183037326
2.937698954070032 0.033756847553641514
2.9422464756707596 0.033536480601947354
2.946793997271487 0.033317214693292
2.9513415188722147 0.03309904705696396
2.9558890404729423 0.03288197490711073
2.96043656207367 0.032665995442950256
2.9649840836743975 0.03245110584898206
2.969531605275125 0.032237303295197306
2.9740791268758526 0.03202458493728865
2.97862664847658 0.03181294791685917
2.983174170077308 0.03160238936163063
2.9877216916780354 0.031392906385651204
2.9922692132787634 0.031184496089502318
2.996816734879491 0.030977155560505013
3.0013642564802185 0.03077088187292537
3.005911778080946 0.03056567208817944
3.0104592996816737 0.03036152325503726
3.0150068212824013 0.030158432409826307
3.019554342883129 0.029956396576634008
3.0241018644838564 0.02975541276750987
3.028649386084584 0.029555477982666268
3.0331969076853116 0.02935658921067917
3.037744429286039 0.029158743428687493
3.0422919508867667 0.028961937602592015
3.0468394724874943 0.028766168687253464
3.051386994088222 0.0285714336266897
3.0559345156889495 0.02837772935427219
3.060482037289677 0.028185052792921626
3.0650295588904046 0.02799340085530278
3.0695770804911326 0.02780277044401858
3.0741246020918602 0.02761315845180316
3.078672123692588 0.027424561761714296
3.0832196452933154 0.027236977247324844
3.087767166894043 0.02705040177291352
3.0923146884947705 0.026864832193654566
3.096862210095498 0.02668026535580672
3.1014097316962257 0.026496698096901312
3.1059572532969533 0.026314127245929495
3.110504774897681 0.026132549623528466
3.1150522964984084 0.0259519620421669
3.119599818099136 0.025772361306329573
3.1241473396998636 0.025593744212700824
3.128694861300591 0.02541610755034743
3.1332423829013187 0.02523944810090029
3.1377899045020463 0.02506376263873534
3.142337426102774 0.024889047931153537
3.146884947703502 0.024715300738559758
3.1514324693042295 0.024542517814641035
3.155979990904957 0.02437069590654355
3.1605275125056846 0.024199831755048872
3.165075034106412 0.024029922094749134
3.16962255570714 0.02386096365422132
3.1741700773078674 0.02369295315620048
3.178717598908595 0.023525887317752132
3.1832651205093225 0.023359762850443427
3.18781264211005 0.023194576460513563
3.1923601637107777 0.023030324849043143
3.1969076853115053 0.022867004712122423
3.201455206912233 0.022704612741018596
3.2060027285129604 0.0225431456223422
3.210550250113688 0.022382600038212325
3.2150977717144156 0.022222972666420784
3.219645293315143 0.022064260180595447
3.224192814915871 0.02190645925036236
3.2287403365165988 0.021749566541506875
3.2332878581173263 0.02159357871613366
3.237835379718054 0.02143849243282575
3.2423829013187815 0.02128430434680249
3.246930422919509 0.021131011110076398
3.2514779445202366 0.02097860937160891
3.256025466120964 0.020827095777465138
3.260572987721692 0.02067646697096739
3.2651205093224194 0.020526719592847745
3.269668030923147 0.020377850281399424
3.2742155525238745 0.020229855672627035
3.278763074124602 0.02008273240039576
3.2833105957253297 0.019936477096579364
3.2878581173260573 0.019791086391207142
3.292405638926785 0.01964655691260959
3.2969531605275124 0.01950288528756302
3.3015006821282404 0.019360068141433012
3.306048203728968 0.019218102098316692
3.3105957253296956 0.019076983781183814
3.315143246930423 0.01893670981201666
3.3196907685311507 0.01879727681194881
3.3242382901318783 0.018658681401402567
3.328785811732606 0.01852092020022542
3.3333333333333335 0.018383989827825048
3.337880854934061 0.01824788690330318
3.3424283765347886 0.01811260804558837
3.346975898135516 0.017978149873567224
3.351523419736244 0.017844509006214735
3.3560709413369714 0.01771168206272307
3.360618462937699 0.0175796656626292
3.3651659845384265 0.017448456425941335
3.369713506139154 0.01731805097326388
3.3742610277398817 0.01718844592592129
3.3788085493406097 0.017059637906080467
3.3833560709413373 0.016931623536871988
3.387903592542065 0.016804399442509776
3.3924511141427924 0.01667796224840973
3.39699863574352 0.016552308581306806
3.4015461573442476 0.016427435069370677
3.406093678944975 0.016303338342320298
3.4106412005457027 0.016180015031536855
3.4151887221464303 0.01605746177017537
3.419736243747158 0.015935675193274934
3.4242837653478855 0.015814651937867543
3.428831286948613 0.01569438864308545
3.4333788085493406 0.015574881950267147
3.437926330150068 0.015456128503061774
3.442473851750796 0.015338124947532271
3.4470213733515234 0.015220867932256786
3.451568894952251 0.015104354108428869
3.456116416552979 0.014988580129955952
3.4606639381537065 0.01487354265355645
3.465211459754434 0.01475923833885525
3.4697589813551617 0.014645663848477737
3.4743065029558893 0.01453281584814217
3.478854024556617 0.014420691006750565
3.4834015461573444 0.01430928599647811
3.487949067758072 0.014198597492860666
3.4924965893587996 0.01408862217488093
3.497044110959527 0.013979356725053006
3.5015916325602547 0.01387079782950512
3.5061391541609823 0.013762942178060893
3.51068667576171 0.01365578646431881
3.5152341973624375 0.013549327385730149
3.519781718963165 0.013443561643675108
3.5243292405638926 0.01333848594353734
3.52887676216462 0.013234096994776649
3.5334242837653482 0.013130391511000006
3.537971805366076 0.013027366210031024
3.5425193269668034 0.012925017813977226
3.547066848567531 0.012823343049296073
3.5516143701682585 0.012722338646858788
3.556161891768986 0.012622001342012648
3.5607094133697137 0.012522327874641397
3.5652569349704413 0.012423314989223744
3.569804456571169 0.012324959434890257
3.5743519781718964 0.012227257965478147
3.578899499772624 0.012130207339584404
3.5834470213733516 0.012033804320617037
3.587994542974079 0.011938045676844351
3.5925420645748067 0.011842928181442414
3.5970895861755343 0.011748448612540657
3.601637107776262 0.011654603753265526
3.6061846293769895 0.011561390391782198
3.6107321509777175 0.011468805321334478
3.615279672578445 0.011376845340282722
3.6198271941791726 0.011285507252139775
3.6243747157799002 0.011194787865605058
3.628922237380628 0.011104683994596715
3.6334697589813554 0.011015192458281744
3.638017280582083 0.010926310081104257
3.6425648021828105 0.010838033692811732
3.647112323783538 0.010750360128479386
3.6516598453842657 0.010663286228532513
3.6562073669849933 0.010576808838766959
3.660754888585721 0.010490924810367588
3.6653024101864484 0.010405630999924852
3.669849931787176 0.010320924269449359
3.6743974533879036 0.010236801486384567
3.678944974988631 0.0101532595236176
3.6834924965893587 0.010070295259487971
3.6880400181900868 0.009987905577794609
3.6925875397908143 0.009906087367800857
3.697135061391542 0.009824837524237654
3.7016825829922695 0.009744152947304786
3.706230104592997 0.009664030542670385
3.7107776261937246 0.009584467221468532
3.715325147794452 0.009505459900295039
3.71987266939518 0.009427005501201532
3.7244201909959074 0.00934910095168767
3.728967712596635 0.00927174318469171
3.7335152341973625 0.009194929138579274
3.73806275579809 0.0091186557571306
3.7426102773988177 0.009042919989525968
3.7471577989995453 0.008967718790329659
3.751705320600273 0.00889304911947226
3.7562528422010004 0.008818907942231488
3.760800363801728 0.00874529222921156
3.765347885402456 0.008672198956321025
3.7698954070031836 0.00859962510474933
3.774442928603911 0.008527567660941914
3.7789904502046388 0.00845602361657415
3.7835379718053663 0.00838498996852397
3.788085493406094 0.008314463718843344
3.7926330150068215 0.00824444187472867
3.797180536607549 0.008174921448490084
3.8017280582082766 0.00810589945751983
3.806275579809004 0.008037372924259736
3.810823101409732 0.007969338876167811
3.8153706230104594 0.007901794345684129
3.819918144611187 0.007834736370196044
3.8244656662119145 0.0077681619920027985
3.829013187812642 0.007702068258279658
3.8335607094133697 0.007636452221041602
3.8381082310140973 0.007571310937106718
3.8426557526148253 0.007506641468059365
3.847203274215553 0.007442440880213302
3.8517507958162804 0.007378706244574594
3.856298317417008 0.007315434636804815
3.8608458390177356 0.007252623137184426
3.865393360618463 0.00719026883057627
3.8699408822191907 0.0071283688063898155
3.8744884038199183 0.00706692015854562
3.879035925420646 0.007005919985440725
3.8835834470213735 0.006945365389914715
3.888130968622101 0.006885253479216729
3.8926784902228286 0.006825581364973556
3.897226011823556 0.006766346163158895
3.901773533424284 0.0067075449940640205
3.9063210550250114 0.006649174982269807
3.910868576625739 0.006591233256620505
3.9154160982264665 0.006533716950199198
3.9199636198271945 0.006476623200305216
3.924511141427922 0.0064199491484336745
3.9290586630286497 0.006363691940257088
3.9336061846293773 0.006307848725609578
3.938153706230105 0.0062524166584734826
3.9427012278308324 0.0061973928969687704
3.94724874943156 0.00614277460334525
3.9517962710322876 0.0060885589439779245
3.956343792633015 0.0060347430893655084
3.9608913142337427 0.005981324214132332
3.9654388358344703 0.0059282994970338435
3.969986357435198 0.005875666120965837
3.9745338790359255 0.005823421272977589
3.979081400636653 0.005771562144289115
3.9836289222373806 0.005720085930312659
3.988176443838108 0.0056689898306787265
3.992723965438836 0.005618271049266613
3.997271487039564 0.00556792679423989
4.001819008640291 0.005517954278086836
4.006366530241019 0.005468350717666001
4.0109140518417465 0.005419113334257224
4.015461573442474 0.005370239353618126
4.020009095043202 0.005321726006046376
4.024556616643929 0.005273570526447829
4.029104138244657 0.005225770154410772
4.033651659845384 0.005178322134286417
4.038199181446112 0.005131223715275864
4.04274670304684 0.005084472151523633
4.047294224647567 0.005038064702218032
4.051841746248295 0.004991998631698453
4.056389267849022 0.004946271209569788
4.06093678944975 0.0049008797108241525
4.0654843110504775 0.004855821415970062
4.070031832651205 0.004811093611169181
4.074579354251933 0.004766693588380875
4.07912687585266 0.004722618645514646
4.083674397453388 0.004678866086590596
4.088221919054115 0.004635433221908157
4.092769440654843 0.0045923173682230695
4.0973169622555705 0.004549515848932837
4.101864483856298 0.004507025994270761
4.106412005457026 0.0044648451415086575
4.110959527057753 0.0044229706351683615
4.115507048658482 0.0043813998272421205
4.120054570259209 0.004340130077421998
4.124602091859937 0.004299158753338273
4.1291496134606644 0.0042584832308070735
4.133697135061392 0.004218100894087122
4.13824465666212 0.004178009136145798
4.142792178262847 0.004138205358934459
4.147339699863575 0.004098686973673119
4.151887221464302 0.004059451401144451
4.15643474306503 0.0040204960719971705
4.1609822646657575 0.003981818427058744
4.165529786266485 0.003943415917657458
4.170077307867213 0.0039052860059537614
4.17462482946794 0.0038674261652808855
4.179172351068668 0.003829833880494633
4.183719872669395 0.0037925066483323016
4.188267394270123 0.0037554419777806026
4.1928149158708505 0.0037186373904525174
4.197362437471578 0.003682090420972885
4.201909959072306 0.003645798617372684
4.206457480673033 0.0036097595414917266
4.211005002273761 0.0035739707693896597
4.215552523874488 0.0035384298917650577
4.220100045475216 0.0035031345143823347
4.224647567075944 0.0034680822585062983
4.229195088676671 0.0034332707613440373
4.233742610277399 0.0033986976764938614
4.238290131878126 0.0033643606744010036
4.242837653478854 0.003330257442819725
4.2473851750795815 0.0032963856872815097
4.251932696680309 0.003262743131568932
4.256480218281037 0.0032293275181948296
4.261027739881764 0.0031961366088863476
4.265575261482492 0.0031631681850734263
4.27012278308322 0.0031304200483812483
4.274670304683948 0.0030978900211262074
4.279217826284675 0.0030655759468147994
4.283765347885403 0.0030334756906450246
4.2883128694861306 0.003001587140009676
4.292860391086858 0.0029699082050009895
4.297407912687586 0.0029384368189160183
4.301955434288313 0.002907170938762227
4.306502955889041 0.0028761085457625827
4.311050477489768 0.002845247645859604
4.315597999090496 0.002814586270217662
4.320145520691224 0.0027841224757229307
4.324693042291951 0.0027538543454802993
4.329240563892679 0.0027237799893065854
4.333788085493406 0.0026938975442193968
4.338335607094134 0.0026642051749209434
4.3428831286948615 0.002634701074276181
4.347430650295589 0.0026053834637845543
4.351978171896317 0.002576250594044778
4.356525693497044 0.0025473007452119097
4.361073215097772 0.0025185322274461947
4.365620736698499 0.0024899433813529858
4.370168258299227 0.002461532578413219
4.3747157798999545 0.0024332982214038627
4.379263301500682 0.0024052387448078054
4.38381082310141 0.002377352615212718
4.388358344702137 0.002349638331698426
4.392905866302865 0.002322094426212386
4.397453387903592 0.0022947194639329187
4.40200090950432 0.0022675120436198887
4.406548431105048 0.0022404707979525778
4.411095952705775 0.0022135943938545776
4.415643474306503 0.0021868815328055795
4.42019099590723 0.00216033095113999
4.424738517507959 0.0021339414203324207
4.429286039108686 0.0021077117472701463
4.433833560709414 0.002081640774512636
4.4383810823101415 0.0020557273805385276
4.442928603910869 0.002029970479980302
4.447476125511597 0.002004369023847069
4.452023647112324 0.001978921999736037
4.456571168713052 0.001953628432033186
4.461118690313779 0.0019284873821038648
4.465666211914507 0.0019034979484740494
4.4702137335152345 0.0018786592670030967
4.474761255115962 0.0018539705110489388
4.47930877671669 0.001829430891626668
4.483856298317417 0.0018050396575616074
4.488403819918145 0.0017807960956379774
4.492951341518872 0.0017566995307443272
4.4974988631196 0.0017327493260169918
4.502046384720328 0.0017089448829827993
4.506593906321055 0.0016852856417023726
4.511141427921783 0.0016617710809153055
4.51568894952251 0.0016384007181885496
4.520236471123238 0.0016151741100693194
4.5247839927239655 0.0015920908522438174
4.529331514324693 0.0015691505797030029
4.533879035925421 0.0015463529669166364
4.538426557526148 0.0015236977280166711
4.542974079126876 0.0015011846169910809
4.547521600727603 0.0014788134278889752
4.552069122328331 0.0014565839950378468
4.5566166439290585 0.0014344961932735276
4.561164165529786 0.0014125499381833521
4.565711687130514 0.001390745186362759
4.570259208731241 0.0013690819356853845
4.574806730331969 0.0013475602255864465
4.579354251932697 0.0013261801373589512
4.583901773533425 0.001304941794461997
4.5884492951341525 0.0012838453628400749
4.59299681673488 0.001262891051252059
4.597544338335608 0.001242079111608119
4.602091859936335 0.0012214098393124905
4.606639381537063 0.0012008835736096418
4.61118690313779 0.0011805006979309883
4.615734424738518 0.0011602616402389017
4.6202819463392455 0.001140166873364333
4.624829467939973 0.001120216915333974
4.629376989540701 0.0011004123296824142
4.633924511141428 0.0010807537257443566
4.638472032742156 0.0010612417589215167
4.643019554342883 0.0010418771309183975
4.647567075943611 0.001022660589940716
4.6521145975443385 0.0010035929308498976
4.656662119145066 0.0009846749952666012
4.661209640745794 0.0009659076716159357
4.665757162346521 0.0009472918951066696
4.670304683947249 0.0009288286476364153
4.674852205547976 0.0009105189576145252
4.679399727148704 0.0008923638996941863
4.683947248749432 0.0008743645944050139
4.688494770350159 0.000856522207677328
4.693042291950887 0.0008388379502491731
4.697589813551614 0.00082131307694716
4.702137335152342 0.0008039488858322071
4.7066848567530695 0.0007867467172013931
4.711232378353797 0.0007697079524372706
4.715779899954525 0.000752834012696281
4.720327421555252 0.0007361263574281855
4.72487494315598 0.0007195864827188748
4.729422464756707 0.0007032159194493702
4.733969986357435 0.0006870162312644112
4.738517507958163 0.0006709890123446704
4.743065029558891 0.0006551358849773946
4.7476125511596186 0.0006394584969210102
4.752160072760346 0.0006239585185602627
4.756707594361074 0.0006086376398493134
4.761255115961801 0.0005934975670413505
4.765802637562529 0.0005785400192043841
4.770350159163256 0.0005637667245240967
4.774897680763984 0.0005491794163958944
4.779445202364712 0.0005347798293096295
4.783992723965439 0.0005205696945318468
4.788540245566167 0.0005065507355918309
4.793087767166894 0.0004927246635791852
4.797635288767622 0.0004790931722621719
4.8021828103683495 0.0004656579330375358
4.806730331969077 0.0004524205897240438
4.811277853569805 0.0004393827532134873
4.815825375170532 0.0004265459959943622
4.82037289677126 0.0004139118465649163
4.824920418371987 0.0004014817837536591
4.829467939972715 0.00038925723096679084
4.8340154615734425 0.0003772395503833019
4.83856298317417 0.0003654300371197008
4.843110504774898 0.00035382991338745736
4.847658026375625 0.000342440322667246
4.852205547976353 0.0003312623239249768
4.85675306957708 0.00032029688589536675
4.861300591177808 0.00030954488145941444
4.865848112778536 0.00029900708214263086
4.870395634379263 0.00028868415276117
4.874943155979991 0.00027857664624316054
4.879490677580718 0.0002686849986524939
4.884038199181446 0.00025900952444211673
4.8885857207821735 0.0002495504119634664
4.893133242382902 0.00024030771925810098
4.8976807639836295 0.00023128137015680084
4.902228285584357 0.0002224711507104145
4.906775807185085 0.00021387670597562344
4.911323328785812 0.0002054975371773899
4.91587085038654 0.00019733299926837875
4.920418371987267 0.00018938229890392167
4.924965893587995 0.00018164449284925765
4.9295134151887225 0.00017411848683375938
4.93406093678945 0.00016680303486471968
4.938608458390178 0.00015969673901099722
4.943155979990905 0.00015279804966443524
4.947703501591633 0.00014610526628449695
4.95225102319236 0.00013961653862900448
4.956798544793088 0.00013332986847126193
4.961346066393816 0.00012724311180119602
4.965893587994543 0.00012135398150548045
4.970441109595271 0.00011566005051895535
4.974988631195998 0.00011015875543700878
4.979536152796726 0.0001048474005760003
4.9840836743974535 9.972316246627885e-05
4.988631195998181 9.478309475990589e-05
4.993178717598909 9.002413353286428e-05
4.997726239199636 8.544310295931902e-05
5.002273760800364 8.103672133343588e-05
