-5.002273760800364 1.0450461955644243e-09
-4.997726239199636 1.1094639560641577e-09
-4.993178717598909 1.1771307894027984e-09
-4.988631195998181 1.2481700313277965e-09
-4.9840836743974535 1.3227080585925085e-09
-4.979536152796726 1.4008743439367205e-09
-4.974988631195998 1.4828015155898647e-09
-4.970441109595271 1.568625421607541e-09
-4.965893587994543 1.6584851993448285e-09
-4.961346066393816 1.752523350361432e-09
-4.956798544793088 1.8508858210440661e-09
-4.95225102319236 1.9537220892207584e-09
-4.947703501591633 2.0611852570300096e-09
-4.943155979990905 2.1734321502952008e-09
-4.938608458390178 2.290623424641273e-09
-4.93406093678945 2.4129236785768e-09
-4.9295134151887225 2.5405015737502006e-09
-4.924965893587995 2.673529962574035e-09
-4.920418371987267 2.812186023396525e-09
-4.91587085038654 2.9566514033843906e-09
-4.911323328785812 3.1071123692662243e-09
-4.906775807185085 3.2637599660710277e-09
-4.902228285584357 3.426790183982167e-09
-4.8976807639836295 3.5964041334132054e-09
-4.893133242382902 3.772808228398852e-09
-4.8885857207821735 3.956214378381787e-09
-4.884038199181446 4.1468401884641725e-09
-4.879490677580718 4.344909168182579e-09
-4.874943155979991 4.550650948854087e-09
-4.870395634379263 4.764301509533811e-09
-4.865848112778536 4.986103411615713e-09
-4.861300591177808 5.2163060421025545e-09
-4.85675306957708 5.4551658655655545e-09
-4.852205547976353 5.702946684810514e-09
-4.847658026375625 5.959919910264475e-09
-4.843110504774898 6.226364838096013e-09
-4.83856298317417 6.502568937081987e-09
-4.8340154615734425 6.788828144235204e-09
-4.829467939972715 7.0854471692100435e-09
-4.824920418371987 7.392739807507131e-09
-4.82037289677126 7.71102926250324e-09
-4.815825375170532 8.040648476339214e-09
-4.811277853569805 8.38194046970625e-09
-4.806730331969077 8.735258690579414e-09
-4.8021828103683495 9.100967371957485e-09
-4.797635288767622 9.479441898678702e-09
-4.793087767166894 9.871069183393668e-09
-4.788540245566167 1.027624805178966e-08
-4.783992723965439 1.0695389637173805e-08
-4.779445202364712 1.1128917784536626e-08
-4.774897680763984 1.1577269464232642e-08
-4.770350159163256 1.2040895195429958e-08
-4.765802637562529 1.2520259479496706e-08
-4.761255115961801 1.3015841243508878e-08
-4.756707594361074 1.3528134294080625e-08
-4.752160072760346 1.4057647781735506e-08
-4.7476125511596186 1.4604906676054409e-08
-4.743065029558891 1.5170452251853578e-08
-4.738517507958163 1.5754842586663947e-08
-4.733969986357435 1.6358653069800722e-08
-4.729422464756707 1.6982476923329608e-08
-4.72487494315598 1.762692573525589e-08
-4.720327421555252 1.829263000527685e-08
-4.715779899954525 1.89802397034591e-08
-4.711232378353797 1.9690424842218272e-08
-4.7066848567530695 2.042387606199605e-08
-4.702137335152342 2.1181305231047127e-08
-4.697589813551614 2.196344605976534e-08
-4.693042291950887 2.27710547299951e-08
-4.688494770350159 2.3604910539790933e-08
-4.683947248749432 2.446581656410347e-08
-4.679399727148704 2.53546003318876e-08
-4.674852205547976 2.6272114520142454e-08
-4.670304683947249 2.7219237665410048e-08
-4.665757162346521 2.819687489327287e-08
-4.661209640745794 2.9205958666407555e-08
-4.656662119145066 3.0247449551764713e-08
-4.6521145975443385 3.132233700746045e-08
-4.647567075943611 3.2431640189978915e-08
-4.643019554342883 3.3576408782299606e-08
-4.638472032742156 3.475772384357677e-08
-4.633924511141428 3.597669868101179e-08
-4.629376989540701 3.7234479744573365e-08
-4.624829467939973 3.853224754523387e-08
-4.6202819463392455 3.98712175974028e-08
-4.615734424738518 4.125264138625306e-08
-4.61118690313779 4.2677807360647685e-08
-4.606639381537063 4.4148041952388833e-08
-4.602091859936335 4.5664710622524223e-08
-4.597544338335608 4.7229218935459325e-08
-4.59299681673488 4.884301366163758e-08
-4.5884492951341525 5.050758390956423e-08
-4.583901773533425 5.222446228796442e-08
-4.579354251932697 5.399522609887787e-08
-4.574806730331969 5.582149856251063e-08
-4.570259208731241 5.770495007467346e-08
-4.565711687130514 5.96472994976605e-08
-4.561164165529786 6.165031548542416e-08
-4.5566166439290585 6.371581784393061e-08
-4.552069122328331 6.584567892758813e-08
-4.547521600727603 6.804182507266025e-08
-4.542974079126876 7.030623806859172e-08
-4.538426557526148 7.264095666819273e-08
-4.533879035925421 7.504807813764443e-08
-4.529331514324693 7.75297598473079e-08
-4.5247839927239655 8.008822090433633e-08
-4.520236471123238 8.272574382811105e-08
-4.51568894952251 8.544467626954049e-08
-4.511141427921783 8.824743277528276e-08
-4.506593906321055 9.113649659797387e-08
-4.502046384720328 9.411442155356434e-08
-4.4974988631196 9.718383392688926e-08
-4.492951341518872 1.0034743442662272e-07
-4.488403819918145 1.0360800019078637e-07
-4.483856298317417 1.0696838684401148e-07
-4.47930877671669 1.1043153060777319e-07
-4.474761255115962 1.140004504648482e-07
-4.4702137335152345 1.1767825037926612e-07
-4.465666211914507 1.2146812157305816e-07
-4.461118690313779 1.2537334486112996e-07
-4.456571168713052 1.293972930456165e-07
-4.452023647112324 1.3354343337110644e-07
-4.447476125511597 1.3781533004214873e-07
-4.442928603910869 1.4221664680449333e-07
-4.4383810823101415 1.46751149591538e-07
-4.433833560709414 1.51422709237498e-07
-4.429286039108686 1.5623530425883597e-07
-4.424738517507959 1.6119302370553033e-07
-4.42019099590723 1.663000700837957e-07
-4.415643474306503 1.7156076235189192e-07
-4.411095952705775 1.7697953899071907e-07
-4.406548431105048 1.82560961150896e-07
-4.40200090950432 1.8830971587809332e-07
-4.397453387903592 1.9423061941840477e-07
-4.392905866302865 2.003286206055933e-07
-4.388358344702137 2.0660880433207638e-07
-4.38381082310141 2.1307639510557035e-07
-4.379263301500682 2.197367606933359e-07
-4.3747157798999545 2.2659541585602594e-07
-4.370168258299227 2.3365802617316691e-07
-4.365620736698499 2.409304119623558e-07
-4.361073215097772 2.484185522942936e-07
-4.356525693497044 2.561285891058245e-07
-4.351978171896317 2.640668314131965e-07
-4.347430650295589 2.7223975962779714e-07
-4.3428831286948615 2.806540299766801e-07
-4.338335607094134 2.8931647903023086e-07
-4.333788085493406 2.9823412833937956e-07
-4.329240563892679 3.0741418918481224e-07
-4.324693042291951 3.168640674406905e-07
-4.320145520691224 3.265913685554262e-07
-4.315597999090496 3.3660390265212723e-07
-4.311050477489768 3.4690968975137615e-07
-4.306502955889041 3.575169651190472e-07
-4.301955434288313 3.68434184741947e-07
-4.297407912687586 3.796700309340917e-07
-4.292860391086858 3.9123341807651275e-07
-4.2883128694861306 4.031334984935274e-07
-4.283765347885403 4.15379668468477e-07
-4.279217826284675 4.2798157440198986e-07
-4.274670304683948 4.4094911911589033e-07
-4.27012278308322 4.5429246830593547e-07
-4.265575261482492 4.680220571466258e-07
-4.261027739881764 4.821485970513843e-07
-4.256480218281037 4.966830825915155e-07
-4.251932696680309 5.116367985773296e-07
-4.2473851750795815 5.270213273049766e-07
-4.242837653478854 5.428485559725536e-07
-4.238290131878126 5.591306842691233e-07
-4.233742610277399 5.758802321403605e-07
-4.229195088676671 5.931100477346116e-07
-4.224647567075944 6.108333155332238e-07
-4.220100045475216 6.290635646690708e-07
-4.215552523874488 6.478146774372847e-07
-4.211005002273761 6.671008980022738e-07
-4.206457480673033 6.869368413051861e-07
-4.201909959072306 7.073375021760484e-07
-4.197362437471578 7.283182646549091e-07
-4.1928149158708505 7.49894911526372e-07
-4.188267394270123 7.720836340720072e-07
-4.183719872669395 7.949010420451971e-07
-4.179172351068668 8.183641738730721e-07
-4.17462482946794 8.424905070902549e-07
-4.170077307867213 8.672979690092614e-07
-4.165529786266485 8.928049476324347e-07
-4.1609822646657575 9.19030302810447e-07
-4.15643474306503 9.459933776524229e-07
-4.151887221464302 9.737140101929068e-07
-4.147339699863575 1.0022125453209213e-06
-4.142792178262847 1.0315098469765165e-06
-4.13824465666212 1.0616273106202542e-06
-4.133697135061392 1.0925868759812242e-06
-4.1291496134606644 1.124411040089239e-06
-4.124602091859937 1.1571228705969957e-06
-4.120054570259209 1.1907460193980666e-06
-4.115507048658482 1.2253047365467038e-06
-4.110959527057753 1.2608238844855423e-06
-4.106412005457026 1.2973289525873621e-06
-4.101864483856298 1.3348460720173006e-06
-4.0973169622555705 1.3734020309217978e-06
-4.092769440654843 1.413024289950898e-06
-4.088221919054115 1.453740998120498e-06
-4.083674397453388 1.4955810090213136e-06
-4.07912687585266 1.538573897381412e-06
-4.074579354251933 1.5827499759893277e-06
-4.070031832651205 1.628140312984827e-06
-4.0654843110504775 1.6747767495245972e-06
-4.06093678944975 1.7226919178301747e-06
-4.056389267849022 1.7719192596256033e-06
-4.051841746248295 1.8224930449724384e-06
-4.047294224647567 1.874448391509801e-06
-4.04274670304684 1.927821284107369e-06
-4.038199181446112 1.9826485949392873e-06
-4.033651659845384 2.038968103987129e-06
-4.029104138244657 2.096818519980152e-06
-4.024556616643929 2.1562395017813005e-06
-4.020009095043202 2.2172716802274e-06
-4.015461573442474 2.279956680432332e-06
-4.0109140518417465 2.3443371445619185e-06
-4.006366530241019 2.4104567550895195e-06
-4.001819008640291 2.478360258541465e-06
-3.997271487039564 2.5480934897415572e-06
-3.992723965438836 2.61970339656404e-06
-3.988176443838108 2.693238065204603e-06
-3.9836289222373806 2.768746745979187e-06
-3.979081400636653 2.8462798796603402e-06
-3.9745338790359255 2.9258891243612415e-06
-3.969986357435198 3.007627382977529e-06
-3.9654388358344703 3.091548831197293e-06
-3.9608913142337427 3.1777089460897136e-06
-3.956343792633015 3.2661645352830267e-06
-3.9517962710322876 3.3569737667426295e-06
-3.94724874943156 3.45019619916037e-06
-3.9427012278308324 3.545892812966107e-06
-3.938153706230105 3.6441260419729684e-06
-3.9336061846293773 3.744959805667765e-06
-3.9290586630286497 3.848459542158243e-06
-3.924511141427922 3.954692241789092e-06
-3.9199636198271945 4.063726481438701e-06
-3.9154160982264665 4.175632459508876e-06
-3.910868576625739 4.290482031619973e-06
-3.9063210550250114 4.408348747024026e-06
-3.901773533424284 4.529307885748607e-06
-3.897226011823556 4.653436496484397e-06
-3.8926784902228286 4.780813435229653e-06
-3.888130968622101 4.911519404704883e-06
-3.8835834470213735 5.045636994551271e-06
-3.879035925420646 5.183250722326596e-06
-3.8744884038199183 5.324447075312571e-06
-3.8699408822191907 5.4693145531477345e-06
-3.865393360618463 5.6179437113002045e-06
-3.8608458390177356 5.770427205394869e-06
-3.856298317417008 5.926859836409717e-06
-3.8517507958162804 6.087338596756242e-06
-3.847203274215553 6.251962717259126e-06
-3.8426557526148253 6.420833715050522e-06
-3.8381082310140973 6.594055442394483e-06
-3.8335607094133697 6.771734136457354e-06
-3.829013187812642 6.953978470040229e-06
-3.8244656662119145 7.140899603289476e-06
-3.819918144611187 7.332611236401905e-06
-3.8153706230104594 7.5292296633412446e-06
-3.810823101409732 7.730873826582758e-06
-3.806275579809004 7.937665372903117e-06
-3.8017280582082766 8.149728710232828e-06
-3.797180536607549 8.367191065588836e-06
-3.7926330150068215 8.590182544105006e-06
-3.788085493406094 8.81883618917853e-06
-3.7835379718053663 9.053288043750555e-06
-3.7789904502046388 9.293677212739371e-06
-3.774442928603911 9.540145926645003e-06
-3.7698954070031836 9.792839606344082e-06
-3.765347885402456 1.0051906929094213e-05
-3.760800363801728 1.0317499895767213e-05
-3.7562528422010004 1.0589773899330843e-05
-3.751705320600273 1.0868887794599207e-05
-3.7471577989995453 1.1155003969271545e-05
-3.7426102773988177 1.144828841628011e-05
-3.73806275579809 1.1748910807467645e-05
-3.7335152341973625 1.205704456861533e-05
-3.728967712596635 1.2372866955842507e-05
-3.7244201909959074 1.269655913339924e-05
-3.71987266939518 1.3028306252873523e-05
-3.715325147794452 1.3368297533835145e-05
-3.7107776261937246 1.3716726345938018e-05
-3.706230104592997 1.4073790292503616e-05
-3.7016825829922695 1.4439691295607982e-05
-3.697135061391542 1.4814635682695321e-05
-3.6925875397908143 1.5198834274741327e-05
-3.6880400181900868 1.5592502475989357e-05
-3.6834924965893587 1.5995860365283688e-05
-3.678944974988631 1.6409132789022906e-05
-3.6743974533879036 1.683254945575866e-05
-3.669849931787176 1.7266345032463304e-05
-3.6653024101864484 1.77107592424914e-05
-3.660754888585721 1.8166036965260387e-05
-3.6562073669849933 1.8632428337674968e-05
-3.6516598453842657 1.911018885732126e-05
-3.647112323783538 1.9599579487456128e-05
-3.6425648021828105 2.0100866763817608e-05
-3.638017280582083 2.0614322903283077e-05
-3.6334697589813554 2.114022591440109e-05
-3.628922237380628 2.1678859709824138e-05
-3.6243747157799002 2.2230514220669127e-05
-3.6198271941791726 2.2795485512832748e-05
-3.615279672578445 2.3374075905289734e-05
-3.6107321509777175 2.396659409040098e-05
-3.6061846293769895 2.457335525626071e-05
-3.601637107776262 2.5194681211109554e-05
-3.5970895861755343 2.5830900509843934e-05
-3.5925420645748067 2.648234858264858e-05
-3.587994542974079 2.714936786578304e-05
-3.5834470213733516 2.7832307934550025e-05
-3.578899499772624 2.853152563847639e-05
-3.5743519781718964 2.9247385238735958e-05
-3.569804456571169 2.99802585478441e-05
-3.5652569349704413 3.0730525071654984e-05
-3.5607094133697137 3.1498572153691676e-05
-3.556161891768986 3.228479512183997e-05
-3.5516143701682585 3.308959743743723e-05
-3.547066848567531 3.391339084678716e-05
-3.5425193269668034 3.475659553513259e-05
-3.537971805366076 3.561964028311744e-05
-3.5334242837653482 3.6502962625770617e-05
-3.52887676216462 3.7407009014043495e-05
-3.5243292405638926 3.83322349789334e-05
-3.519781718963165 3.927910529822703e-05
-3.5152341973624375 4.024809416589487e-05
-3.51068667576171 4.1239685364171465e-05
-3.5061391541609823 4.22543724383537e-05
-3.5015916325602547 4.329265887435174e-05
-3.497044110959527 4.435505827902561e-05
-3.4924965893587996 4.544209456334202e-05
-3.487949067758072 4.655430212838512e-05
-3.4834015461573444 4.769222605425675e-05
-3.478854024556617 4.8856422291898865e-05
-3.4743065029558893 5.0047457857875295e-05
-3.4697589813551617 5.1265911032146184e-05
-3.465211459754434 5.2512371558870946e-05
-3.4606639381537065 5.378744085027514e-05
-3.456116416552979 5.509173219361697e-05
-3.451568894952251 5.642587096128881e-05
-3.4470213733515234 5.779049482408948e-05
-3.442473851750796 5.918625396770512e-05
-3.437926330150068 6.061381131243189e-05
-3.4333788085493406 6.207384273617972e-05
-3.428831286948613 6.35670373007918e-05
-3.4242837653478855 6.509409748171795e-05
-3.419736243747158 6.665573940107711e-05
-3.4151887221464303 6.82526930641475e-05
-3.4106412005457027 6.988570259932036e-05
-3.406093678944975 7.155552650155515e-05
-3.4015461573442476 7.32629378793733e-05
-3.39699863574352 7.500872470542723e-05
-3.3924511141427924 7.679369007068417e-05
-3.387903592542065 7.86186524422597e-05
-3.3833560709413373 8.048444592494077e-05
-3.3788085493406097 8.239192052643518e-05
-3.3742610277398817 8.434194242638534e-05
-3.369713506139154 8.633539424918334e-05
-3.3651659845384265 8.837317534062814e-05
-3.360618462937699 9.045620204845906e-05
-3.3560709413369714 9.258540800680612e-05
-3.351523419736244 9.476174442459465e-05
-3.346975898135516 9.69861803779414e-05
-3.3424283765347886 9.925970310658232e-05
-3.337880854934061 0.00010158331831436664
-3.3333333333333335 0.0001039580504738591
-3.328785811732606 0.00010638494313508555
-3.3242382901318783 0.00010886505923846118
-3.3196907685311507 0.00011139948143193862
-3.315143246930423 0.00011398931239241472
-3.3105957253296956 0.0001166356751514328
-3.306048203728968 0.00011933971342521913
-3.3015006821282404 0.00012210259194908935
-3.2969531605275124 0.00012492549681626615
-3.292405638926785 0.00012780963582113958
-3.2878581173260573 0.0001307562388070155
-3.2833105957253297 0.0001337665580183809
-3.278763074124602 0.0001368418684577289
-3.2742155525238745 0.0001399834682469775
-3.269668030923147 0.00014319267899352066
-3.2651205093224194 0.0001464708461609456
-3.260572987721692 0.00014981933944445611
-3.256025466120964 0.00015323955315103415
-3.2514779445202366 0.0001567329065843785
-3.246930422919509 0.0001603008444346551
-3.2423829013187815 0.00016394483717309307
-3.237835379718054 0.00016766638145146383
-3.2332878581173263 0.00017146700050647758
-3.2287403365165988 0.000175348244569128
-3.224192814915871 0.00017931169127902638
-3.219645293315143 0.000183358946103752
-3.2150977717144156 0.000187491642763255
-3.210550250113688 0.0001917114436593472
-3.2060027285129604 0.00019602004031030968
-3.201455206912233 0.00020041915379065064
-3.1969076853115053 0.00020491053517604667
-3.1923601637107777 0.00020949596599349792
-3.18781264211005 0.00021417725867672814
-3.1832651205093225 0.00021895625702685932
-3.178717598908595 0.00022383483667839287
-3.1741700773078674 0.00022881490557052534
-3.16962255570714 0.00023389840442382764
-3.165075034106412 0.00023908730722231776
-3.1605275125056846 0.00024438362170095155
-3.155979990904957 0.0002497893898385631
-3.1514324693042295 0.0002553066883562776
-3.146884947703502 0.00026093762922142495
-3.142337426102774 0.0002666843601569797
-3.1377899045020463 0.0002725490651565474
-3.1332423829013187 0.00027853396500493097
-3.128694861300591 0.0002846413178042887
-3.1241473396998636 0.00029087341950591637
-3.119599818099136 0.00029723260444766914
-3.1150522964984084 0.00030372124589704493
-3.110504774897681 0.0003103417565999549
-3.1059572532969533 0.0003170965893351915
-3.1014097316962257 0.0003239882374746214
-3.096862210095498 0.0003310192355491133
-3.0923146884947705 0.00033819215982022543
-3.087767166894043 0.00034550962885765917
-3.0832196452933154 0.0003529743041225036
-3.078672123692588 0.0003605888905562766
-3.0741246020918602 0.00036835613717578117
-3.0695770804911326 0.0003762788376737855
-3.0650295588904046 0.00038435983102553893
-3.060482037289677 0.00039260200210113354
-3.0559345156889495 0.00040100828228372125
-3.051386994088222 0.00040958165009359355
-3.0468394724874943 0.0004183251318181264
-3.0422919508867667 0.000427241802147601
-3.037744429286039 0.00043633478481690523
-3.0331969076853116 0.00044560725325311075
-3.028649386084584 0.0004550624312289365
-3.0241018644838564 0.0004647035935220941
-3.019554342883129 0.0004745340665805151
-3.0150068212824013 0.0004845572291934568
-3.0104592996816737 0.0004947765131684866
-3.005911778080946 0.0005051954040143368
-3.0013642564802185 0.0005158174416296204
-2.996816734879491 0.0005266462209974112
-2.9922692132787634 0.0005376853928856639
-2.9877216916780354 0.0005489386645534753
-2.983174170077308 0.0005604098004631658
-2.97862664847658 0.0005721026229981794
-2.9740791268758526 0.0005840210131867696
-2.969531605275125 0.0005961689114314662
-2.9649840836743975 0.0006085503182443042
-2.96043656207367 0.0006211692949877871
-2.9558890404729423 0.0006340299646215686
-2.9513415188722147 0.0006471365124548275
-2.946793997271487 0.0006604931869043058
-2.9422464756707596 0.0006741043002579951
-2.937698954070032 0.0006879742294444202
-2.9331514324693044 0.000702107416807514
-2.928603910868577 0.0007165083708870326
-2.9240563892678493 0.000731181667204483
-2.9195088676671217 0.0007461319490545209
-2.914961346066394 0.0007613639283017959
-2.9104138244656665 0.0007768823861831769
-2.9058663028649385 0.0007926921741153389
-2.901318781264211 0.000808798214507653
-2.8967712596634834 0.0008252055015803372
-2.892223738062756 0.0008419191021878224
-2.887676216462028 0.0008589441566472677
-2.8831286948613006 0.0008762858795721883
-2.878581173260573 0.000893949560711136
-2.8740336516598455 0.0009119405657913652
-2.869486130059118 0.0009302643373674365
-2.8649386084583903 0.0009489263956746858
-2.8603910868576627 0.0009679323394874964
-2.855843565256935 0.000987287846982317
-2.8512960436562076 0.0010069986766053373
-2.84674852205548 0.0010270706679447613
-2.8422010004547524 0.0010475097426076029
-2.837653478854025 0.0010683219051009268
-2.8331059572532973 0.001089513243717448
-2.8285584356525693 0.0011110899314254173
-2.8240109140518417 0.0011330582267626923
-2.819463392451114 0.0011554244747349442
-2.8149158708503865 0.0011781951077178563
-2.810368349249659 0.0012013766463632558
-2.8058208276489314 0.0012249757005090927
-2.801273306048204 0.001248998970093124
-2.796725784447476 0.001273453246070263
-2.7921782628467486 0.001298345411333421
-2.787630741246021 0.0013236824416378017
-2.7830832196452935 0.0013494714065284904
-2.778535698044566 0.001375719470271246
-2.7739881764438383 0.0014024338927863843
-2.7694406548431107 0.0014296220305856176
-2.764893133242383 0.0014572913377117502
-2.7603456116416556 0.0014854493666810835
-2.755798090040928 0.001514103769428435
-2.7512505684402 0.001543262298254601
-2.7467030468394724 0.00157293280677615
-2.742155525238745 0.0016031232508774385
-2.7376080036380173 0.0016338416896646512
-2.7330604820372897 0.0016650962864217696
-2.728512960436562 0.0016968953095683012
-2.7239654388358345 0.001729247133618634
-2.719417917235107 0.0017621602401428494
-2.7148703956343794 0.0017956432187288581
-2.710322874033652 0.0018297047679456684
-2.705775352432924 0.0018643536963076635
-2.7012278308321966 0.0018995989232396982
-2.696680309231469 0.001935449480042846
-2.6921327876307415 0.0019719145108606415
-2.687585266030014 0.0020090032736456297
-2.6830377444292863 0.0020467251411260302
-2.6784902228285588 0.0020850896017723833
-2.6739427012278307 0.0021241062607639336
-2.669395179627103 0.002163784840954585
-2.6648476580263756 0.002204135183838272
-2.660300136425648 0.002245167250513485
-2.6557526148249204 0.0022868911226467904
-2.651205093224193 0.0023293170034351445
-2.6466575716234653 0.0023724552185667895
-2.6421100500227377 0.0024163162171804975
-2.63756252842201 0.0024609105728229962
-2.6330150068212825 0.0025062489844043176
-2.628467485220555 0.002552342277150873
-2.6239199636198274 0.00259920140355602
-2.6193724420191 0.002646837444327889
-2.6148249204183722 0.0026952616093342775
-2.6102773988176446 0.002744485238544305
-2.605729877216917 0.0027945198029666494
-2.6011823556161895 0.0028453769055841248
-2.5966348340154615 0.002897068282284309
-2.592087312414734 0.0029496058027859828
-2.5875397908140063 0.0030030014715612167
-2.5829922692132787 0.003057267428752697
-2.578444747612551 0.0031124159510861377
-2.5738972260118236 0.003168459452777514
-2.569349704411096 0.0032254104864347863
-2.5648021828103684 0.003283281743953908
-2.560254661209641 0.003342086057408786
-2.5557071396089133 0.0034018363999349984
-2.5511596180081857 0.003462545886606873
-2.546612096407458 0.0035242277753077685
-2.5420645748067305 0.0035868954675931336
-2.537517053206003 0.003650562509546209
-2.5329695316052754 0.0037152425926259185
-2.528422010004548 0.0037809495545067613
-2.5238744884038202 0.0038476973799103486
-2.519326966803092 0.003915500201428334
-2.5147794452023646 0.003984372300336281
-2.510231923601637 0.0040543281073984316
-2.5056844020009095 0.004125382203662728
-2.501136880400182 0.004197549321246014
-2.4965893587994543 0.004270844344108979
-2.4920418371987267 0.004345282308820573
-2.487494315597999 0.004420878405311486
-2.4829467939972716 0.004497647977616472
-2.478399272396544 0.0045756065246050255
-2.4738517507958164 0.004654769700700271
-2.469304229195089 0.004735153316585506
-2.4647567075943613 0.0048167733398982275
-2.4602091859936337 0.004899645895911184
-2.455661664392906 0.0049837872682001365
-2.4511141427921785 0.005069213899298011
-2.446566621191451 0.005155942391334955
-2.442019099590723 0.0052439895066641465
-2.4374715779899954 0.005333372168472722
-2.432924056389268 0.005424107461377744
-2.42837653478854 0.005516212632006602
-2.4238290131878126 0.005609705089561568
-2.419281491587085 0.005704602406368162
-2.4147339699863575 0.005800922318406887
-2.41018644838563 0.0058986827258279565
-2.4056389267849023 0.005997901693448676
-2.4010914051841747 0.006098597451233063
-2.396543883583447 0.006200788394753251
-2.3919963619827196 0.0063044930856324425
-2.387448840381992 0.006409730251968826
-2.3829013187812644 0.00651651878874019
-2.378353797180537 0.0066248777581888125
-2.3738062755798093 0.006734826390186163
-2.3692587539790817 0.006846384082577081
-2.3647112323783537 0.006959570401502999
-2.360163710777626 0.0070744050817037295
-2.3556161891768985 0.007190908026797623
-2.351068667576171 0.007309099309539325
-2.3465211459754434 0.007428999172055144
-2.341973624374716 0.0075506280260552155
-2.337426102773988 0.007674006453022305
-2.3328785811732606 0.007799155204376769
-2.328331059572533 0.007926095201617122
-2.3237835379718055 0.00805484753643604
-2.319236016371078 0.00818543347081111
-2.3146884947703503 0.008317874437070046
-2.3101409731696227 0.008452192037929957
-2.305593451568895 0.008588408046510159
-2.3010459299681676 0.008726544406318126
-2.29649840836744 0.008866623231208189
-2.2919508867667124 0.009008666805312522
-2.2874033651659844 0.009152697582943983
-2.282855843565257 0.009298738188470317
-2.2783083219645293 0.009446811416159485
-2.2737608003638017 0.009596940229995406
-2.269213278763074 0.0097491477634639
-2.2646657571623465 0.009903457319308265
-2.260118235561619 0.01005989236925416
-2.2555707139608914 0.01021847655370327
-2.251023192360164 0.01037923368139533
-2.246475670759436 0.010542187729038146
-2.2419281491587086 0.010707362840905073
-2.237380627557981 0.010874783328399586
-2.2328331059572535 0.011044473669586517
-2.228285584356526 0.011216458508689457
-2.2237380627557983 0.011390762655553964
-2.2191905411550708 0.01156741108507611
-2.214643019554343 0.011746428936595905
-2.210095497953615 0.011927841513255254
-2.2055479763528876 0.0121116742813199
-2.20100045475216 0.012297952869465136
-2.1964529331514324 0.012486703068024518
-2.191905411550705 0.012677950828201494
-2.1873578899499773 0.012871722261243376
-2.1828103683492497 0.013068043637577189
-2.178262846748522 0.013266941385907022
-2.1737153251477945 0.013468442092272659
-2.169167803547067 0.0136725724990686
-2.1646202819463394 0.013879359504023631
-2.160072760345612 0.01408883015914008
-2.155525238744884 0.014301011669592602
-2.1509777171441566 0.01451593139258606
-2.146430195543429 0.014733616836171918
-2.1418826739427015 0.014954095658023097
-2.137335152341974 0.01517739566416646
-2.132787630741246 0.015403544807673026
-2.1282401091405183 0.015632571187304992
-2.1236925875397907 0.01586450304611971
-2.119145065939063 0.016099368770029855
-2.1145975443383356 0.016337196886319502
-2.110050022737608 0.01657801606211592
-2.1055025011368804 0.01682185510281649
-2.100954979536153 0.017068742950470395
-2.0964074579354253 0.017318708682115005
-2.0918599363346977 0.01757178150806617
-2.08731241473397 0.01782799077016253
-2.0827648931332425 0.018087365939962997
-2.078217371532515 0.018349936616897725
-2.0736698499317874 0.018615732526371415
-2.06912232833106 0.018884783517819463
-2.0645748067303322 0.01915711956271601
-2.0600272851296046 0.019432770752533895
-2.0554797635288766 0.019711767296656142
-2.050932241928149 0.01999413952023846
-2.0463847203274215 0.020279917862023076
-2.041837198726694 0.02056913287210275
-2.0372896771259663 0.02086181520963534
-2.0327421555252387 0.02115799564050849
-2.028194633924511 0.02145770503495398
-2.0236471123237836 0.021760974365111707
-2.019099590723056 0.022067834702542893
-2.0145520691223284 0.022378317215692473
-2.010004547521601 0.022692453167300158
-2.0054570259208733 0.023010273911760006
-2.0009095043201457 0.023331810892428584
-1.996361982719418 0.023657095638881114
-1.9918144611186903 0.023986159764115576
-1.9872669395179627 0.024319034961704577
-1.9827194179172352 0.024655753002894795
-1.9781718963165076 0.02499634573365375
-1.97362437471578 0.02534084507166386
-1.9690768531150524 0.025689283003263442
-1.9645293315143249 0.02604169158033485
-1.9599818099135973 0.026398102917139024
-1.9554342883128695 0.02675854918709702
-1.950886766712142 0.027123062619517798
-1.9463392451114143 0.027491675496272586
-1.9417917235106867 0.027864420148415534
-1.9372442019099592 0.028241328952750465
-1.9326966803092316 0.028622434328343865
-1.928149158708504 0.029007768732984007
-1.9236016371077764 0.02939736465958591
-1.9190541155070486 0.029791254632542567
-1.914506593906321 0.030189471204021625
-1.9099590723055935 0.030592046950208642
-1.905411550704866 0.03099901446749574
-1.9008640291041383 0.03141040636861629
-1.8963165075034107 0.031826255278725776
-1.8917689859026832 0.032246593831428194
-1.8872214643019556 0.032671454664748814
-1.882673942701228 0.033100870417052765
-1.8781264211005002 0.0335348737229099
-1.8735788994997726 0.03397349720890554
-1.869031377899045 0.03441677348939798
-1.8644838562983175 0.03486473516222192
-1.85993633469759 0.03531741480433856
-1.8553888130968623 0.035774844967432454
-1.8508412914961347 0.03623705817345479
-1.8462937698954072 0.036704086910114016
-1.8417462482946794 0.03717596362631328
-1.8371987266939518 0.037652720727535005
-1.8326512050932242 0.03813439057117349
-1.8281036834924966 0.038621005461814656
-1.823556161891769 0.039112597646463895
-1.8190086402910415 0.03960919930972215
-1.814461118690314 0.04011084256891041
-1.8099135970895863 0.0406175594691426
-1.8053660754888587 0.041129381978347854
-1.800818553888131 0.0416463419822419
-1.7962710322874034 0.04216847127924786
-1.7917235106866758 0.0426958015753672
-1.7871759890859482 0.04322836447900076
-1.7826284674852206 0.04376619149572058
-1.778080945884493 0.04430931402299267
-1.7735334242837655 0.04485776334485102
-1.768985902683038 0.0454115706265236
-1.76443838108231 0.045970766909010675
-1.7598908594815825 0.0465353831036152
-1.755343337880855 0.047105449986427274
-1.7507958162801274 0.04768099819276139
-1.7462482946793998 0.048262058211548144
-1.7417007730786722 0.04884866037968037
-1.7371532514779446 0.04944083487631451
-1.732605729877217 0.05003861171712744
-1.7280582082764895 0.05064202074852996
-1.7235106866757617 0.051251091641836284
-1.718963165075034 0.051865853887391414
-1.7144156434743065 0.05248633678865651
-1.709868121873579 0.053112569456252416
-1.7053206002728514 0.05374458080196294
-1.7007730786721238 0.054382399532697474
-1.6962255570713962 0.05502605414441435
-1.6916780354706686 0.05567557291600565
-1.6871305138699408 0.056330983903143284
-1.6825829922692133 0.05699231493208854
-1.6780354706684857 0.05765959359346445
-1.673487949067758 0.0583328472359922
-1.6689404274670305 0.05901210296019309
-1.664392905866303 0.05969738761205521
-1.6598453842655754 0.06038872777666758
-1.6552978626648478 0.061086149771820634
-1.6507503410641202 0.06178967964157588
-1.6462028194633924 0.062499343149803765
-1.6416552978626648 0.06321516577369138
-1.6371077762619373 0.06393717269722159
-1.6325602546612097 0.06466538880462329
-1.628012733060482 0.06539983867379429
-1.6234652114597545 0.06614054656969784
-1.618917689859027 0.06688753643773326
-1.6143701682582994 0.06764083189708299
-1.6098226466575716 0.06840045623403472
-1.605275125056844 0.06916643239528164
-1.6007276034561164 0.06993878298120157
-1.5961800818553888 0.07071753023911465
-1.5916325602546613 0.07150269605652208
-1.5870850386539337 0.0722943019543265
-1.582537517053206 0.07309236908003486
-1.5779899954524785 0.07389691820094495
-1.573442473851751 0.07470796969731737
-1.5688949522510232 0.075525543555533
-1.5643474306502956 0.07634965936123751
-1.559799909049568 0.07718033629247509
-1.5552523874488404 0.0780175931128108
-1.5507048658481128 0.07886144816444375
-1.5461573442473853 0.07971191936131283
-1.5416098226466577 0.0805690241821946
-1.5370623010459301 0.08143277966379661
-1.5325147794452023 0.08230320239384545
-1.5279672578444747 0.0831803085041722
-1.5234197362437472 0.08406411366379589
-1.5188722146430196 0.08495463307200642
-1.514324693042292 0.08585188145144818
-1.5097771714415644 0.08675587304120624
-1.5052296498408368 0.08766662158989517
-1.5006821282401093 0.08858414034875323
-1.4961346066393817 0.08950844206474257
-1.491587085038654 0.09043953897365713
-1.4870395634379263 0.09137744279323863
-1.4824920418371987 0.09232216471630438
-1.4779445202364712 0.09327371540388496
-1.4733969986357436 0.09423210497837692
-1.468849477035016 0.09519734301670847
-1.4643019554342884 0.09616943854352233
-1.4597544338335608 0.09714840002437529
-1.4552069122328333 0.0981342353589573
-1.4506593906321055 0.09912695187433083
-1.446111869031378 0.10012655631819181
-1.4415643474306503 0.10113305485215451
-1.4370168258299227 0.10214645304506162
-1.4324693042291952 0.10316675586631954
-1.4279217826284676 0.10419396767926306
-1.42337426102774 0.1052280922345488
-1.4188267394270124 0.10626913266358062
-1.4142792178262846 0.107317091471966
-1.409731696225557 0.10837197053300837
-1.4051841746248295 0.10943377108123482
-1.400636653024102 0.11050249370596041
-1.3960891314233743 0.11157813834489202
-1.3915416098226467 0.11266070427777336
-1.3869940882219192 0.11375019012007076
-1.3824465666211916 0.11484659381670392
-1.377899045020464 0.11594991263582194
-1.3733515234197362 0.11706014316262538
-1.3688040018190086 0.1181772812932381
-1.364256480218281 0.11930132222862914
-1.3597089586175535 0.120432260468586
-1.355161437016826 0.12157008980574167
-1.3506139154160983 0.12271480331965753
-1.3460663938153707 0.12386639337096206
-1.3415188722146432 0.12502485159554855
-1.3369713506139154 0.1261901688988333
-1.3324238290131878 0.12736233545007497
-1.3278763074124602 0.12854134067675732
-1.3233287858117326 0.1297271732590384
-1.318781264211005 0.1309198211242645
-1.3142337426102775 0.13211927144155436
-1.30968622100955 0.133325510616452
-1.3051386994088223 0.1345385242856523
-1.3005911778080947 0.13575829731180003
-1.296043656207367 0.13698481377836264
-1.2914961346066394 0.13821805698458192
-1.2869486130059118 0.13945800944050168
-1.2824010914051842 0.14070465286207773
-1.2778535698044566 0.14195796816636738
-1.273306048203729 0.14321793546680409
-1.2687585266030015 0.1444845340685563
-1.264211005002274 0.14575774246397244
-1.259663483401546 0.1470375383281147
-1.2551159618008185 0.14832389851438293
-1.250568440200091 0.14961679905022995
-1.2460209185993634 0.15091621513296863
-1.2414733969986358 0.15222212112567585
-1.2369258753979082 0.15353449055319174
-1.2323783537971806 0.15485329609821555
-1.227830832196453 0.15617850959750387
-1.2232833105957255 0.1575101020381674
-1.2187357889949977 0.15884804355407173
-1.21418826739427 0.1601923034223416
-1.2096407457935425 0.16154285005997152
-1.205093224192815 0.16289965102054368
-1.2005457025920874 0.16426267299105377
-1.1959981809913598 0.16563188178884863
-1.1914506593906322 0.16700724235867473
-1.1869031377899046 0.16838871876984043
-1.1823556161891768 0.16977627421349245
-1.1778080945884493 0.17116987100000955
-1.1732605729877217 0.17256947055651395
-1.168713051386994 0.1739750334245014
-1.1641655297862665 0.17538651925759166
-1.159618008185539 0.17680388681940204
-1.1550704865848114 0.17822709398154424
-1.1505229649840838 0.17965609772174476
-1.1459754433833562 0.18109085412209286
-1.1414279217826284 0.18253131836741618
-1.1368804001819008 0.18397744474378405
-1.1323328785811733 0.18542918663714156
-1.1277853569804457 0.18688649653207628
-1.123237835379718 0.1883493260107153
-1.1186903137789905 0.18981762575175903
-1.114142792178263 0.1912913455296481
-1.1095952705775354 0.19277043421386791
-1.1050477489768076 0.19425483976839075
-1.10050022737608 0.1957445092512558
-1.0959527057753524 0.1972393888142911
-1.0914051841746248 0.19873942370297454
-1.0868576625738973 0.2002445582564381
-1.0823101409731697 0.20175473590761603
-1.077762619372442 0.20326989918353577
-1.0732150977717145 0.20478998970575593
-1.068667576170987 0.20631494819095056
-1.0641200545702592 0.2078447144516386
-1.0595725329695316 0.20937922739706505
-1.055025011368804 0.21091842503422994
-1.0504774897680764 0.21246224446906606
-1.0459299681673488 0.21401062190777126
-1.0413824465666213 0.2155634926582892
-1.0368349249658937 0.217120791131945
-1.0322874033651661 0.21868245084523438
-1.0277398817644383 0.22024840442176616
-1.0231923601637107 0.22181858359436113
-1.0186448385629832 0.2233929192073063
-1.0140973169622556 0.22497134121876505
-1.009549795361528 0.22655377870334584
-1.0050022737608004 0.2281401598548271
-1.0004547521600728 0.22973041198904282
-0.9959072305593452 0.23132446154692393
-0.9913597089586176 0.2329222340977033
-0.98681218735789 0.23452365434227682
-0.9822646657571624 0.23612864611672807
-0.9777171441564347 0.23773713239601146
-0.9731696225557072 0.23934903529779875
-0.9686221009549796 0.24096427608648643
-0.964074579354252 0.24258277517736537
-0.9595270577535243 0.2442044521409522
-0.9549795361527967 0.24582922570748475
-0.9504320145520692 0.24745701377157878
-0.9458844929513416 0.24908773339704912
-0.941336971350614 0.25072130082189403
-0.9367894497498863 0.2523576314634412
-0.9322419281491587 0.2539966399236603
-0.9276944065484312 0.25563823999463575
-0.9231468849477036 0.2572823446642067
-0.9185993633469759 0.2589288661217675
-0.9140518417462483 0.260577715764233
-0.9095043201455207 0.26222880420216776
-0.9049567985447932 0.2638820412660783
-0.9004092769440655 0.2655373360128679
-0.8958617553433379 0.26719459673245544
-0.8913142337426103 0.26885373095455656
-0.8867667121418827 0.2705146454556282
-0.882219190541155 0.27217724626597256
-0.8776716689404275 0.27384143867700667
-0.8731241473396999 0.2755071272486919
-0.8685766257389723 0.27717421581712376
-0.8640291041382447 0.27884260750228324
-0.859481582537517 0.2805122047159483
-0.8549340609367895 0.28218290916976446
-0.8503865393360619 0.2838546218834761
-0.8458390177353343 0.2855272431933134
-0.8412914961346066 0.2872006727605388
-0.836743974533879 0.28887480958015216
-0.8321964529331515 0.290549551989748
-0.8276489313324239 0.2922247976785333
-0.8231014097316962 0.29390044369649637
-0.8185538881309686 0.29557638646373136
-0.814006366530241 0.2972525217799151
-0.8094588449295135 0.29892874483393916
-0.8049113233287858 0.30060495021368744
-0.8003638017280582 0.3022810319159685
-0.7958162801273306 0.3039568833565974
-0.791268758526603 0.30563239738062115
-0.7867212369258755 0.30730746627269606
-0.7821737153251478 0.308981981767609
-0.7776261937244202 0.31065583506094263
-0.7730786721236926 0.3123289168198845
-0.7685311505229651 0.31400111719418056
-0.7639836289222374 0.31567232582722493
-0.7594361073215098 0.31734243186729405
-0.7548885857207822 0.3190113239789158
-0.7503410641200546 0.32067889035437597
-0.745793542519327 0.322345018725362
-0.7412460209185994 0.324009596374737
-0.7366984993178718 0.3256725101484497
-0.7321509777171442 0.3273336464675716
-0.7276034561164166 0.32899289134046583
-0.723055934515689 0.3306501303750824
-0.7185084129149614 0.3323052487913794
-0.7139608913142338 0.3339581314338677
-0.7094133697135062 0.33560866278427903
-0.7048658481127785 0.33725672697435316
-0.700318326512051 0.33890220779874414
-0.6957708049113234 0.34054498872804506
-0.6912232833105958 0.34218495292192547
-0.6866757617098681 0.343821983242382
-0.6821282401091405 0.3454559622671023
-0.677580718508413 0.3470867723029343
-0.6730331969076854 0.34871429539946625
-0.6684856753069577 0.3503384133627098
-0.6639381537062301 0.351959007768884
-0.6593906321055025 0.35357595997830493
-0.654843110504775 0.35518915114936983
-0.6502955889040474 0.35679846225263734
-0.6457480673033197 0.3584037740850059
-0.6412005457025921 0.36000496728397907
-0.6366530241018645 0.36160192234202454
-0.632105502501137 0.3631945196210178
-0.6275579809004093 0.3647826393667709
-0.6230104592996817 0.36636616172364594
-0.6184629376989541 0.36794496674924615
-0.6139154160982265 0.36951893442918476
-0.6093678944974988 0.37108794469193346
-0.6048203728967713 0.3726518774237358
-0.6002728512960437 0.37421061248359777
-0.5957253296953161 0.3757640297183442
-0.5911778080945884 0.37731200897773687
-0.5866302864938608 0.3788544301296612
-0.5820827648931333 0.38039117307536696
-0.5775352432924057 0.38192211776477025
-0.5729877216916781 0.383447144211808
-0.5684402000909504 0.3849661325098468
-0.5638926784902228 0.38647896284713695
-0.5593451568894953 0.38798551552231725
-0.5547976352887677 0.38948567095996084
-0.55025011368804 0.3909793097261632
-0.5457025920873124 0.39246631254416703
-0.5411550704865848 0.39394656031002584
-0.5366075488858573 0.3954199341082936
-0.5320600272851296 0.39688631522775386
-0.527512505684402 0.39834558517716306
-0.5229649840836744 0.3997976257010319
-0.5184174624829468 0.40124231879541494
-0.5138699408822192 0.4026795467237267
-0.5093224192814916 0.4041091920325706
-0.504774897680764 0.40553113756757736
-0.5002273760800364 0.40694526648925744
-0.4956798544793088 0.4083514622888577
-0.4911323328785812 0.40974960880421907
-0.4865848112778536 0.4111395902356382
-0.482037289677126 0.4125212911617255
-0.47748976807639837 0.4138945965552561
-0.4729422464756708 0.4152593917990131
-0.46839472487494316 0.41661556270162026
-0.4638472032742156 0.41796299551335825
-0.45929968167348795 0.41930157694196124
-0.45475216007276037 0.4206311941684008
-0.45020463847203274 0.4219517348626351
-0.44565711687130516 0.4232630871993381
-0.4411095952705775 0.424565139873597
-0.43656207366984995 0.42585778211657727
-0.43201455206912237 0.4271409037111506
-0.42746703046839474 0.4284143950074825
-0.42291950886766716 0.42967814693858053
-0.4183719872669395 0.4309320510357955
-0.41382446566621195 0.4321759994442739
-0.4092769440654843 0.43340988493836013
-0.40472942246475674 0.4346336009369442
-0.4001819008640291 0.43584704151874765
-0.3956343792633015 0.4370501014375564
-0.3910868576625739 0.43824267613738344
-0.3865393360618463 0.43942466176756795
-0.3819918144611187 0.4405959551978024
-0.3774442928603911 0.44175645403309055
-0.3728967712596635 0.44290605662862376
-0.3683492496589359 0.4440446621045853
-0.3638017280582083 0.44517217036086626
-0.3592542064574807 0.44628848209170124
-0.3547066848567531 0.4473934988002143
-0.3501591632560255 0.4484871228128738
-0.3456116416552979 0.4495692572938538
-0.34106412005457026 0.45063980625929845
-0.3365165984538427 0.4516986745914882
-0.33196907685311505 0.4527457680529005
-0.3274215552523875 0.4537809933001673
-0.32287403365165984 0.4548042578979238
-0.31832651205093226 0.4558154703325447
-0.31377899045020463 0.4568145400257668
-0.30923146884947705 0.4578013773481962
-0.3046839472487494 0.4587758936326939
-0.30013642564802184 0.4597380011876372
-0.2955889040472942 0.4606876133100621
-0.29104138244656663 0.46162464429866845
-0.28649386084583905 0.46254900946670313
-0.2819463392451114 0.4634606251547032
-0.27739881764438384 0.46435940874310583
-0.2728512960436562 0.46524527866471854
-0.26830377444292863 0.4661181544170487
-0.263756252842201 0.4669779565744873
-0.2592087312414734 0.4678246068003482
-0.2546612096407458 0.4686580278587559
-0.2501136880400182 0.46947814362638135
-0.2455661664392906 0.47028487910402844
-0.241018644838563 0.47107816042805467
-0.2364711232378354 0.4718579148816414
-0.2319236016371078 0.47262407090589886
-0.22737608003638018 0.47337655811080454
-0.22282855843565258 0.47411530728598067
-0.21828103683492497 0.4748402504112983
-0.21373351523419737 0.4755513206673147
-0.20918599363346976 0.47624845244553404
-0.20463847203274216 0.47693158135849295
-0.20009095043201455 0.47760064424967225
-0.19554342883128695 0.47825557920322453
-0.19099590723055934 0.4788963255535238
-0.18644838562983174 0.47952282389452694
-0.18190086402910416 0.48013501608895404
-0.17735334242837655 0.48073284527727667
-0.17280582082764895 0.4813162558865224
-0.16825829922692134 0.481885193638878
-0.16371077762619374 0.48243960556010873
-0.15916325602546613 0.48297943998777776
-0.15461573442473853 0.483504646579268
-0.15006821282401092 0.48401517631960633
-0.14552069122328332 0.48451098152908767
-0.1409731696225557 0.4849920158706947
-0.1364256480218281 0.48545823435731605
-0.1318781264211005 0.4859095933587585
-0.1273306048203729 0.4863460506085498
-0.1227830832196453 0.48676756521053693
-0.1182355616189177 0.4871740976452714
-0.11368804001819009 0.4875656097761845
-0.10914051841746249 0.4879420648555499
-0.10459299681673488 0.48830342753023254
-0.10004547521600728 0.4886496638472208
-0.09549795361527967 0.4889807412589442
-0.09095043201455208 0.48929662862837137
-0.08640291041382447 0.4895972962338932
-0.08185538881309687 0.4898827157739812
-0.07730786721236926 0.49015286037162725
-0.07276034561164166 0.490407704578563
-0.06821282401091405 0.49064722437925545
-0.06366530241018645 0.49087139719467826
-0.05911778080945885 0.49108020188585755
-0.054570259208731244 0.491273618757197
-0.05002273760800364 0.4914516295595731
-0.04547521600727604 0.49161421749320344
-0.040927694406548434 0.4917613672102914
-0.03638017280582083 0.4918930648174374
-0.031832651205093224 0.49200929787783043
-0.027285129604365622 0.49211005541320046
-0.02273760800363802 0.49219532790554876
-0.018190086402910415 0.492265107298646
-0.013642564802182811 0.4923193869993022
-0.009095043201455207 0.4923581618784024
-0.004547521600727604 0.4923814282717161
0.0 0.4923891839804746
0.004547521600727604 0.49238142827171627
0.009095043201455207 0.4923581618784023
0.013642564802182811 0.4923193869993025
0.018190086402910415 0.492265107298646
0.02273760800363802 0.4921953279055484
0.027285129604365622 0.49211005541320013
0.031832651205093224 0.4920092978778304
0.03638017280582083 0.4918930648174376
0.040927694406548434 0.49176136721029085
0.04547521600727604 0.4916142174932038
0.05002273760800364 0.4914516295595734
0.054570259208731244 0.491273618757197
0.05911778080945885 0.4910802018858574
0.06366530241018645 0.490871397194678
0.06821282401091405 0.4906472243792556
0.07276034561164166 0.49040770457856325
0.07730786721236926 0.49015286037162736
0.08185538881309687 0.48988271577398135
0.08640291041382447 0.48959729623389325
0.09095043201455208 0.4892966286283717
0.09549795361527967 0.4889807412589439
0.10004547521600728 0.48864966384722097
0.10459299681673488 0.4883034275302327
0.10914051841746249 0.4879420648555498
0.11368804001819009 0.4875656097761847
0.1182355616189177 0.48717409764527114
0.1227830832196453 0.48676756521053677
0.1273306048203729 0.48634605060855013
0.1318781264211005 0.48590959335875816
0.1364256480218281 0.48545823435731605
0.1409731696225557 0.48499201587069446
0.14552069122328332 0.4845109815290876
0.15006821282401092 0.484015176319606
0.15461573442473853 0.483504646579268
0.15916325602546613 0.48297943998777765
0.16371077762619374 0.48243960556010873
0.16825829922692134 0.4818851936388777
0.17280582082764895 0.48131625588652266
0.17735334242837655 0.4807328452772773
0.18190086402910416 0.4801350160889539
0.18644838562983174 0.47952282389452694
0.19099590723055934 0.47889632555352374
0.19554342883128695 0.478255579203225
0.20009095043201455 0.4776006442496724
0.20463847203274216 0.4769315813584933
0.20918599363346976 0.47624845244553393
0.21373351523419737 0.47555132066731487
0.21828103683492497 0.4748402504112985
0.22282855843565258 0.4741153072859804
0.22737608003638018 0.4733765581108045
0.2319236016371078 0.47262407090589903
0.2364711232378354 0.47185791488164186
0.241018644838563 0.47107816042805484
0.2455661664392906 0.4702848791040284
0.2501136880400182 0.4694781436263818
0.2546612096407458 0.46865802785875593
0.2592087312414734 0.46782460680034843
0.263756252842201 0.46697795657448776
0.26830377444292863 0.46611815441704907
0.2728512960436562 0.4652452786647189
0.27739881764438384 0.46435940874310605
0.2819463392451114 0.4634606251547035
0.28649386084583905 0.4625490094667032
0.29104138244656663 0.4616246442986686
0.2955889040472942 0.4606876133100618
0.30013642564802184 0.45973800118763747
0.3046839472487494 0.45877589363269405
0.30923146884947705 0.4578013773481966
0.31377899045020463 0.4568145400257668
0.31832651205093226 0.45581547033254477
0.32287403365165984 0.45480425789792384
0.3274215552523875 0.45378099330016736
0.33196907685311505 0.4527457680529004
0.3365165984538427 0.4516986745914882
0.34106412005457026 0.45063980625929845
0.3456116416552979 0.4495692572938538
0.3501591632560255 0.4484871228128737
0.3547066848567531 0.44739349880021456
0.3592542064574807 0.44628848209170147
0.3638017280582083 0.44517217036086654
0.3683492496589359 0.4440446621045856
0.3728967712596635 0.4429060566286243
0.3774442928603911 0.44175645403309066
0.3819918144611187 0.44059595519780287
0.3865393360618463 0.43942466176756806
0.3910868576625739 0.4382426761373835
0.3956343792633015 0.4370501014375563
0.4001819008640291 0.43584704151874765
0.40472942246475674 0.4346336009369442
0.4092769440654843 0.43340988493836063
0.41382446566621195 0.43217599944427426
0.4183719872669395 0.43093205103579535
0.42291950886766716 0.42967814693858103
0.42746703046839474 0.42841439500748285
0.43201455206912237 0.42714090371115093
0.43656207366984995 0.42585778211657777
0.4411095952705775 0.424565139873597
0.44565711687130516 0.4232630871993378
0.45020463847203274 0.4219517348626352
0.45475216007276037 0.4206311941684009
0.45929968167348795 0.4193015769419616
0.4638472032742156 0.417962995513358
0.46839472487494316 0.41661556270162065
0.4729422464756708 0.4152593917990134
0.47748976807639837 0.41389459655525607
0.482037289677126 0.4125212911617255
0.4865848112778536 0.4111395902356381
0.4911323328785812 0.4097496088042187
0.4956798544793088 0.4083514622888576
0.5002273760800364 0.4069452664892576
0.504774897680764 0.40553113756757725
0.5093224192814916 0.4041091920325705
0.5138699408822192 0.4026795467237272
0.5184174624829468 0.40124231879541505
0.5229649840836744 0.39979762570103217
0.527512505684402 0.3983455851771633
0.5320600272851296 0.3968863152277538
0.5366075488858573 0.3954199341082939
0.5411550704865848 0.39394656031002573
0.5457025920873124 0.39246631254416736
0.55025011368804 0.39097930972616324
0.5547976352887677 0.38948567095996073
0.5593451568894953 0.38798551552231725
0.5638926784902228 0.3864789628471369
0.5684402000909504 0.3849661325098466
0.5729877216916781 0.3834471442118079
0.5775352432924057 0.3819221177647701
0.5820827648931333 0.3803911730753672
0.5866302864938608 0.37885443012966147
0.5911778080945884 0.377312008977737
0.5957253296953161 0.37576402971834433
0.6002728512960437 0.374210612483598
0.6048203728967713 0.37265187742373573
0.6093678944974988 0.3710879446919336
0.6139154160982265 0.3695189344291852
0.6184629376989541 0.36794496674924615
0.6230104592996817 0.36636616172364606
0.6275579809004093 0.3647826393667708
0.632105502501137 0.3631945196210178
0.6366530241018645 0.3616019223420247
0.6412005457025921 0.3600049672839791
0.6457480673033197 0.35840377408500584
0.6502955889040474 0.35679846225263717
0.654843110504775 0.3551891511493698
0.6593906321055025 0.3535759599783052
0.6639381537062301 0.351959007768884
0.6684856753069577 0.3503384133627097
0.6730331969076854 0.3487142953994664
0.677580718508413 0.3470867723029343
0.6821282401091405 0.345455962267102
0.6866757617098681 0.343821983242382
0.6912232833105958 0.3421849529219253
0.6957708049113234 0.3405449887280451
0.700318326512051 0.33890220779874397
0.7048658481127785 0.3372567269743529
0.7094133697135062 0.33560866278427914
0.7139608913142338 0.3339581314338677
0.7185084129149614 0.33230524879137924
0.723055934515689 0.33065013037508206
0.7276034561164166 0.32899289134046583
0.7321509777171442 0.32733364646757135
0.7366984993178718 0.32567251014845006
0.7412460209185994 0.32400959637473714
0.745793542519327 0.3223450187253618
0.7503410641200546 0.32067889035437586
0.7548885857207822 0.3190113239789157
0.7594361073215098 0.31734243186729405
0.7639836289222374 0.315672325827225
0.7685311505229651 0.3140011171941804
0.7730786721236926 0.3123289168198845
0.7776261937244202 0.31065583506094246
0.7821737153251478 0.3089819817676089
0.7867212369258755 0.30730746627269606
0.791268758526603 0.305632397380621
0.7958162801273306 0.30395688335659765
0.8003638017280582 0.30228103191596895
0.8049113233287858 0.3006049502136875
0.8094588449295135 0.2989287448339391
0.814006366530241 0.2972525217799151
0.8185538881309686 0.2955763864637312
0.8231014097316962 0.2939004436964964
0.8276489313324239 0.2922247976785333
0.8321964529331515 0.290549551989748
0.836743974533879 0.288874809580152
0.8412914961346066 0.2872006727605388
0.8458390177353343 0.28552724319331335
0.8503865393360619 0.2838546218834761
0.8549340609367895 0.28218290916976446
0.859481582537517 0.28051220471594823
0.8640291041382447 0.2788426075022831
0.8685766257389723 0.27717421581712387
0.8731241473396999 0.2755071272486919
0.8776716689404275 0.27384143867700655
0.882219190541155 0.2721772462659722
0.8867667121418827 0.270514645455628
0.8913142337426103 0.2688537309545565
0.8958617553433379 0.2671945967324555
0.9004092769440655 0.2655373360128677
0.9049567985447932 0.2638820412660782
0.9095043201455207 0.26222880420216776
0.9140518417462483 0.26057771576423283
0.9185993633469759 0.2589288661217675
0.9231468849477036 0.2572823446642068
0.9276944065484312 0.2556382399946358
0.9322419281491587 0.25399663992366006
0.9367894497498863 0.25235763146344126
0.941336971350614 0.25072130082189414
0.9458844929513416 0.24908773339704907
0.9504320145520692 0.2474570137715786
0.9549795361527967 0.24582922570748472
0.9595270577535243 0.2442044521409523
0.964074579354252 0.2425827751773652
0.9686221009549796 0.24096427608648643
0.9731696225557072 0.23934903529779877
0.9777171441564347 0.2377371323960113
0.9822646657571624 0.23612864611672804
0.98681218735789 0.234523654342277
0.9913597089586176 0.2329222340977033
0.9959072305593452 0.23132446154692396
1.0004547521600728 0.22973041198904284
1.0050022737608004 0.22814015985482725
1.009549795361528 0.22655377870334592
1.0140973169622556 0.2249713412187651
1.0186448385629832 0.22339291920730633
1.0231923601637107 0.22181858359436118
1.0277398817644383 0.22024840442176616
1.0322874033651661 0.21868245084523424
1.0368349249658937 0.21712079113194505
1.0413824465666213 0.215563492658289
1.0459299681673488 0.21401062190777123
1.0504774897680764 0.21246224446906614
1.055025011368804 0.2109184250342299
1.0595725329695316 0.20937922739706505
1.0641200545702592 0.2078447144516386
1.068667576170987 0.20631494819095048
1.0732150977717145 0.20478998970575615
1.077762619372442 0.20326989918353586
1.0823101409731697 0.20175473590761595
1.0868576625738973 0.20024455825643814
1.0914051841746248 0.19873942370297454
1.0959527057753524 0.1972393888142912
1.10050022737608 0.19574450925125583
1.1050477489768076 0.1942548397683908
1.1095952705775354 0.19277043421386797
1.114142792178263 0.19129134552964802
1.1186903137789905 0.18981762575175887
1.123237835379718 0.18834932601071527
1.1277853569804457 0.1868864965320761
1.1323328785811733 0.18542918663714156
1.1368804001819008 0.18397744474378394
1.1414279217826284 0.18253131836741618
1.1459754433833562 0.18109085412209278
1.1505229649840838 0.1796560977217447
1.1550704865848114 0.17822709398154418
1.159618008185539 0.17680388681940204
1.1641655297862665 0.17538651925759152
1.168713051386994 0.1739750334245014
1.1732605729877217 0.1725694705565141
1.1778080945884493 0.17116987100000955
1.1823556161891768 0.1697762742134925
1.1869031377899046 0.16838871876984038
1.1914506593906322 0.16700724235867487
1.1959981809913598 0.16563188178884866
1.2005457025920874 0.1642626729910538
1.205093224192815 0.16289965102054355
1.2096407457935425 0.16154285005997152
1.21418826739427 0.16019230342234164
1.2187357889949977 0.15884804355407176
1.2232833105957255 0.15751010203816745
1.227830832196453 0.1561785095975039
1.2323783537971806 0.15485329609821546
1.2369258753979082 0.15353449055319163
1.2414733969986358 0.15222212112567585
1.2460209185993634 0.15091621513296846
1.250568440200091 0.14961679905022993
1.2551159618008185 0.148323898514383
1.259663483401546 0.14703753832811475
1.264211005002274 0.14575774246397244
1.2687585266030015 0.14448453406855644
1.273306048203729 0.14321793546680425
1.2778535698044566 0.14195796816636744
1.2824010914051842 0.1407046528620777
1.2869486130059118 0.13945800944050182
1.2914961346066394 0.13821805698458195
1.296043656207367 0.1369848137783627
1.3005911778080947 0.13575829731180003
1.3051386994088223 0.1345385242856524
1.30968622100955 0.13332551061645198
1.3142337426102775 0.1321192714415544
1.318781264211005 0.13091982112426462
1.3233287858117326 0.12972717325903843
1.3278763074124602 0.12854134067675735
1.3324238290131878 0.1273623354500749
1.3369713506139154 0.1261901688988333
1.3415188722146432 0.12502485159554855
1.3460663938153707 0.12386639337096204
1.3506139154160983 0.12271480331965759
1.355161437016826 0.12157008980574177
1.3597089586175535 0.12043226046858596
1.364256480218281 0.11930132222862913
1.3688040018190086 0.11817728129323815
1.3733515234197362 0.11706014316262538
1.377899045020464 0.11594991263582197
1.3824465666211916 0.11484659381670397
1.3869940882219192 0.11375019012007073
1.3915416098226467 0.11266070427777336
1.3960891314233743 0.1115781383448921
1.400636653024102 0.11050249370596041
1.4051841746248295 0.10943377108123485
1.409731696225557 0.10837197053300839
1.4142792178262846 0.10731709147196598
1.4188267394270124 0.10626913266358058
1.42337426102774 0.10522809223454888
1.4279217826284676 0.10419396767926298
1.4324693042291952 0.10316675586631949
1.4370168258299227 0.10214645304506165
1.4415643474306503 0.10113305485215467
1.446111869031378 0.10012655631819187
1.4506593906321055 0.09912695187433085
1.4552069122328333 0.09813423535895734
1.4597544338335608 0.09714840002437536
1.4643019554342884 0.09616943854352233
1.468849477035016 0.09519734301670854
1.4733969986357436 0.09423210497837692
1.4779445202364712 0.0932737154038849
1.4824920418371987 0.09232216471630438
1.4870395634379263 0.09137744279323871
1.491587085038654 0.09043953897365717
1.4961346066393817 0.0895084420647426
1.5006821282401093 0.08858414034875328
1.5052296498408368 0.0876666215898952
1.5097771714415644 0.08675587304120631
1.514324693042292 0.08585188145144826
1.5188722146430196 0.08495463307200644
1.5234197362437472 0.08406411366379597
1.5279672578444747 0.08318030850417225
1.5325147794452023 0.0823032023938455
1.5370623010459301 0.08143277966379658
1.5416098226466577 0.08056902418219461
1.5461573442473853 0.0797119193613128
1.5507048658481128 0.07886144816444379
1.5552523874488404 0.07801759311281085
1.559799909049568 0.07718033629247512
1.5643474306502956 0.07634965936123755
1.5688949522510232 0.075525543555533
1.573442473851751 0.0747079696973174
1.5779899954524785 0.07389691820094499
1.582537517053206 0.07309236908003482
1.5870850386539337 0.07229430195432655
1.5916325602546613 0.07150269605652211
1.5961800818553888 0.07071753023911467
1.6007276034561164 0.06993878298120158
1.605275125056844 0.06916643239528167
1.6098226466575716 0.06840045623403469
1.6143701682582994 0.06764083189708303
1.618917689859027 0.06688753643773328
1.6234652114597545 0.0661405465696978
1.628012733060482 0.06539983867379433
1.6325602546612097 0.06466538880462333
1.6371077762619373 0.06393717269722164
1.6416552978626648 0.06321516577369136
1.6462028194633924 0.06249934314980378
1.6507503410641202 0.06178967964157593
1.6552978626648478 0.06108614977182062
1.6598453842655754 0.06038872777666757
1.664392905866303 0.059697387612055244
1.6689404274670305 0.05901210296019312
1.673487949067758 0.05833284723599223
1.6780354706684857 0.05765959359346442
1.6825829922692133 0.05699231493208856
1.6871305138699408 0.05633098390314332
1.6916780354706686 0.05567557291600564
1.6962255570713962 0.05502605414441442
1.7007730786721238 0.05438239953269751
1.7053206002728514 0.053744580801962955
1.709868121873579 0.053112569456252416
1.7144156434743065 0.052486336788656544
1.718963165075034 0.051865853887391435
1.7235106866757617 0.05125109164183631
1.7280582082764895 0.050642020748530026
1.732605729877217 0.050038611717127486
1.7371532514779446 0.04944083487631449
1.7417007730786722 0.04884866037968035
1.7462482946793998 0.04826205821154819
1.7507958162801274 0.04768099819276145
1.755343337880855 0.04710544998642728
1.7598908594815825 0.04653538310361519
1.76443838108231 0.04597076690901064
1.768985902683038 0.045411570626523644
1.7735334242837655 0.04485776334485102
1.778080945884493 0.04430931402299267
1.7826284674852206 0.04376619149572059
1.7871759890859482 0.04322836447900074
1.7917235106866758 0.04269580157536716
1.7962710322874034 0.04216847127924788
1.800818553888131 0.04164634198224193
1.8053660754888587 0.04112938197834785
1.8099135970895863 0.04061755946914256
1.814461118690314 0.040110842568910385
1.8190086402910415 0.0396091993097222
1.823556161891769 0.039112597646463916
1.8281036834924966 0.038621005461814684
1.8326512050932242 0.03813439057117351
1.8371987266939518 0.037652720727535005
1.8417462482946794 0.037175963626313285
1.8462937698954072 0.03670408691011405
1.8508412914961347 0.03623705817345479
1.8553888130968623 0.03577484496743245
1.85993633469759 0.03531741480433857
1.8644838562983175 0.0348647351622219
1.869031377899045 0.034416773489398
1.8735788994997726 0.03397349720890554
1.8781264211005002 0.03353487372290989
1.882673942701228 0.03310087041705277
1.8872214643019556 0.032671454664748835
1.8917689859026832 0.03224659383142821
1.8963165075034107 0.0318262552787258
1.9008640291041383 0.03141040636861631
1.905411550704866 0.03099901446749573
1.9099590723055935 0.030592046950208642
1.914506593906321 0.030189471204021608
1.9190541155070486 0.02979125463254258
1.9236016371077764 0.02939736465958593
1.928149158708504 0.02900776873298401
1.9326966803092316 0.02862243432834386
1.9372442019099592 0.028241328952750448
1.9417917235106867 0.027864420148415545
1.9463392451114143 0.027491675496272593
1.950886766712142 0.02712306261951779
1.9554342883128695 0.026758549187097042
1.9599818099135973 0.026398102917139028
1.9645293315143249 0.02604169158033484
1.9690768531150524 0.025689283003263452
1.97362437471578 0.025340845071663835
1.9781718963165076 0.024996345733653755
1.9827194179172352 0.024655753002894795
1.9872669395179627 0.024319034961704584
1.9918144611186903 0.0239861597641156
1.996361982719418 0.023657095638881125
2.0009095043201457 0.02333181089242859
2.0054570259208733 0.023010273911760006
2.010004547521601 0.022692453167300168
2.0145520691223284 0.02237831721569249
2.019099590723056 0.02206783470254288
2.0236471123237836 0.021760974365111704
2.028194633924511 0.02145770503495398
2.0327421555252387 0.02115799564050849
2.0372896771259663 0.020861815209635343
2.041837198726694 0.020569132872102755
2.0463847203274215 0.020279917862023083
2.050932241928149 0.019994139520238475
2.0554797635288766 0.019711767296656135
2.0600272851296046 0.019432770752533902
2.0645748067303322 0.01915711956271601
2.06912232833106 0.018884783517819474
2.0736698499317874 0.01861573252637141
2.078217371532515 0.018349936616897725
2.0827648931332425 0.01808736593996301
2.08731241473397 0.01782799077016252
2.0918599363346977 0.017571781508066174
2.0964074579354253 0.01731870868211499
2.100954979536153 0.017068742950470405
2.1055025011368804 0.01682185510281649
2.110050022737608 0.01657801606211594
2.1145975443383356 0.0163371968863195
2.119145065939063 0.016099368770029848
2.1236925875397907 0.015864503046119714
2.1282401091405183 0.015632571187304992
2.132787630741246 0.015403544807673033
2.137335152341974 0.015177395664166466
2.1418826739427015 0.014954095658023085
2.146430195543429 0.014733616836171925
2.1509777171441566 0.014515931392586048
2.155525238744884 0.014301011669592599
2.160072760345612 0.014088830159140078
2.1646202819463394 0.013879359504023636
2.169167803547067 0.013672572499068595
2.1737153251477945 0.013468442092272654
2.178262846748522 0.013266941385907031
2.1828103683492497 0.013068043637577173
2.1873578899499773 0.01287172226124338
2.191905411550705 0.012677950828201496
2.1964529331514324 0.012486703068024511
2.20100045475216 0.012297952869465138
2.2055479763528876 0.0121116742813199
2.210095497953615 0.011927841513255252
2.214643019554343 0.011746428936595896
2.2191905411550708 0.011567411085076116
2.2237380627557983 0.011390762655553971
2.228285584356526 0.01121645850868945
2.2328331059572535 0.011044473669586512
2.237380627557981 0.010874783328399577
2.2419281491587086 0.010707362840905073
2.246475670759436 0.01054218772903815
2.251023192360164 0.01037923368139533
2.2555707139608914 0.010218476553703264
2.260118235561619 0.010059892369254161
2.2646657571623465 0.009903457319308261
2.269213278763074 0.009749147763463896
2.2737608003638017 0.009596940229995405
2.2783083219645293 0.009446811416159486
2.282855843565257 0.00929873818847031
2.2874033651659844 0.00915269758294398
2.2919508867667124 0.009008666805312515
2.29649840836744 0.00886662323120819
2.3010459299681676 0.008726544406318124
2.305593451568895 0.008588408046510164
2.3101409731696227 0.00845219203792996
2.3146884947703503 0.00831787443707005
2.319236016371078 0.008185433470811115
2.3237835379718055 0.00805484753643604
2.328331059572533 0.007926095201617122
2.3328785811732606 0.0077991552043767615
2.337426102773988 0.0076740064530223095
2.341973624374716 0.007550628026055215
2.3465211459754434 0.007428999172055143
2.351068667576171 0.0073090993095393225
2.3556161891768985 0.007190908026797616
2.360163710777626 0.007074405081703732
2.3647112323783537 0.006959570401503002
2.3692587539790817 0.006846384082577081
2.3738062755798093 0.00673482639018616
2.378353797180537 0.00662487775818881
2.3829013187812644 0.0065165187887401875
2.387448840381992 0.006409730251968822
2.3919963619827196 0.0063044930856324425
2.396543883583447 0.006200788394753254
2.4010914051841747 0.0060985974512330595
2.4056389267849023 0.005997901693448679
2.41018644838563 0.005898682725827957
2.4147339699863575 0.00580092231840689
2.419281491587085 0.005704602406368163
2.4238290131878126 0.00560970508956157
2.42837653478854 0.005516212632006598
2.432924056389268 0.0054241074613777425
2.4374715779899954 0.005333372168472719
2.442019099590723 0.005243989506664146
2.446566621191451 0.005155942391334958
2.4511141427921785 0.0050692138992980106
2.455661664392906 0.004983787268200139
2.4602091859936337 0.004899645895911181
2.4647567075943613 0.004816773339898227
2.469304229195089 0.004735153316585507
2.4738517507958164 0.004654769700700271
2.478399272396544 0.004575606524605021
2.4829467939972716 0.004497647977616473
2.487494315597999 0.004420878405311486
2.4920418371987267 0.004345282308820571
2.4965893587994543 0.0042708443441089785
2.501136880400182 0.0041975493212460125
2.5056844020009095 0.004125382203662728
2.510231923601637 0.004054328107398433
2.5147794452023646 0.00398437230033628
2.519326966803092 0.003915500201428333
2.5238744884038202 0.0038476973799103525
2.528422010004548 0.0037809495545067604
2.5329695316052754 0.003715242592625919
2.537517053206003 0.0036505625095462108
2.5420645748067305 0.0035868954675931314
2.546612096407458 0.003524227775307767
2.5511596180081857 0.0034625458866068735
2.5557071396089133 0.0034018363999349997
2.560254661209641 0.0033420860574087875
2.5648021828103684 0.003283281743953908
2.569349704411096 0.0032254104864347876
2.5738972260118236 0.003168459452777515
2.578444747612551 0.0031124159510861373
2.5829922692132787 0.0030572674287526955
2.5875397908140063 0.003003001471561219
2.592087312414734 0.0029496058027859828
2.5966348340154615 0.002897068282284309
2.6011823556161895 0.0028453769055841248
2.605729877216917 0.002794519802966651
2.6102773988176446 0.0027444852385443046
2.6148249204183722 0.002695261609334279
2.6193724420191 0.0026468374443278896
2.6239199636198274 0.0025992014035560187
2.628467485220555 0.0025523422771508734
2.6330150068212825 0.0025062489844043185
2.63756252842201 0.002460910572822997
2.6421100500227377 0.002416316217180498
2.6466575716234653 0.0023724552185667895
2.651205093224193 0.0023293170034351463
2.6557526148249204 0.0022868911226467904
2.660300136425648 0.0022451672505134864
2.6648476580263756 0.002204135183838273
2.669395179627103 0.002163784840954586
2.6739427012278307 0.0021241062607639336
2.6784902228285588 0.0020850896017723837
2.6830377444292863 0.0020467251411260302
2.687585266030014 0.0020090032736456297
2.6921327876307415 0.0019719145108606432
2.696680309231469 0.0019354494800428463
2.7012278308321966 0.0018995989232397004
2.705775352432924 0.001864353696307664
2.710322874033652 0.0018297047679456688
2.7148703956343794 0.001795643218728859
2.719417917235107 0.0017621602401428488
2.7239654388358345 0.001729247133618633
2.728512960436562 0.0016968953095683012
2.7330604820372897 0.0016650962864217687
2.7376080036380173 0.0016338416896646516
2.742155525238745 0.001603123250877439
2.7467030468394724 0.0015729328067761496
2.7512505684402 0.0015432622982546012
2.755798090040928 0.0015141037694284356
2.7603456116416556 0.0014854493666810824
2.764893133242383 0.001457291337711749
2.7694406548431107 0.001429622030585618
2.7739881764438383 0.0014024338927863852
2.778535698044566 0.0013757194702712463
2.7830832196452935 0.0013494714065284904
2.787630741246021 0.0013236824416378006
2.7921782628467486 0.00129834541133342
2.796725784447476 0.001273453246070263
2.801273306048204 0.0012489989700931244
2.8058208276489314 0.0012249757005090922
2.810368349249659 0.001201376646363256
2.8149158708503865 0.0011781951077178565
2.819463392451114 0.0011554244747349449
2.8240109140518417 0.0011330582267626921
2.8285584356525693 0.0011110899314254177
2.8331059572532973 0.0010895132437174484
2.837653478854025 0.0010683219051009273
2.8422010004547524 0.0010475097426076029
2.84674852205548 0.001027070667944761
2.8512960436562076 0.0010069986766053378
2.855843565256935 0.0009872878469823173
2.8603910868576627 0.0009679323394874957
2.8649386084583903 0.000948926395674685
2.869486130059118 0.0009302643373674369
2.8740336516598455 0.0009119405657913663
2.878581173260573 0.0008939495607111364
2.8831286948613006 0.0008762858795721885
2.887676216462028 0.0008589441566472675
2.892223738062756 0.0008419191021878224
2.8967712596634834 0.0008252055015803371
2.901318781264211 0.0008087982145076527
2.9058663028649385 0.0007926921741153389
2.9104138244656665 0.0007768823861831766
2.914961346066394 0.0007613639283017967
2.9195088676671217 0.0007461319490545208
2.9240563892678493 0.0007311816672044825
2.928603910868577 0.0007165083708870329
2.9331514324693044 0.0007021074168075138
2.937698954070032 0.0006879742294444199
2.9422464756707596 0.0006741043002579954
2.946793997271487 0.000660493186904306
2.9513415188722147 0.0006471365124548275
2.9558890404729423 0.000634029964621569
2.96043656207367 0.0006211692949877874
2.9649840836743975 0.0006085503182443044
2.969531605275125 0.000596168911431466
2.9740791268758526 0.0005840210131867695
2.97862664847658 0.0005721026229981797
2.983174170077308 0.0005604098004631663
2.9877216916780354 0.0005489386645534757
2.9922692132787634 0.0005376853928856639
2.996816734879491 0.0005266462209974109
3.0013642564802185 0.0005158174416296208
3.005911778080946 0.0005051954040143367
3.0104592996816737 0.0004947765131684868
3.0150068212824013 0.00048455722919345663
3.019554342883129 0.00047453406658051506
3.0241018644838564 0.00046470359352209417
3.028649386084584 0.00045506243122893673
3.0331969076853116 0.00044560725325311096
3.037744429286039 0.0004363347848169052
3.0422919508867667 0.00042724180214760097
3.0468394724874943 0.0004183251318181258
3.051386994088222 0.00040958165009359355
3.0559345156889495 0.0004010082822837214
3.060482037289677 0.0003926020021011333
3.0650295588904046 0.000384359831025539
3.0695770804911326 0.00037627883767378555
3.0741246020918602 0.00036835613717578155
3.078672123692588 0.0003605888905562766
3.0832196452933154 0.0003529743041225036
3.087767166894043 0.0003455096288576589
3.0923146884947705 0.0003381921598202253
3.096862210095498 0.00033101923554911336
3.1014097316962257 0.0003239882374746213
3.1059572532969533 0.00031709658933519165
3.110504774897681 0.00031034175659995473
3.1150522964984084 0.0003037212458970448
3.119599818099136 0.000297232604447669
3.1241473396998636 0.00029087341950591637
3.128694861300591 0.00028464131780428856
3.1332423829013187 0.0002785339650049308
3.1377899045020463 0.00027254906515654744
3.142337426102774 0.00026668436015697976
3.146884947703502 0.000260937629221425
3.1514324693042295 0.0002553066883562775
3.155979990904957 0.000249789389838563
3.1605275125056846 0.00024438362170095166
3.165075034106412 0.0002390873072223177
3.16962255570714 0.00023389840442382767
3.1741700773078674 0.00022881490557052518
3.178717598908595 0.00022383483667839287
3.1832651205093225 0.00021895625702685932
3.18781264211005 0.00021417725867672812
3.1923601637107777 0.00020949596599349805
3.1969076853115053 0.00020491053517604661
3.201455206912233 0.00020041915379065046
3.2060027285129604 0.00019602004031030963
3.210550250113688 0.00019171144365934717
3.2150977717144156 0.00018749164276325495
3.219645293315143 0.0001833589461037521
3.224192814915871 0.00017931169127902638
3.2287403365165988 0.00017534824456912795
3.2332878581173263 0.00017146700050647734
3.237835379718054 0.00016766638145146402
3.2423829013187815 0.0001639448371730931
3.246930422919509 0.0001603008444346552
3.2514779445202366 0.00015673290658437853
3.256025466120964 0.00015323955315103407
3.260572987721692 0.00014981933944445611
3.2651205093224194 0.0001464708461609456
3.269668030923147 0.00014319267899352053
3.2742155525238745 0.00013998346824697761
3.278763074124602 0.0001368418684577289
3.2833105957253297 0.000133766558018381
3.2878581173260573 0.0001307562388070155
3.292405638926785 0.00012780963582113955
3.2969531605275124 0.0001249254968162661
3.3015006821282404 0.00012210259194908937
3.306048203728968 0.00011933971342521909
3.3105957253296956 0.00011663567515143283
3.315143246930423 0.00011398931239241471
3.3196907685311507 0.00011139948143193857
3.3242382901318783 0.00010886505923846123
3.328785811732606 0.00010638494313508551
3.3333333333333335 0.00010395805047385904
3.337880854934061 0.00010158331831436656
3.3424283765347886 9.925970310658228e-05
3.346975898135516 9.698618037794145e-05
3.351523419736244 9.476174442459457e-05
3.3560709413369714 9.258540800680618e-05
3.360618462937699 9.045620204845905e-05
3.3651659845384265 8.837317534062815e-05
3.369713506139154 8.633539424918335e-05
3.3742610277398817 8.434194242638533e-05
3.3788085493406097 8.239192052643518e-05
3.3833560709413373 8.048444592494076e-05
3.387903592542065 7.861865244225964e-05
3.3924511141427924 7.679369007068409e-05
3.39699863574352 7.500872470542723e-05
3.4015461573442476 7.32629378793733e-05
3.406093678944975 7.155552650155519e-05
3.4106412005457027 6.988570259932036e-05
3.4151887221464303 6.825269306414749e-05
3.419736243747158 6.665573940107706e-05
3.4242837653478855 6.509409748171795e-05
3.428831286948613 6.356703730079185e-05
3.4333788085493406 6.20738427361797e-05
3.437926330150068 6.061381131243192e-05
3.442473851750796 5.9186253967705134e-05
3.4470213733515234 5.779049482408946e-05
3.451568894952251 5.642587096128878e-05
3.456116416552979 5.5091732193616974e-05
3.4606639381537065 5.3787440850275134e-05
3.465211459754434 5.251237155887093e-05
3.4697589813551617 5.126591103214615e-05
3.4743065029558893 5.0047457857875295e-05
3.478854024556617 4.885642229189885e-05
3.4834015461573444 4.769222605425673e-05
3.487949067758072 4.6554302128385124e-05
3.4924965893587996 4.544209456334198e-05
3.497044110959527 4.4355058279025646e-05
3.5015916325602547 4.329265887435173e-05
3.5061391541609823 4.2254372438353675e-05
3.51068667576171 4.123968536417145e-05
3.5152341973624375 4.024809416589487e-05
3.519781718963165 3.9279105298227e-05
3.5243292405638926 3.833223497893339e-05
3.52887676216462 3.740700901404351e-05
3.5334242837653482 3.650296262577062e-05
3.537971805366076 3.561964028311746e-05
3.5425193269668034 3.475659553513257e-05
3.547066848567531 3.3913390846787164e-05
3.5516143701682585 3.30895974374372e-05
3.556161891768986 3.228479512183997e-05
3.5607094133697137 3.149857215369166e-05
3.5652569349704413 3.0730525071654984e-05
3.569804456571169 2.9980258547844126e-05
3.5743519781718964 2.9247385238735985e-05
3.578899499772624 2.8531525638476395e-05
3.5834470213733516 2.7832307934550004e-05
3.587994542974079 2.714936786578304e-05
3.5925420645748067 2.6482348582648574e-05
3.5970895861755343 2.583090050984393e-05
3.601637107776262 2.519468121110957e-05
3.6061846293769895 2.45733552562607e-05
3.6107321509777175 2.396659409040097e-05
3.615279672578445 2.3374075905289734e-05
3.6198271941791726 2.2795485512832765e-05
3.6243747157799002 2.223051422066912e-05
3.628922237380628 2.1678859709824135e-05
3.6334697589813554 2.1140225914401096e-05
3.638017280582083 2.0614322903283077e-05
3.6425648021828105 2.0100866763817615e-05
3.647112323783538 1.9599579487456128e-05
3.6516598453842657 1.9110188857321266e-05
3.6562073669849933 1.863242833767496e-05
3.660754888585721 1.8166036965260383e-05
3.6653024101864484 1.7710759242491412e-05
3.669849931787176 1.726634503246329e-05
3.6743974533879036 1.6832549455758657e-05
3.678944974988631 1.64091327890229e-05
3.6834924965893587 1.5995860365283688e-05
3.6880400181900868 1.5592502475989354e-05
3.6925875397908143 1.5198834274741314e-05
3.697135061391542 1.4814635682695333e-05
3.7016825829922695 1.4439691295607982e-05
3.706230104592997 1.407379029250361e-05
3.7107776261937246 1.3716726345938015e-05
3.715325147794452 1.336829753383514e-05
3.71987266939518 1.302830625287352e-05
3.7244201909959074 1.2696559133399238e-05
3.728967712596635 1.2372866955842513e-05
3.7335152341973625 1.2057044568615337e-05
3.73806275579809 1.1748910807467643e-05
3.7426102773988177 1.1448288416280118e-05
3.7471577989995453 1.1155003969271556e-05
3.751705320600273 1.0868887794599205e-05
3.7562528422010004 1.0589773899330833e-05
3.760800363801728 1.0317499895767208e-05
3.765347885402456 1.0051906929094213e-05
3.7698954070031836 9.792839606344087e-06
3.774442928603911 9.540145926645003e-06
3.7789904502046388 9.29367721273937e-06
3.7835379718053663 9.053288043750555e-06
3.788085493406094 8.818836189178533e-06
3.7926330150068215 8.590182544105006e-06
3.797180536607549 8.367191065588838e-06
3.8017280582082766 8.14972871023283e-06
3.806275579809004 7.93766537290312e-06
3.810823101409732 7.730873826582762e-06
3.8153706230104594 7.52922966334124e-06
3.819918144611187 7.332611236401905e-06
3.8244656662119145 7.140899603289479e-06
3.829013187812642 6.953978470040232e-06
3.8335607094133697 6.771734136457356e-06
3.8381082310140973 6.594055442394481e-06
3.8426557526148253 6.420833715050523e-06
3.847203274215553 6.251962717259132e-06
3.8517507958162804 6.0873385967562445e-06
3.856298317417008 5.926859836409718e-06
3.8608458390177356 5.770427205394872e-06
3.865393360618463 5.6179437113002045e-06
3.8699408822191907 5.4693145531477345e-06
3.8744884038199183 5.32444707531257e-06
3.879035925420646 5.183250722326594e-06
3.8835834470213735 5.045636994551273e-06
3.888130968622101 4.911519404704888e-06
3.8926784902228286 4.780813435229656e-06
3.897226011823556 4.6534364964843966e-06
3.901773533424284 4.529307885748608e-06
3.9063210550250114 4.408348747024025e-06
3.910868576625739 4.290482031619973e-06
3.9154160982264665 4.1756324595088775e-06
3.9199636198271945 4.0637264814386965e-06
3.924511141427922 3.954692241789094e-06
3.9290586630286497 3.8484595421582415e-06
3.9336061846293773 3.7449598056677634e-06
3.938153706230105 3.6441260419729697e-06
3.9427012278308324 3.5458928129661063e-06
3.94724874943156 3.4501961991603695e-06
3.9517962710322876 3.3569737667426325e-06
3.956343792633015 3.2661645352830254e-06
3.9608913142337427 3.177708946089716e-06
3.9654388358344703 3.091548831197293e-06
3.969986357435198 3.007627382977529e-06
3.9745338790359255 2.9258891243612415e-06
3.979081400636653 2.8462798796603407e-06
3.9836289222373806 2.7687467459791865e-06
3.988176443838108 2.693238065204603e-06
3.992723965438836 2.619703396564041e-06
3.997271487039564 2.5480934897415593e-06
4.001819008640291 2.4783602585414666e-06
4.006366530241019 2.4104567550895208e-06
4.0109140518417465 2.3443371445619206e-06
4.015461573442474 2.279956680432333e-06
4.020009095043202 2.2172716802274014e-06
4.024556616643929 2.1562395017813013e-06
4.029104138244657 2.096818519980154e-06
4.033651659845384 2.038968103987129e-06
4.038199181446112 1.9826485949392894e-06
4.04274670304684 1.92782128410737e-06
4.047294224647567 1.874448391509802e-06
4.051841746248295 1.8224930449724405e-06
4.056389267849022 1.7719192596256052e-06
4.06093678944975 1.7226919178301751e-06
4.0654843110504775 1.6747767495245979e-06
4.070031832651205 1.628140312984828e-06
4.074579354251933 1.5827499759893277e-06
4.07912687585266 1.5385738973814137e-06
4.083674397453388 1.4955810090213122e-06
4.088221919054115 1.4537409981204983e-06
4.092769440654843 1.413024289950898e-06
4.0973169622555705 1.3734020309217986e-06
4.101864483856298 1.334846072017301e-06
4.106412005457026 1.2973289525873623e-06
4.110959527057753 1.2608238844855429e-06
4.115507048658482 1.2253047365467032e-06
4.120054570259209 1.1907460193980668e-06
4.124602091859937 1.1571228705969957e-06
4.1291496134606644 1.1244110400892396e-06
4.133697135061392 1.0925868759812242e-06
4.13824465666212 1.0616273106202548e-06
4.142792178262847 1.0315098469765165e-06
4.147339699863575 1.002212545320922e-06
4.151887221464302 9.73714010192906e-07
4.15643474306503 9.459933776524228e-07
4.1609822646657575 9.19030302810447e-07
4.165529786266485 8.928049476324353e-07
4.170077307867213 8.67297969009261e-07
4.17462482946794 8.42490507090255e-07
4.179172351068668 8.183641738730713e-07
4.183719872669395 7.94901042045198e-07
4.188267394270123 7.720836340720073e-07
4.1928149158708505 7.498949115263719e-07
4.197362437471578 7.28318264654909e-07
4.201909959072306 7.073375021760487e-07
4.206457480673033 6.869368413051861e-07
4.211005002273761 6.671008980022742e-07
4.215552523874488 6.478146774372842e-07
4.220100045475216 6.290635646690708e-07
4.224647567075944 6.10833315533224e-07
4.229195088676671 5.931100477346119e-07
4.233742610277399 5.758802321403606e-07
4.238290131878126 5.591306842691234e-07
4.242837653478854 5.428485559725538e-07
4.2473851750795815 5.270213273049765e-07
4.251932696680309 5.116367985773296e-07
4.256480218281037 4.966830825915157e-07
4.261027739881764 4.821485970513842e-07
4.265575261482492 4.680220571466257e-07
4.27012278308322 4.542924683059355e-07
4.274670304683948 4.409491191158908e-07
4.279217826284675 4.2798157440198986e-07
4.283765347885403 4.153796684684769e-07
4.2883128694861306 4.031334984935274e-07
4.292860391086858 3.9123341807651307e-07
4.297407912687586 3.79670030934092e-07
4.301955434288313 3.6843418474194735e-07
4.306502955889041 3.575169651190472e-07
4.311050477489768 3.469096897513759e-07
4.315597999090496 3.366039026521273e-07
4.320145520691224 3.2659136855542603e-07
4.324693042291951 3.1686406744069073e-07
4.329240563892679 3.074141891848125e-07
4.333788085493406 2.9823412833937956e-07
4.338335607094134 2.8931647903023107e-07
4.3428831286948615 2.806540299766803e-07
4.347430650295589 2.7223975962779724e-07
4.351978171896317 2.640668314131964e-07
4.356525693497044 2.5612858910582456e-07
4.361073215097772 2.4841855229429354e-07
4.365620736698499 2.40930411962356e-07
4.370168258299227 2.3365802617316705e-07
4.3747157798999545 2.2659541585602584e-07
4.379263301500682 2.1973676069333597e-07
4.38381082310141 2.1307639510557037e-07
4.388358344702137 2.0660880433207638e-07
4.392905866302865 2.0032862060559326e-07
4.397453387903592 1.9423061941840496e-07
4.40200090950432 1.883097158780933e-07
4.406548431105048 1.8256096115089607e-07
4.411095952705775 1.769795389907192e-07
4.415643474306503 1.7156076235189208e-07
4.42019099590723 1.6630007008379571e-07
4.424738517507959 1.611930237055303e-07
4.429286039108686 1.5623530425883597e-07
4.433833560709414 1.5142270923749805e-07
4.4383810823101415 1.4675114959153806e-07
4.442928603910869 1.4221664680449333e-07
4.447476125511597 1.3781533004214873e-07
4.452023647112324 1.3354343337110644e-07
4.456571168713052 1.2939729304561652e-07
4.461118690313779 1.253733448611299e-07
4.465666211914507 1.2146812157305816e-07
4.4702137335152345 1.1767825037926616e-07
4.474761255115962 1.1400045046484822e-07
4.47930877671669 1.1043153060777325e-07
4.483856298317417 1.0696838684401145e-07
4.488403819918145 1.0360800019078639e-07
4.492951341518872 1.0034743442662272e-07
4.4974988631196 9.71838339268893e-08
4.502046384720328 9.41144215535644e-08
4.506593906321055 9.113649659797395e-08
4.511141427921783 8.824743277528277e-08
4.51568894952251 8.544467626954044e-08
4.520236471123238 8.272574382811103e-08
4.5247839927239655 8.008822090433635e-08
4.529331514324693 7.752975984730791e-08
4.533879035925421 7.50480781376445e-08
4.538426557526148 7.264095666819273e-08
4.542974079126876 7.030623806859173e-08
4.547521600727603 6.804182507266025e-08
4.552069122328331 6.584567892758813e-08
4.5566166439290585 6.371581784393061e-08
4.561164165529786 6.165031548542417e-08
4.565711687130514 5.964729949766051e-08
4.570259208731241 5.770495007467349e-08
4.574806730331969 5.582149856251063e-08
4.579354251932697 5.3995226098877895e-08
4.583901773533425 5.2224462287964454e-08
4.5884492951341525 5.0507583909564255e-08
4.59299681673488 4.8843013661637556e-08
4.597544338335608 4.722921893545937e-08
4.602091859936335 4.566471062252421e-08
4.606639381537063 4.414804195238882e-08
4.61118690313779 4.2677807360647704e-08
4.615734424738518 4.125264138625305e-08
4.6202819463392455 3.9871217597402795e-08
4.624829467939973 3.853224754523385e-08
4.629376989540701 3.723447974457336e-08
4.633924511141428 3.597669868101179e-08
4.638472032742156 3.4757723843576775e-08
4.643019554342883 3.3576408782299606e-08
4.647567075943611 3.243164018997891e-08
4.6521145975443385 3.1322337007460453e-08
4.656662119145066 3.0247449551764727e-08
4.661209640745794 2.9205958666407542e-08
4.665757162346521 2.819687489327287e-08
4.670304683947249 2.721923766541006e-08
4.674852205547976 2.627211452014249e-08
4.679399727148704 2.5354600331887595e-08
4.683947248749432 2.4465816564103465e-08
4.688494770350159 2.3604910539790926e-08
4.693042291950887 2.2771054729995123e-08
4.697589813551614 2.1963446059765334e-08
4.702137335152342 2.118130523104712e-08
4.7066848567530695 2.042387606199605e-08
4.711232378353797 1.9690424842218272e-08
4.715779899954525 1.8980239703459104e-08
4.720327421555252 1.8292630005276845e-08
4.72487494315598 1.762692573525588e-08
4.729422464756707 1.69824769233296e-08
4.733969986357435 1.6358653069800726e-08
4.738517507958163 1.5754842586663943e-08
4.743065029558891 1.517045225185358e-08
4.7476125511596186 1.4604906676054407e-08
4.752160072760346 1.4057647781735507e-08
4.756707594361074 1.3528134294080626e-08
4.761255115961801 1.301584124350887e-08
4.765802637562529 1.2520259479496705e-08
4.770350159163256 1.2040895195429958e-08
4.774897680763984 1.1577269464232642e-08
4.779445202364712 1.1128917784536631e-08
4.783992723965439 1.0695389637173807e-08
4.788540245566167 1.0276248051789664e-08
4.793087767166894 9.871069183393668e-09
4.797635288767622 9.479441898678705e-09
4.8021828103683495 9.10096737195749e-09
4.806730331969077 8.735258690579409e-09
4.811277853569805 8.381940469706252e-09
4.815825375170532 8.040648476339224e-09
4.82037289677126 7.711029262503238e-09
4.824920418371987 7.392739807507132e-09
4.829467939972715 7.085447169210043e-09
4.8340154615734425 6.7888281442352015e-09
4.83856298317417 6.502568937081989e-09
4.843110504774898 6.226364838096018e-09
4.847658026375625 5.959919910264474e-09
4.852205547976353 5.702946684810511e-09
4.85675306957708 5.4551658655655595e-09
4.861300591177808 5.216306042102552e-09
4.865848112778536 4.98610341161571e-09
4.870395634379263 4.764301509533814e-09
4.874943155979991 4.5506509488540894e-09
4.879490677580718 4.344909168182579e-09
4.884038199181446 4.1468401884641725e-09
4.8885857207821735 3.95621437838179e-09
4.893133242382902 3.772808228398851e-09
4.8976807639836295 3.5964041334132087e-09
4.902228285584357 3.4267901839821714e-09
4.906775807185085 3.26375996607103e-09
4.911323328785812 3.1071123692662247e-09
4.91587085038654 2.9566514033843923e-09
4.920418371987267 2.8121860233965273e-09
4.924965893587995 2.6735299625740378e-09
4.9295134151887225 2.540501573750203e-09
4.93406093678945 2.4129236785768017e-09
4.938608458390178 2.2906234246412732e-09
4.943155979990905 2.1734321502952008e-09
4.947703501591633 2.061185257030011e-09
4.95225102319236 1.953722089220759e-09
4.956798544793088 1.8508858210440672e-09
4.961346066393816 1.7525233503614317e-09
4.965893587994543 1.658485199344828e-09
4.970441109595271 1.56862542160754e-09
4.974988631195998 1.4828015155898653e-09
4.979536152796726 1.4008743439367217e-09
4.9840836743974535 1.3227080585925085e-09
4.988631195998181 1.2481700313277967e-09
4.993178717598909 1.177130789402799e-09
4.997726239199636 1.109463956064158e-09
5.002273760800364 1.0450461955644254e-09
